jackal.nsf track=2 framerate=60
Square1(77)
time dur note vol
0.000 0.200 D#3 6
0.200 1.000 C3 6
1.200 0.300 D#3 7
1.500 0.300 D3 6
1.800 1.400 C3 6
3.200 0.200 D#3 6
3.400 1.000 C3 6
4.400 0.300 D#3 7
4.700 0.300 D3 6
5.000 1.000 C3 6
6.000 0.100 A#3 6
6.100 0.300 B3 6
6.400 1.600 D#4 5
8.000 1.600 D4 5
9.600 1.600 D#4 5
11.200 1.600 D4 5
12.800 1.600 G#3 5
14.400 0.800 A#3 5
15.200 0.800 F3 5
16.000 0.200 F3 6
16.200 1.000 C3 7
17.200 0.300 F3 5
17.500 0.300 E3 5
17.800 1.000 C3 7
18.800 0.100 A#3 6
18.900 0.300 B3 6
19.200 1.600 D#4 5
20.800 1.600 D4 5
22.400 1.600 D#4 5
24.000 1.600 D4 5
25.600 1.600 G#3 5
27.200 0.800 A#3 5
28.000 0.800 F3 5
28.800 0.200 F3 6
29.000 1.000 C3 7
30.000 0.300 F3 5
30.300 0.300 E3 5
30.600 1.000 C3 7
31.600 0.100 A#3 6
31.700 0.300 B3 6
32.000 0.300 A#3 6
32.300 1.300 A3 6
33.600 1.600 G3 6
35.200 0.300 A#4 6
35.500 1.167 A4 6
36.667 0.133 A#4 8
36.800 0.300 A4 6
37.100 1.300 G4 6
38.400 0.300 A#3 6
38.700 1.300 A3 6
40.000 1.600 G3 6
41.600 0.300 A#4 6
41.900 1.167 A4 6
43.067 0.133 A#4 8
43.200 0.300 A4 6
43.500 0.700 G4 6
44.200 0.083 G3 6
44.283 0.083 G#3 6
44.367 0.067 A3 6
44.433 0.067 A#3 6
44.500 0.050 B3 6
44.550 0.050 C4 6
44.600 0.033 C#4 15
44.633 0.033 D4 15
44.667 0.033 D#4 15
44.700 0.033 E4 15
44.733 0.033 F4 15
44.767 0.033 F#4 15
44.800 BEGIN_CYCLE
44.800 0.417 G4 6
45.233 0.367 G4 1
45.600 0.400 F4 6
46.000 0.417 C4 6
46.433 1.183 C4 1
47.633 0.367 C4 1
48.000 0.400 D4 6
48.400 0.417 C4 6
48.833 0.767 C4 1
49.600 END_CYCLE
Square2(90)
time dur note vol
0.000 0.200 C4 8
0.200 1.000 C2 10
1.200 0.300 C4 7
1.500 0.300 A#3 7
1.800 1.400 C2 10
3.200 0.200 C4 7
3.400 1.000 C2 10
4.400 0.300 C4 7
4.700 0.300 A#3 7
5.000 1.000 C2 10
6.000 0.100 A#2 10
6.100 0.300 B2 10
6.400 1.600 C5 6
8.000 1.600 A#4 6
9.600 1.600 G4 6
11.200 1.600 F4 6
12.800 1.600 D#4 6
14.400 0.800 F4 6
15.200 0.400 D4 6
15.600 0.400 D#4 6
16.000 0.200 D4 7
16.200 1.000 C2 10
17.200 0.300 D4 15
17.500 0.300 C4 7
17.800 1.000 C2 10
18.800 0.100 A#2 10
18.900 0.300 B2 10
19.200 1.600 C5 6
20.800 1.600 A#4 6
22.400 1.600 G4 6
24.000 1.600 F4 6
25.600 1.600 D#4 6
27.200 0.800 F4 6
28.000 0.400 D4 6
28.400 0.400 D#4 6
28.800 0.200 D4 7
29.000 1.000 C2 10
30.000 0.300 D4 15
30.300 0.300 C4 7
30.600 1.000 C2 10
31.600 0.100 A#2 10
31.700 0.300 B2 10
32.000 0.300 D#4 6
32.300 0.900 F4 6
33.200 0.300 D4 8
33.500 0.100 D#4 8
33.600 0.300 D4 6
33.900 1.300 C4 6
35.200 0.300 D#5 6
35.500 0.900 F5 6
36.400 0.267 D5 8
36.667 0.133 D#5 8
36.800 0.300 D5 6
37.100 1.300 C5 6
38.400 0.300 D#4 6
38.700 0.900 F4 6
39.600 0.300 D4 8
39.900 0.100 D#4 8
40.000 0.300 D4 6
40.300 1.300 C4 6
41.600 0.300 D#5 6
41.900 0.900 F5 6
42.800 0.267 D5 8
43.067 0.133 D#5 8
43.200 0.300 D5 6
43.500 0.700 C5 6
44.200 0.083 C4 6
44.283 0.083 C#4 6
44.367 0.067 D4 6
44.433 0.067 D#4 6
44.500 0.050 E4 6
44.550 0.050 F4 6
44.600 0.033 F#4 15
44.633 0.033 G4 15
44.667 0.033 G#4 15
44.700 0.033 A4 15
44.733 0.033 A#4 15
44.767 0.033 B4 15
44.800 BEGIN_CYCLE
44.800 0.417 C5 7
45.233 0.367 C5 1
45.600 0.400 A#4 7
46.000 0.417 A4 7
46.433 0.367 A4 1
46.800 0.200 G4 7
47.000 0.617 F4 7
47.633 0.367 F4 1
48.000 0.400 G4 7
48.400 0.417 F4 7
48.833 0.367 F4 1
49.200 0.400 E4 7
49.600 END_CYCLE
Triangle(336)
time dur note vol
0.000 0.100 C4 15
0.200 0.067 C4 15
0.300 0.067 C4 15
0.400 0.100 C4 15
0.600 0.067 C4 15
0.700 0.067 C4 15
0.800 0.100 C4 15
1.000 0.067 C4 15
1.100 0.067 C4 15
1.200 0.100 C4 15
1.400 0.067 C4 15
1.500 0.067 C4 15
1.600 0.100 C4 15
1.800 0.067 C4 15
1.900 0.067 C4 15
2.000 0.100 C4 15
2.200 0.067 C4 15
2.300 0.067 C4 15
2.400 0.100 C4 15
2.600 0.067 C4 15
2.700 0.067 C4 15
2.800 0.100 C4 15
3.000 0.067 C4 15
3.100 0.067 C4 15
3.200 0.100 C4 15
3.400 0.067 C4 15
3.500 0.067 C4 15
3.600 0.100 C4 15
3.800 0.067 C4 15
3.900 0.067 C4 15
4.000 0.100 C4 15
4.200 0.067 C4 15
4.300 0.067 C4 15
4.400 0.100 C4 15
4.600 0.067 C4 15
4.700 0.067 C4 15
4.800 0.100 C4 15
5.000 0.067 C4 15
5.100 0.067 C4 15
5.200 0.100 C4 15
5.400 0.067 C4 15
5.500 0.067 C4 15
5.600 0.100 C4 15
5.800 0.067 C4 15
5.900 0.067 C4 15
6.000 0.067 A#3 15
6.100 0.167 B3 15
6.400 0.133 C3 15
6.600 0.067 C4 15
6.700 0.067 C4 15
6.800 0.067 C4 15
7.000 0.067 C4 15
7.100 0.067 C4 15
7.200 0.067 C4 15
7.400 0.067 C4 15
7.500 0.067 C4 15
7.600 0.067 E4 15
7.700 0.167 F4 15
8.000 0.133 C3 15
8.200 0.067 C4 15
8.300 0.067 C4 15
8.400 0.067 C4 15
8.600 0.067 C4 15
8.700 0.067 C4 15
8.800 0.067 C4 15
9.000 0.067 C4 15
9.100 0.067 C4 15
9.200 0.067 A#3 15
9.300 0.167 B3 15
9.600 0.133 C3 15
9.800 0.067 C4 15
9.900 0.067 C4 15
10.000 0.067 C4 15
10.200 0.067 C4 15
10.300 0.067 C4 15
10.400 0.067 C4 15
10.600 0.067 C4 15
10.700 0.067 C4 15
10.800 0.067 E4 15
10.900 0.167 F4 15
11.200 0.133 C3 15
11.400 0.067 C4 15
11.500 0.067 C4 15
11.600 0.067 C4 15
11.800 0.067 C4 15
11.900 0.067 C4 15
12.000 0.067 C4 15
12.200 0.067 C4 15
12.300 0.067 C4 15
12.400 0.067 A#3 15
12.500 0.167 B3 15
12.800 0.133 C3 15
13.000 0.067 C4 15
13.100 0.067 C4 15
13.200 0.067 C4 15
13.400 0.067 C4 15
13.500 0.067 C4 15
13.600 0.067 C4 15
13.800 0.067 C4 15
13.900 0.067 C4 15
14.000 0.067 E4 15
14.100 0.167 F4 15
14.400 0.133 C3 15
14.600 0.067 C4 15
14.700 0.067 C4 15
14.800 0.067 C4 15
15.000 0.067 C4 15
15.100 0.067 C4 15
15.200 0.067 C4 15
15.400 0.067 C4 15
15.500 0.067 C4 15
15.600 0.067 A#3 15
15.700 0.167 B3 15
16.000 0.133 C3 15
16.200 0.067 C4 15
16.300 0.067 C4 15
16.400 0.067 C4 15
16.600 0.067 C4 15
16.700 0.067 C4 15
16.800 0.067 C4 15
17.000 0.067 C4 15
17.100 0.067 C4 15
17.200 0.067 E4 15
17.300 0.167 F4 15
17.600 0.133 C3 15
17.800 0.067 C4 15
17.900 0.067 C4 15
18.000 0.067 C4 15
18.200 0.067 C4 15
18.300 0.067 C4 15
18.400 0.067 C4 15
18.600 0.067 C4 15
18.700 0.067 C4 15
18.800 0.067 A#3 15
18.900 0.167 B3 15
19.200 0.133 C3 15
19.400 0.067 C4 15
19.500 0.067 C4 15
19.600 0.067 C4 15
19.800 0.067 C4 15
19.900 0.067 C4 15
20.000 0.067 C4 15
20.200 0.067 C4 15
20.300 0.067 C4 15
20.400 0.067 E4 15
20.500 0.167 F4 15
20.800 0.133 C3 15
21.000 0.067 C4 15
21.100 0.067 C4 15
21.200 0.067 C4 15
21.400 0.067 C4 15
21.500 0.067 C4 15
21.600 0.067 C4 15
21.800 0.067 C4 15
21.900 0.067 C4 15
22.000 0.067 A#3 15
22.100 0.167 B3 15
22.400 0.133 C3 15
22.600 0.067 C4 15
22.700 0.067 C4 15
22.800 0.067 C4 15
23.000 0.067 C4 15
23.100 0.067 C4 15
23.200 0.067 C4 15
23.400 0.067 C4 15
23.500 0.067 C4 15
23.600 0.067 E4 15
23.700 0.167 F4 15
24.000 0.133 C3 15
24.200 0.067 C4 15
24.300 0.067 C4 15
24.400 0.067 C4 15
24.600 0.067 C4 15
24.700 0.067 C4 15
24.800 0.067 C4 15
25.000 0.067 C4 15
25.100 0.067 C4 15
25.200 0.067 A#3 15
25.300 0.167 B3 15
25.600 0.133 C3 15
25.800 0.067 C4 15
25.900 0.067 C4 15
26.000 0.067 C4 15
26.200 0.067 C4 15
26.300 0.067 C4 15
26.400 0.067 C4 15
26.600 0.067 C4 15
26.700 0.067 C4 15
26.800 0.067 E4 15
26.900 0.167 F4 15
27.200 0.133 C3 15
27.400 0.067 C4 15
27.500 0.067 C4 15
27.600 0.067 C4 15
27.800 0.067 C4 15
27.900 0.067 C4 15
28.000 0.067 C4 15
28.200 0.067 C4 15
28.300 0.067 C4 15
28.400 0.067 A#3 15
28.500 0.167 B3 15
28.800 0.133 C3 15
29.000 0.067 C4 15
29.100 0.067 C4 15
29.200 0.067 C4 15
29.400 0.067 C4 15
29.500 0.067 C4 15
29.600 0.067 C4 15
29.800 0.067 C4 15
29.900 0.067 C4 15
30.000 0.067 E4 15
30.100 0.167 F4 15
30.400 0.133 C3 15
30.600 0.067 C4 15
30.700 0.067 C4 15
30.800 0.067 C4 15
31.000 0.067 C4 15
31.100 0.067 C4 15
31.200 0.067 C4 15
31.400 0.067 C4 15
31.500 0.067 C4 15
31.600 0.067 A#3 15
31.700 0.167 B3 15
32.000 0.100 C3 15
32.200 0.100 C3 15
32.400 0.100 C3 15
32.600 0.067 G3 15
32.700 0.067 A#3 15
32.800 0.083 A3 15
33.000 0.083 A3 15
33.200 0.083 G#3 15
33.400 0.067 G#3 15
33.500 0.067 G#3 15
33.600 0.100 G3 15
33.800 0.100 G3 15
34.000 0.100 A3 15
34.200 0.067 A3 15
34.300 0.067 A3 15
34.400 0.100 A#3 15
34.600 0.100 A#3 15
34.800 0.100 B3 15
35.000 0.067 B3 15
35.100 0.067 B3 15
35.200 0.100 C3 15
35.400 0.100 C3 15
35.600 0.100 C3 15
35.800 0.067 G3 15
35.900 0.067 A#3 15
36.000 0.083 A3 15
36.200 0.083 A3 15
36.400 0.083 G#3 15
36.600 0.067 G#3 15
36.700 0.067 G#3 15
36.800 0.100 G3 15
37.000 0.100 G3 15
37.200 0.100 A3 15
37.400 0.067 A3 15
37.500 0.067 A3 15
37.600 0.100 A#3 15
37.800 0.100 A#3 15
38.000 0.100 B3 15
38.200 0.067 B3 15
38.300 0.067 B3 15
38.400 0.100 C3 15
38.600 0.100 C3 15
38.800 0.100 C3 15
39.000 0.067 G3 15
39.100 0.067 A#3 15
39.200 0.083 A3 15
39.400 0.083 A3 15
39.600 0.083 G#3 15
39.800 0.067 G#3 15
39.900 0.067 G#3 15
40.000 0.100 G3 15
40.200 0.100 G3 15
40.400 0.100 A3 15
40.600 0.067 A3 15
40.700 0.067 A3 15
40.800 0.100 A#3 15
41.000 0.100 A#3 15
41.200 0.100 B3 15
41.400 0.067 B3 15
41.500 0.067 B3 15
41.600 0.100 C3 15
41.800 0.100 C3 15
42.000 0.100 C3 15
42.200 0.067 G3 15
42.300 0.067 A#3 15
42.400 0.083 A3 15
42.600 0.083 A3 15
42.800 0.083 G#3 15
43.000 0.067 G#3 15
43.100 0.067 G#3 15
43.200 0.100 G3 15
43.400 0.100 G3 15
43.600 0.100 A3 15
43.800 0.067 A3 15
43.900 0.067 A3 15
44.000 0.100 A#3 15
44.200 0.100 A#3 15
44.400 0.100 B3 15
44.600 0.067 B3 15
44.700 0.067 B3 15
44.800 BEGIN_CYCLE
44.800 0.117 C3 15
45.000 0.067 C4 15
45.100 0.067 C4 15
45.300 0.067 C4 15
45.400 0.117 C4 15
45.600 0.117 D#3 15
45.800 0.067 D#4 15
45.900 0.067 D#3 15
46.000 0.117 F3 15
46.200 0.067 F4 15
46.300 0.067 F4 15
46.500 0.067 F4 15
46.600 0.117 F4 15
46.800 0.067 F3 15
46.900 0.067 E3 15
47.000 0.067 F3 15
47.100 0.067 G3 15
47.200 0.117 G#3 15
47.400 0.067 G#3 15
47.500 0.067 G#3 15
47.700 0.067 G#3 15
47.800 0.117 G#3 15
48.000 0.117 A#3 15
48.200 0.117 A#3 15
48.400 0.117 C3 15
48.600 0.067 C4 15
48.700 0.067 C4 15
48.900 0.067 C4 15
49.000 0.117 C4 15
49.200 0.067 C4 15
49.300 0.067 F3 15
49.400 0.067 F#3 15
49.500 0.067 G3 15
49.600 END_CYCLE
Noise(430)
time dur noise vol drum
0.417 0.017 7 7 explosion_distant
0.433 0.017 8 5 tom_low
0.450 0.017 9 3 tom_rumble
0.467 0.033 10 2 kick_heavy
1.217 0.017 7 7 explosion_distant
1.233 0.017 8 5 tom_low
1.250 0.017 9 3 tom_rumble
1.267 0.033 10 2 kick_heavy
2.017 0.017 7 7 explosion_distant
2.033 0.017 8 5 tom_low
2.050 0.017 9 3 tom_rumble
2.067 0.033 10 2 kick_heavy
2.817 0.017 7 7 explosion_distant
2.833 0.017 8 5 tom_low
2.850 0.017 9 3 tom_rumble
2.867 0.033 10 2 kick_heavy
3.617 0.017 7 7 explosion_distant
3.633 0.017 8 5 tom_low
3.650 0.017 9 3 tom_rumble
3.667 0.033 10 2 kick_heavy
4.417 0.017 7 7 explosion_distant
4.433 0.017 8 5 tom_low
4.450 0.017 9 3 tom_rumble
4.467 0.033 10 2 kick_heavy
5.217 0.017 7 7 explosion_distant
5.233 0.017 8 5 tom_low
5.250 0.017 9 3 tom_rumble
5.267 0.033 10 2 kick_heavy
5.617 0.017 7 7 explosion_distant
5.633 0.017 8 5 tom_low
5.650 0.017 9 3 tom_rumble
5.667 0.033 10 2 kick_heavy
5.817 0.017 7 7 explosion_distant
5.833 0.017 8 5 tom_low
5.850 0.017 9 3 tom_rumble
5.867 0.033 10 2 kick_heavy
6.017 0.017 7 7 explosion_distant
6.033 0.017 8 5 tom_low
6.050 0.017 9 3 tom_rumble
6.067 0.033 10 2 kick_heavy
6.117 0.017 7 7 explosion_distant
6.133 0.017 8 5 tom_low
6.150 0.017 9 3 tom_rumble
6.167 0.033 10 2 kick_heavy
6.817 0.017 7 7 explosion_distant
6.833 0.017 8 5 tom_low
6.850 0.017 9 3 tom_rumble
6.867 0.033 10 2 kick_heavy
7.617 0.017 7 7 explosion_distant
7.633 0.017 8 5 tom_low
7.650 0.017 9 3 tom_rumble
7.667 0.033 10 2 kick_heavy
8.417 0.017 7 7 explosion_distant
8.433 0.017 8 5 tom_low
8.450 0.017 9 3 tom_rumble
8.467 0.033 10 2 kick_heavy
9.217 0.017 7 7 explosion_distant
9.233 0.017 8 5 tom_low
9.250 0.017 9 3 tom_rumble
9.267 0.033 10 2 kick_heavy
10.017 0.017 7 7 explosion_distant
10.033 0.017 8 5 tom_low
10.050 0.017 9 3 tom_rumble
10.067 0.033 10 2 kick_heavy
10.817 0.017 7 7 explosion_distant
10.833 0.017 8 5 tom_low
10.850 0.017 9 3 tom_rumble
10.867 0.033 10 2 kick_heavy
11.617 0.017 7 7 explosion_distant
11.633 0.017 8 5 tom_low
11.650 0.017 9 3 tom_rumble
11.667 0.033 10 2 kick_heavy
12.417 0.017 7 7 explosion_distant
12.433 0.017 8 5 tom_low
12.450 0.017 9 3 tom_rumble
12.467 0.033 10 2 kick_heavy
13.217 0.017 7 7 explosion_distant
13.233 0.017 8 5 tom_low
13.250 0.017 9 3 tom_rumble
13.267 0.033 10 2 kick_heavy
14.017 0.017 7 7 explosion_distant
14.033 0.017 8 5 tom_low
14.050 0.017 9 3 tom_rumble
14.067 0.033 10 2 kick_heavy
14.817 0.017 7 7 explosion_distant
14.833 0.017 8 5 tom_low
14.850 0.017 9 3 tom_rumble
14.867 0.033 10 2 kick_heavy
15.617 0.017 7 7 explosion_distant
15.633 0.017 8 5 tom_low
15.650 0.017 9 3 tom_rumble
15.667 0.033 10 2 kick_heavy
16.417 0.017 7 7 explosion_distant
16.433 0.017 8 5 tom_low
16.450 0.017 9 3 tom_rumble
16.467 0.033 10 2 kick_heavy
17.217 0.017 7 7 explosion_distant
17.233 0.017 8 5 tom_low
17.250 0.017 9 3 tom_rumble
17.267 0.033 10 2 kick_heavy
18.017 0.017 7 7 explosion_distant
18.033 0.017 8 5 tom_low
18.050 0.017 9 3 tom_rumble
18.067 0.033 10 2 kick_heavy
18.417 0.017 7 7 explosion_distant
18.433 0.017 8 5 tom_low
18.450 0.017 9 3 tom_rumble
18.467 0.033 10 2 kick_heavy
18.617 0.017 7 7 explosion_distant
18.633 0.017 8 5 tom_low
18.650 0.017 9 3 tom_rumble
18.667 0.033 10 2 kick_heavy
18.817 0.017 7 7 explosion_distant
18.833 0.017 8 5 tom_low
18.850 0.017 9 3 tom_rumble
18.867 0.033 10 2 kick_heavy
18.917 0.017 7 7 explosion_distant
18.933 0.017 8 5 tom_low
18.950 0.017 9 3 tom_rumble
18.967 0.033 10 2 kick_heavy
19.617 0.017 7 7 explosion_distant
19.633 0.017 8 5 tom_low
19.650 0.017 9 3 tom_rumble
19.667 0.033 10 2 kick_heavy
20.417 0.017 7 7 explosion_distant
20.433 0.017 8 5 tom_low
20.450 0.017 9 3 tom_rumble
20.467 0.033 10 2 kick_heavy
21.217 0.017 7 7 explosion_distant
21.233 0.017 8 5 tom_low
21.250 0.017 9 3 tom_rumble
21.267 0.033 10 2 kick_heavy
22.017 0.017 7 7 explosion_distant
22.033 0.017 8 5 tom_low
22.050 0.017 9 3 tom_rumble
22.067 0.033 10 2 kick_heavy
22.817 0.017 7 7 explosion_distant
22.833 0.017 8 5 tom_low
22.850 0.017 9 3 tom_rumble
22.867 0.033 10 2 kick_heavy
23.617 0.017 7 7 explosion_distant
23.633 0.017 8 5 tom_low
23.650 0.017 9 3 tom_rumble
23.667 0.033 10 2 kick_heavy
24.417 0.017 7 7 explosion_distant
24.433 0.017 8 5 tom_low
24.450 0.017 9 3 tom_rumble
24.467 0.033 10 2 kick_heavy
25.217 0.017 7 7 explosion_distant
25.233 0.017 8 5 tom_low
25.250 0.017 9 3 tom_rumble
25.267 0.033 10 2 kick_heavy
26.017 0.017 7 7 explosion_distant
26.033 0.017 8 5 tom_low
26.050 0.017 9 3 tom_rumble
26.067 0.033 10 2 kick_heavy
26.817 0.017 7 7 explosion_distant
26.833 0.017 8 5 tom_low
26.850 0.017 9 3 tom_rumble
26.867 0.033 10 2 kick_heavy
27.617 0.017 7 7 explosion_distant
27.633 0.017 8 5 tom_low
27.650 0.017 9 3 tom_rumble
27.667 0.033 10 2 kick_heavy
28.417 0.017 7 7 explosion_distant
28.433 0.017 8 5 tom_low
28.450 0.017 9 3 tom_rumble
28.467 0.033 10 2 kick_heavy
29.217 0.017 7 7 explosion_distant
29.233 0.017 8 5 tom_low
29.250 0.017 9 3 tom_rumble
29.267 0.033 10 2 kick_heavy
30.017 0.017 7 7 explosion_distant
30.033 0.017 8 5 tom_low
30.050 0.017 9 3 tom_rumble
30.067 0.033 10 2 kick_heavy
30.817 0.017 7 7 explosion_distant
30.833 0.017 8 5 tom_low
30.850 0.017 9 3 tom_rumble
30.867 0.033 10 2 kick_heavy
31.217 0.017 7 7 explosion_distant
31.233 0.017 8 5 tom_low
31.250 0.017 9 3 tom_rumble
31.267 0.033 10 2 kick_heavy
31.417 0.017 7 7 explosion_distant
31.433 0.017 8 5 tom_low
31.450 0.017 9 3 tom_rumble
31.467 0.033 10 2 kick_heavy
31.617 0.017 7 7 explosion_distant
31.633 0.017 8 5 tom_low
31.650 0.017 9 3 tom_rumble
31.667 0.033 10 2 kick_heavy
32.417 0.017 7 7 explosion_distant
32.433 0.017 8 5 tom_low
32.450 0.017 9 3 tom_rumble
32.467 0.033 10 2 kick_heavy
32.617 0.017 9 6 tom_rumble
32.633 0.017 10 2 kick_heavy
32.650 0.033 13 15 roar_ultra_low
32.717 0.017 9 6 tom_rumble
32.733 0.017 10 2 kick_heavy
32.750 0.033 13 15 roar_ultra_low
33.217 0.017 7 7 explosion_distant
33.233 0.017 8 5 tom_low
33.250 0.017 9 3 tom_rumble
33.267 0.033 10 2 kick_heavy
33.417 0.017 9 6 tom_rumble
33.433 0.017 10 2 kick_heavy
33.450 0.033 13 15 roar_ultra_low
33.517 0.017 9 6 tom_rumble
33.533 0.017 10 2 kick_heavy
33.550 0.033 13 15 roar_ultra_low
34.017 0.017 7 7 explosion_distant
34.033 0.017 8 5 tom_low
34.050 0.017 9 3 tom_rumble
34.067 0.033 10 2 kick_heavy
34.217 0.017 9 6 tom_rumble
34.233 0.017 10 2 kick_heavy
34.250 0.033 13 15 roar_ultra_low
34.317 0.017 9 6 tom_rumble
34.333 0.017 10 2 kick_heavy
34.350 0.033 13 15 roar_ultra_low
34.817 0.017 7 7 explosion_distant
34.833 0.017 8 5 tom_low
34.850 0.017 9 3 tom_rumble
34.867 0.033 10 2 kick_heavy
35.017 0.017 9 6 tom_rumble
35.033 0.017 10 2 kick_heavy
35.050 0.033 13 15 roar_ultra_low
35.117 0.017 9 6 tom_rumble
35.133 0.017 10 2 kick_heavy
35.150 0.033 13 15 roar_ultra_low
35.617 0.017 7 7 explosion_distant
35.633 0.017 8 5 tom_low
35.650 0.017 9 3 tom_rumble
35.667 0.033 10 2 kick_heavy
35.817 0.017 9 6 tom_rumble
35.833 0.017 10 2 kick_heavy
35.850 0.033 13 15 roar_ultra_low
35.917 0.017 9 6 tom_rumble
35.933 0.017 10 2 kick_heavy
35.950 0.033 13 15 roar_ultra_low
36.417 0.017 7 7 explosion_distant
36.433 0.017 8 5 tom_low
36.450 0.017 9 3 tom_rumble
36.467 0.033 10 2 kick_heavy
36.617 0.017 9 6 tom_rumble
36.633 0.017 10 2 kick_heavy
36.650 0.033 13 15 roar_ultra_low
36.717 0.017 9 6 tom_rumble
36.733 0.017 10 2 kick_heavy
36.750 0.033 13 15 roar_ultra_low
37.217 0.017 7 7 explosion_distant
37.233 0.017 8 5 tom_low
37.250 0.017 9 3 tom_rumble
37.267 0.033 10 2 kick_heavy
37.417 0.017 9 6 tom_rumble
37.433 0.017 10 2 kick_heavy
37.450 0.033 13 15 roar_ultra_low
37.517 0.017 9 6 tom_rumble
37.533 0.017 10 2 kick_heavy
37.550 0.033 13 15 roar_ultra_low
38.017 0.017 7 7 explosion_distant
38.033 0.017 8 5 tom_low
38.050 0.017 9 3 tom_rumble
38.067 0.033 10 2 kick_heavy
38.217 0.017 7 7 explosion_distant
38.233 0.017 8 5 tom_low
38.250 0.017 9 3 tom_rumble
38.267 0.033 10 2 kick_heavy
38.317 0.017 7 7 explosion_distant
38.333 0.017 8 5 tom_low
38.350 0.017 9 3 tom_rumble
38.367 0.033 10 2 kick_heavy
38.817 0.017 7 7 explosion_distant
38.833 0.017 8 5 tom_low
38.850 0.017 9 3 tom_rumble
38.867 0.033 10 2 kick_heavy
39.017 0.017 9 6 tom_rumble
39.033 0.017 10 2 kick_heavy
39.050 0.033 13 15 roar_ultra_low
39.117 0.017 9 6 tom_rumble
39.133 0.017 10 2 kick_heavy
39.150 0.033 13 15 roar_ultra_low
39.617 0.017 7 7 explosion_distant
39.633 0.017 8 5 tom_low
39.650 0.017 9 3 tom_rumble
39.667 0.033 10 2 kick_heavy
39.817 0.017 9 6 tom_rumble
39.833 0.017 10 2 kick_heavy
39.850 0.033 13 15 roar_ultra_low
39.917 0.017 9 6 tom_rumble
39.933 0.017 10 2 kick_heavy
39.950 0.033 13 15 roar_ultra_low
40.417 0.017 7 7 explosion_distant
40.433 0.017 8 5 tom_low
40.450 0.017 9 3 tom_rumble
40.467 0.033 10 2 kick_heavy
40.617 0.017 9 6 tom_rumble
40.633 0.017 10 2 kick_heavy
40.650 0.033 13 15 roar_ultra_low
40.717 0.017 9 6 tom_rumble
40.733 0.017 10 2 kick_heavy
40.750 0.033 13 15 roar_ultra_low
41.217 0.017 7 7 explosion_distant
41.233 0.017 8 5 tom_low
41.250 0.017 9 3 tom_rumble
41.267 0.033 10 2 kick_heavy
41.417 0.017 9 6 tom_rumble
41.433 0.017 10 2 kick_heavy
41.450 0.033 13 15 roar_ultra_low
41.517 0.017 9 6 tom_rumble
41.533 0.017 10 2 kick_heavy
41.550 0.033 13 15 roar_ultra_low
42.017 0.017 7 7 explosion_distant
42.033 0.017 8 5 tom_low
42.050 0.017 9 3 tom_rumble
42.067 0.033 10 2 kick_heavy
42.217 0.017 9 6 tom_rumble
42.233 0.017 10 2 kick_heavy
42.250 0.033 13 15 roar_ultra_low
42.317 0.017 9 6 tom_rumble
42.333 0.017 10 2 kick_heavy
42.350 0.033 13 15 roar_ultra_low
42.817 0.017 7 7 explosion_distant
42.833 0.017 8 5 tom_low
42.850 0.017 9 3 tom_rumble
42.867 0.033 10 2 kick_heavy
43.017 0.017 9 6 tom_rumble
43.033 0.017 10 2 kick_heavy
43.050 0.033 13 15 roar_ultra_low
43.117 0.017 9 6 tom_rumble
43.133 0.017 10 2 kick_heavy
43.150 0.033 13 15 roar_ultra_low
43.617 0.017 7 7 explosion_distant
43.633 0.017 8 5 tom_low
43.650 0.017 9 3 tom_rumble
43.667 0.033 10 2 kick_heavy
43.817 0.017 7 7 explosion_distant
43.833 0.017 8 5 tom_low
43.850 0.017 9 3 tom_rumble
43.867 0.033 10 2 kick_heavy
43.917 0.017 7 7 explosion_distant
43.933 0.017 8 5 tom_low
43.950 0.017 9 3 tom_rumble
43.967 0.033 10 2 kick_heavy
44.017 0.017 7 7 explosion_distant
44.033 0.017 8 5 tom_low
44.050 0.017 9 3 tom_rumble
44.067 0.033 10 2 kick_heavy
44.217 0.017 7 7 explosion_distant
44.233 0.017 8 5 tom_low
44.250 0.017 9 3 tom_rumble
44.267 0.033 10 2 kick_heavy
44.317 0.017 7 7 explosion_distant
44.333 0.017 8 5 tom_low
44.350 0.017 9 3 tom_rumble
44.367 0.033 10 2 kick_heavy
44.417 0.017 7 7 explosion_distant
44.433 0.017 8 5 tom_low
44.450 0.017 9 3 tom_rumble
44.467 0.033 10 2 kick_heavy
44.617 0.017 7 7 explosion_distant
44.633 0.017 8 5 tom_low
44.650 0.017 9 3 tom_rumble
44.667 0.033 10 2 kick_heavy
44.717 0.017 7 7 explosion_distant
44.733 0.017 8 5 tom_low
44.750 0.017 9 3 tom_rumble
44.767 0.033 10 2 kick_heavy
44.800 BEGIN_CYCLE
45.217 0.017 7 7 explosion_distant
45.233 0.017 8 5 tom_low
45.250 0.017 9 3 tom_rumble
45.267 0.033 10 2 kick_heavy
45.617 0.017 7 7 explosion_distant
45.633 0.017 8 5 tom_low
45.650 0.017 9 3 tom_rumble
45.667 0.033 10 2 kick_heavy
45.817 0.017 7 7 explosion_distant
45.833 0.017 8 5 tom_low
45.850 0.017 9 3 tom_rumble
45.867 0.033 10 2 kick_heavy
46.417 0.017 7 7 explosion_distant
46.433 0.017 8 5 tom_low
46.450 0.017 9 3 tom_rumble
46.467 0.033 10 2 kick_heavy
46.817 0.017 7 7 explosion_distant
46.833 0.017 8 5 tom_low
46.850 0.017 9 3 tom_rumble
46.867 0.033 10 2 kick_heavy
46.917 0.017 7 7 explosion_distant
46.933 0.017 8 5 tom_low
46.950 0.017 9 3 tom_rumble
46.967 0.033 10 2 kick_heavy
47.017 0.017 7 7 explosion_distant
47.033 0.017 8 5 tom_low
47.050 0.017 9 3 tom_rumble
47.067 0.033 10 2 kick_heavy
47.117 0.017 7 7 explosion_distant
47.133 0.017 8 5 tom_low
47.150 0.017 9 3 tom_rumble
47.167 0.033 10 2 kick_heavy
47.617 0.017 7 7 explosion_distant
47.633 0.017 8 5 tom_low
47.650 0.017 9 3 tom_rumble
47.667 0.033 10 2 kick_heavy
48.017 0.017 7 7 explosion_distant
48.033 0.017 8 5 tom_low
48.050 0.017 9 3 tom_rumble
48.067 0.033 10 2 kick_heavy
48.217 0.017 7 7 explosion_distant
48.233 0.017 8 5 tom_low
48.250 0.017 9 3 tom_rumble
48.267 0.033 10 2 kick_heavy
48.817 0.017 7 7 explosion_distant
48.833 0.017 8 5 tom_low
48.850 0.017 9 3 tom_rumble
48.867 0.033 10 2 kick_heavy
49.217 0.017 7 7 explosion_distant
49.233 0.017 8 5 tom_low
49.250 0.017 9 3 tom_rumble
49.267 0.033 10 2 kick_heavy
49.417 0.017 7 7 explosion_distant
49.433 0.017 8 5 tom_low
49.450 0.017 9 3 tom_rumble
49.467 0.033 10 2 kick_heavy
49.517 0.017 7 7 explosion_distant
49.533 0.017 8 5 tom_low
49.550 0.017 9 3 tom_rumble
49.567 0.033 10 2 kick_heavy
49.600 END_CYCLE
DPCM(328)
time dur note vol
0.000 0.033 C5 15
0.200 0.033 C5 15
0.300 0.033 C5 15
0.400 0.033 C5 15
0.600 0.033 C5 15
0.700 0.033 C5 15
0.800 0.033 C5 15
1.000 0.033 C5 15
1.100 0.033 C5 15
1.200 0.033 C5 15
1.400 0.033 C5 15
1.500 0.033 C5 15
1.600 0.033 C5 15
1.800 0.033 C5 15
1.900 0.033 C5 15
2.000 0.033 C5 15
2.200 0.033 C5 15
2.300 0.033 C5 15
2.400 0.033 C5 15
2.600 0.033 C5 15
2.700 0.033 C5 15
2.800 0.033 C5 15
3.000 0.033 C5 15
3.100 0.033 C5 15
3.200 0.033 C5 15
3.400 0.033 C5 15
3.500 0.033 C5 15
3.600 0.033 C5 15
3.800 0.033 C5 15
3.900 0.033 C5 15
4.000 0.033 C5 15
4.200 0.033 C5 15
4.300 0.033 C5 15
4.400 0.033 C5 15
4.600 0.033 C5 15
4.700 0.033 C5 15
4.800 0.033 C5 15
5.000 0.033 C5 15
5.100 0.033 C5 15
5.200 0.033 C5 15
5.400 0.033 C5 15
5.500 0.033 C5 15
5.600 0.033 C5 15
5.800 0.033 C5 15
6.000 0.033 C5 15
6.100 0.033 C5 15
6.400 0.033 C5 15
6.600 0.033 C5 15
6.700 0.033 C5 15
6.800 0.033 C5 15
7.000 0.033 C5 15
7.100 0.033 C5 15
7.200 0.033 C5 15
7.400 0.033 C5 15
7.500 0.033 C5 15
7.600 0.033 C5 15
7.800 0.033 C5 15
7.900 0.033 C5 15
8.000 0.033 C5 15
8.200 0.033 C5 15
8.300 0.033 C5 15
8.400 0.033 C5 15
8.600 0.033 C5 15
8.700 0.033 C5 15
8.800 0.033 C5 15
9.000 0.033 C5 15
9.100 0.033 C5 15
9.200 0.033 C5 15
9.400 0.033 C5 15
9.500 0.033 C5 15
9.600 0.033 C5 15
9.800 0.033 C5 15
9.900 0.033 C5 15
10.000 0.033 C5 15
10.200 0.033 C5 15
10.300 0.033 C5 15
10.400 0.033 C5 15
10.600 0.033 C5 15
10.700 0.033 C5 15
10.800 0.033 C5 15
11.000 0.033 C5 15
11.100 0.033 C5 15
11.200 0.033 C5 15
11.400 0.033 C5 15
11.500 0.033 C5 15
11.600 0.033 C5 15
11.800 0.033 C5 15
11.900 0.033 C5 15
12.000 0.033 C5 15
12.200 0.033 C5 15
12.300 0.033 C5 15
12.400 0.033 C5 15
12.500 0.033 C5 15
12.700 0.033 C5 15
12.800 0.033 C5 15
13.000 0.033 C5 15
13.100 0.033 C5 15
13.200 0.033 C5 15
13.400 0.033 C5 15
13.500 0.033 C5 15
13.600 0.033 C5 15
13.800 0.033 C5 15
13.900 0.033 C5 15
14.000 0.033 C5 15
14.200 0.033 C5 15
14.300 0.033 C5 15
14.400 0.033 C5 15
14.600 0.033 C5 15
14.700 0.033 C5 15
14.800 0.033 C5 15
15.000 0.033 C5 15
15.100 0.033 C5 15
15.200 0.033 C5 15
15.400 0.033 C5 15
15.500 0.033 C5 15
15.600 0.033 C5 15
15.800 0.033 C5 15
15.900 0.033 C5 15
16.000 0.033 C5 15
16.200 0.033 C5 15
16.300 0.033 C5 15
16.400 0.033 C5 15
16.600 0.033 C5 15
16.700 0.033 C5 15
16.800 0.033 C5 15
17.000 0.033 C5 15
17.100 0.033 C5 15
17.200 0.033 C5 15
17.400 0.033 C5 15
17.500 0.033 C5 15
17.600 0.033 C5 15
17.800 0.033 C5 15
17.900 0.033 C5 15
18.000 0.033 C5 15
18.200 0.033 C5 15
18.300 0.033 C5 15
18.400 0.033 C5 15
18.600 0.033 C5 15
18.800 0.033 C5 15
18.900 0.033 C5 15
19.100 0.033 C5 15
19.200 0.033 C5 15
19.400 0.033 C5 15
19.500 0.033 C5 15
19.600 0.033 C5 15
19.800 0.033 C5 15
19.900 0.033 C5 15
20.000 0.033 C5 15
20.200 0.033 C5 15
20.300 0.033 C5 15
20.400 0.033 C5 15
20.600 0.033 C5 15
20.700 0.033 C5 15
20.800 0.033 C5 15
21.000 0.033 C5 15
21.100 0.033 C5 15
21.200 0.033 C5 15
21.400 0.033 C5 15
21.500 0.033 C5 15
21.600 0.033 C5 15
21.800 0.033 C5 15
21.900 0.033 C5 15
22.000 0.033 C5 15
22.200 0.033 C5 15
22.300 0.033 C5 15
22.400 0.033 C5 15
22.600 0.033 C5 15
22.700 0.033 C5 15
22.800 0.033 C5 15
23.000 0.033 C5 15
23.100 0.033 C5 15
23.200 0.033 C5 15
23.400 0.033 C5 15
23.500 0.033 C5 15
23.600 0.033 C5 15
23.800 0.033 C5 15
23.900 0.033 C5 15
24.000 0.033 C5 15
24.200 0.033 C5 15
24.300 0.033 C5 15
24.400 0.033 C5 15
24.600 0.033 C5 15
24.700 0.033 C5 15
24.800 0.033 C5 15
25.000 0.033 C5 15
25.100 0.033 C5 15
25.200 0.033 C5 15
25.300 0.033 C5 15
25.500 0.033 C5 15
25.600 0.033 C5 15
25.800 0.033 C5 15
25.900 0.033 C5 15
26.000 0.033 C5 15
26.200 0.033 C5 15
26.300 0.033 C5 15
26.400 0.033 C5 15
26.600 0.033 C5 15
26.700 0.033 C5 15
26.800 0.033 C5 15
27.000 0.033 C5 15
27.100 0.033 C5 15
27.200 0.033 C5 15
27.400 0.033 C5 15
27.500 0.033 C5 15
27.600 0.033 C5 15
27.800 0.033 C5 15
27.900 0.033 C5 15
28.000 0.033 C5 15
28.200 0.033 C5 15
28.300 0.033 C5 15
28.400 0.033 C5 15
28.600 0.033 C5 15
28.700 0.033 C5 15
28.800 0.033 C5 15
29.000 0.033 C5 15
29.100 0.033 C5 15
29.200 0.033 C5 15
29.400 0.033 C5 15
29.500 0.033 C5 15
29.600 0.033 C5 15
29.800 0.033 C5 15
29.900 0.033 C5 15
30.000 0.033 C5 15
30.200 0.033 C5 15
30.300 0.033 C5 15
30.400 0.033 C5 15
30.600 0.033 C5 15
30.700 0.033 C5 15
30.800 0.033 C5 15
31.000 0.033 C5 15
31.100 0.033 C5 15
31.200 0.033 C5 15
31.400 0.033 C5 15
31.600 0.033 C5 15
31.700 0.033 C5 15
31.900 0.033 C5 15
32.000 0.033 C5 15
32.200 0.033 C5 15
32.400 0.033 C5 15
32.800 0.033 C5 15
33.000 0.033 C5 15
33.200 0.033 C5 15
33.600 0.033 C5 15
33.800 0.033 C5 15
34.000 0.033 C5 15
34.400 0.033 C5 15
34.600 0.033 C5 15
34.800 0.033 C5 15
35.200 0.033 C5 15
35.400 0.033 C5 15
35.600 0.033 C5 15
36.000 0.033 C5 15
36.200 0.033 C5 15
36.400 0.033 C5 15
36.800 0.033 C5 15
37.000 0.033 C5 15
37.200 0.033 C5 15
37.600 0.033 C5 15
37.800 0.033 C5 15
38.000 0.033 C5 15
38.200 0.033 C5 15
38.300 0.033 C5 15
38.400 0.033 C5 15
38.600 0.033 C5 15
38.800 0.033 C5 15
39.200 0.033 C5 15
39.400 0.033 C5 15
39.600 0.033 C5 15
40.000 0.033 C5 15
40.200 0.033 C5 15
40.400 0.033 C5 15
40.800 0.033 C5 15
41.000 0.033 C5 15
41.200 0.033 C5 15
41.600 0.033 C5 15
41.800 0.033 C5 15
42.000 0.033 C5 15
42.400 0.033 C5 15
42.600 0.033 C5 15
42.800 0.033 C5 15
43.200 0.033 C5 15
43.400 0.033 C5 15
43.600 0.033 C5 15
43.800 0.033 C5 15
43.900 0.033 C5 15
44.000 0.033 C5 15
44.200 0.033 C5 15
44.300 0.033 C5 15
44.400 0.033 C5 15
44.600 0.033 C5 15
44.700 0.033 C5 15
44.800 BEGIN_CYCLE
44.800 0.033 C5 15
45.000 0.033 C5 15
45.100 0.033 C5 15
45.200 0.033 C5 15
45.400 0.033 C5 15
45.500 0.033 C5 15
45.600 0.033 C5 15
45.800 0.033 C5 15
46.000 0.033 C5 15
46.200 0.033 C5 15
46.300 0.033 C5 15
46.400 0.033 C5 15
46.500 0.033 C5 15
46.600 0.033 C5 15
46.700 0.033 C5 15
46.800 0.033 C5 15
46.900 0.033 C5 15
47.000 0.033 C5 15
47.100 0.033 C5 15
47.200 0.033 C5 15
47.400 0.033 C5 15
47.500 0.033 C5 15
47.600 0.033 C5 15
47.800 0.033 C5 15
47.900 0.033 C5 15
48.000 0.033 C5 15
48.200 0.033 C5 15
48.400 0.033 C5 15
48.600 0.033 C5 15
48.700 0.033 C5 15
48.800 0.033 C5 15
48.900 0.033 C5 15
49.000 0.033 C5 15
49.100 0.033 C5 15
49.200 0.033 C5 15
49.400 0.033 C5 15
49.500 0.033 C5 15
49.600 END_CYCLE