supermario.nsf track=2 framerate=60

Square1(455)
time dur note vol
0.000 0.017 D4 5
0.017 0.250 D4 3
0.267 0.017 C#4 5
0.283 0.250 C#4 3
0.533 0.017 C4 5
0.550 0.250 C4 3
0.800 0.017 B3 5
0.817 0.250 B3 3
1.067 0.017 C4 5
1.083 0.250 C4 3
1.333 0.017 C#4 5
1.350 0.250 C#4 3
1.600 0.017 D4 5
1.617 0.117 D4 3
1.733 0.017 D4 5
1.750 0.117 D4 3
1.867 0.017 D4 5
1.883 0.117 D4 3
2.133 0.017 E4 5
2.150 0.117 E4 3
2.400 0.017 F4 5
2.417 0.650 F4 3
3.200 0.017 G4 5
3.217 0.650 G4 3
4.000 0.017 F#4 5
4.017 0.650 F#4 3
4.800 0.017 G4 5
4.817 0.650 G4 3
6.400 0.017 G4 5
6.417 0.650 G4 3
7.200 0.017 F#4 5
7.217 0.517 F#4 3
7.733 0.017 A4 5
7.750 0.250 A4 3
8.000 0.017 G4 5
8.017 0.650 G4 3
9.600 0.017 F4 5
9.617 0.650 F4 3
10.400 0.017 E4 5
10.417 0.650 E4 3
11.200 0.017 F4 5
11.217 0.650 F4 3
12.800 0.017 F4 5
12.817 0.650 F4 3
13.600 0.017 B3 5
13.617 0.517 B3 3
14.133 0.017 A4 5
14.150 0.250 A4 3
14.400 0.017 G4 5
14.417 0.650 G4 3
16.000 0.017 E5 5
16.017 0.650 E5 3
16.800 0.017 D5 5
16.817 0.650 D5 3
17.600 0.017 C#5 5
17.617 0.650 C#5 3
19.200 0.017 D5 5
19.217 0.650 D5 3
20.000 0.017 C#5 5
20.017 0.650 C#5 3
20.800 0.017 C5 5
20.817 0.650 C5 3
22.400 0.017 C4 5
22.417 0.650 C4 3
23.200 0.017 F4 5
23.217 0.250 F4 3
23.467 0.017 G4 5
23.483 0.250 G4 3
23.733 0.017 B4 5
23.750 0.250 B4 3
24.000 0.017 B4 5
24.017 0.117 B4 3
24.133 0.017 B4 5
24.150 0.117 B4 3
24.267 0.017 B4 5
24.283 0.383 B4 3
24.667 0.017 F4 15
24.683 0.117 F4 3
24.800 0.017 E4 5
24.817 0.650 E4 3
25.600 0.017 D4 5
25.617 0.250 D4 3
25.867 0.017 C#4 5
25.883 0.250 C#4 3
26.133 0.017 C4 5
26.150 0.250 C4 3
26.400 0.017 B3 5
26.417 0.250 B3 3
26.667 0.017 C4 5
26.683 0.250 C4 3
26.933 0.017 C#4 5
26.950 0.250 C#4 3
27.200 0.017 D4 5
27.217 0.117 D4 3
27.333 0.017 D4 5
27.350 0.117 D4 3
27.467 0.017 D4 5
27.483 0.117 D4 3
27.733 0.017 E4 5
27.750 0.117 E4 3
28.000 0.017 F4 5
28.017 0.650 F4 3
28.800 0.017 G4 5
28.817 0.650 G4 3
29.600 0.017 F#4 5
29.617 0.650 F#4 3
30.400 0.017 G4 5
30.417 0.650 G4 3
32.000 0.017 G4 5
32.017 0.650 G4 3
32.800 0.017 F#4 5
32.817 0.517 F#4 3
33.333 0.017 A4 5
33.350 0.250 A4 3
33.600 0.017 G4 5
33.617 0.650 G4 3
35.200 0.017 F4 5
35.217 0.650 F4 3
36.000 0.017 E4 5
36.017 0.650 E4 3
36.800 0.017 F4 5
36.817 0.650 F4 3
38.400 0.017 F4 5
38.417 0.650 F4 3
39.200 0.017 B3 5
39.217 0.517 B3 3
39.733 0.017 A4 5
39.750 0.250 A4 3
40.000 0.017 G4 5
40.017 0.650 G4 3
41.600 0.017 E5 5
41.617 0.650 E5 3
42.400 0.017 D5 5
42.417 0.650 D5 3
43.200 0.017 C#5 5
43.217 0.650 C#5 3
44.800 0.017 D5 5
44.817 0.650 D5 3
45.600 0.017 C#5 5
45.617 0.650 C#5 3
46.400 0.017 C5 5
46.417 0.650 C5 3
48.000 0.017 C4 5
48.017 0.650 C4 3
48.800 0.017 F4 5
48.817 0.250 F4 3
49.067 0.017 G4 5
49.083 0.250 G4 3
49.333 0.017 B4 5
49.350 0.250 B4 3
49.600 0.017 B4 5
49.617 0.117 B4 3
49.733 0.017 B4 5
49.750 0.117 B4 3
49.867 0.017 B4 5
49.883 0.383 B4 3
50.267 0.017 F4 15
50.283 0.117 F4 3
50.400 0.017 E4 5
50.417 0.650 E4 3
51.200 0.017 D4 5
51.217 0.250 D4 3
51.467 0.017 C#4 5
51.483 0.250 C#4 3
51.733 0.017 C4 5
51.750 0.250 C4 3
52.000 0.017 B3 5
52.017 0.250 B3 3
52.267 0.017 C4 5
52.283 0.250 C4 3
52.533 0.017 C#4 5
52.550 0.250 C#4 3
52.800 0.017 D4 5
52.817 0.117 D4 3
52.933 0.017 D4 5
52.950 0.117 D4 3
53.067 0.017 D4 5
53.083 0.117 D4 3
53.333 0.017 E4 5
53.350 0.117 E4 3
53.600 0.017 F4 5
53.617 0.650 F4 3
54.400 0.017 G4 5
54.417 0.650 G4 3
55.200 0.017 F#4 5
55.217 0.650 F#4 3
56.000 0.017 G4 5
56.017 0.650 G4 3
57.600 0.017 G4 5
57.617 0.650 G4 3
58.400 0.017 F#4 5
58.417 0.517 F#4 3
58.933 0.017 A4 5
58.950 0.250 A4 3
59.200 0.017 G4 5
59.217 0.650 G4 3
60.800 0.017 F4 5
60.817 0.650 F4 3
61.600 0.017 E4 5
61.617 0.650 E4 3
62.400 0.017 F4 5
62.417 0.650 F4 3
64.000 0.017 F4 5
64.017 0.650 F4 3
64.800 0.017 B3 5
64.817 0.517 B3 3
65.333 0.017 A4 5
65.350 0.250 A4 3
65.600 0.017 G4 5
65.617 0.650 G4 3
67.200 0.017 E5 5
67.217 0.650 E5 3
68.000 0.017 D5 5
68.017 0.650 D5 3
68.800 0.017 C#5 5
68.817 0.650 C#5 3
70.400 0.017 D5 5
70.417 0.650 D5 3
71.200 0.017 C#5 5
71.217 0.650 C#5 3
72.000 0.017 C5 5
72.017 0.650 C5 3
73.600 0.017 C4 5
73.617 0.650 C4 3
74.400 0.017 F4 5
74.417 0.250 F4 3
74.667 0.017 G4 5
74.683 0.250 G4 3
74.933 0.017 B4 5
74.950 0.250 B4 3
75.200 0.017 B4 5
75.217 0.117 B4 3
75.333 0.017 B4 5
75.350 0.117 B4 3
75.467 0.017 B4 5
75.483 0.383 B4 3
75.867 0.017 F4 15
75.883 0.117 F4 3
76.000 0.017 E4 5
76.017 0.650 E4 3
76.800 0.017 D4 5
76.817 0.250 D4 3
77.067 0.017 C#4 5
77.083 0.250 C#4 3
77.333 0.017 C4 5
77.350 0.250 C4 3
77.600 0.017 B3 5
77.617 0.250 B3 3
77.867 0.017 C4 5
77.883 0.250 C4 3
78.133 0.017 C#4 5
78.150 0.250 C#4 3
78.400 0.017 D4 5
78.417 0.117 D4 3
78.533 0.017 D4 5
78.550 0.117 D4 3
78.667 0.017 D4 5
78.683 0.117 D4 3
78.933 0.017 E4 5
78.950 0.117 E4 3
79.200 0.017 F4 5
79.217 0.650 F4 3
80.000 0.017 G4 5
80.017 0.650 G4 3
80.800 0.017 F#4 5
80.817 0.650 F#4 3
81.600 0.017 G4 5
81.617 0.650 G4 3
83.200 0.017 G4 5
83.217 0.650 G4 3
84.000 0.017 F#4 5
84.017 0.517 F#4 3
84.533 0.017 A4 5
84.550 0.250 A4 3
84.800 0.017 G4 5
84.817 0.650 G4 3
86.400 0.017 F4 5
86.417 0.650 F4 3
87.200 0.017 E4 5
87.217 0.650 E4 3
88.000 0.017 F4 5
88.017 0.650 F4 3
89.600 0.017 F4 5
89.617 0.650 F4 3
90.400 0.017 B3 5
90.417 0.517 B3 3
90.933 0.017 A4 5
90.950 0.250 A4 3
91.200 0.017 G4 5
91.217 0.650 G4 3
92.800 0.017 E5 5
92.817 0.650 E5 3
93.600 0.017 D5 5
93.617 0.650 D5 3
94.400 0.017 C#5 5
94.417 BEGIN_CYCLE
94.417 0.650 C#5 3
96.000 0.017 D5 5
96.017 0.650 D5 3
96.800 0.017 C#5 5
96.817 0.650 C#5 3
97.600 0.017 C5 5
97.617 0.650 C5 3
99.200 0.017 C4 5
99.217 0.650 C4 3
100.000 0.017 F4 5
100.017 0.250 F4 3
100.267 0.017 G4 5
100.283 0.250 G4 3
100.533 0.017 B4 5
100.550 0.250 B4 3
100.800 0.017 B4 5
100.817 0.117 B4 3
100.933 0.017 B4 5
100.950 0.117 B4 3
101.067 0.017 B4 5
101.083 0.383 B4 3
101.467 0.017 F4 15
101.483 0.117 F4 3
101.600 0.017 E4 5
101.617 0.650 E4 3
102.400 0.017 D4 5
102.417 0.250 D4 3
102.667 0.017 C#4 5
102.683 0.250 C#4 3
102.933 0.017 C4 5
102.950 0.250 C4 3
103.200 0.017 B3 5
103.217 0.250 B3 3
103.467 0.017 C4 5
103.483 0.250 C4 3
103.733 0.017 C#4 5
103.750 0.250 C#4 3
104.000 0.017 D4 5
104.017 0.117 D4 3
104.133 0.017 D4 5
104.150 0.117 D4 3
104.267 0.017 D4 5
104.283 0.117 D4 3
104.533 0.017 E4 5
104.550 0.117 E4 3
104.800 0.017 F4 5
104.817 0.650 F4 3
105.600 0.017 G4 5
105.617 0.650 G4 3
106.400 0.017 F#4 5
106.417 0.650 F#4 3
107.200 0.017 G4 5
107.217 0.650 G4 3
108.800 0.017 G4 5
108.817 0.650 G4 3
109.600 0.017 F#4 5
109.617 0.517 F#4 3
110.133 0.017 A4 5
110.150 0.250 A4 3
110.400 0.017 G4 5
110.417 0.650 G4 3
112.000 0.017 F4 5
112.017 0.650 F4 3
112.800 0.017 E4 5
112.817 0.650 E4 3
113.600 0.017 F4 5
113.617 0.650 F4 3
115.200 0.017 F4 5
115.217 0.650 F4 3
116.000 0.017 B3 5
116.017 0.517 B3 3
116.533 0.017 A4 5
116.550 0.250 A4 3
116.800 0.017 G4 5
116.817 0.650 G4 3
118.400 0.017 E5 5
118.417 0.650 E5 3
119.200 0.017 D5 5
119.217 0.650 D5 3
120.000 0.017 C#5 5
120.017 0.650 C#5 3
121.600 0.017 D5 5
121.617 0.650 D5 3
122.400 0.017 C#5 5
122.417 0.650 C#5 3
123.200 0.017 C5 5
123.217 0.650 C5 3
124.800 0.017 C4 5
124.817 0.650 C4 3
125.600 0.017 F4 5
125.617 0.250 F4 3
125.867 0.017 G4 5
125.883 0.250 G4 3
126.133 0.017 B4 5
126.150 0.250 B4 3
126.400 0.017 B4 5
126.417 0.117 B4 3
126.533 0.017 B4 5
126.550 0.117 B4 3
126.667 0.017 B4 5
126.683 0.383 B4 3
127.067 0.017 F4 15
127.083 0.117 F4 3
127.200 0.017 E4 5
127.217 0.650 E4 3
128.000 0.017 D4 5
128.017 0.250 D4 3
128.267 0.017 C#4 5
128.283 0.250 C#4 3
128.533 0.017 C4 5
128.550 0.250 C4 3
128.800 0.017 B3 5
128.817 0.250 B3 3
129.067 0.017 C4 5
129.083 0.250 C4 3
129.333 0.017 C#4 5
129.350 0.250 C#4 3
129.600 0.017 D4 5
129.617 0.117 D4 3
129.733 0.017 D4 5
129.750 0.117 D4 3
129.867 0.017 D4 5
129.883 0.117 D4 3
130.133 0.017 E4 5
130.150 0.117 E4 3
130.400 0.017 F4 5
130.417 0.650 F4 3
131.200 0.017 G4 5
131.217 0.650 G4 3
132.000 0.017 F#4 5
132.017 0.650 F#4 3
132.800 0.017 G4 5
132.817 0.650 G4 3
134.400 0.017 G4 5
134.417 0.650 G4 3
135.200 0.017 F#4 5
135.217 0.517 F#4 3
135.733 0.017 A4 5
135.750 0.250 A4 3
136.000 0.017 G4 5
136.017 0.650 G4 3
137.600 0.017 F4 5
137.617 0.650 F4 3
138.400 0.017 E4 5
138.417 0.650 E4 3
139.200 0.017 F4 5
139.217 0.650 F4 3
140.800 0.017 F4 5
140.817 0.650 F4 3
141.600 0.017 B3 5
141.617 0.517 B3 3
142.133 0.017 A4 5
142.150 0.250 A4 3
142.400 0.017 G4 5
142.417 0.650 G4 3
144.000 0.017 E5 5
144.017 0.650 E5 3
144.800 0.017 D5 5
144.817 0.650 D5 3
145.600 0.017 C#5 5
145.617 END_CYCLE

Square2(675)
time dur note vol
0.000 0.017 D4 5
0.017 0.250 D4 3
0.267 0.017 E4 5
0.283 0.250 E4 3
0.533 0.017 F#4 5
0.550 0.250 F#4 3
0.800 0.017 G4 5
0.817 0.250 G4 3
1.067 0.017 A4 5
1.083 0.250 A4 3
1.333 0.017 A#4 5
1.350 0.250 A#4 3
1.600 0.017 B4 5
1.617 0.117 B4 3
1.733 0.017 B4 5
1.750 0.117 B4 3
1.867 0.017 B4 5
1.883 0.117 B4 3
2.133 0.017 B4 5
2.150 0.117 B4 3
2.400 0.017 B4 5
2.417 0.517 B4 3
2.933 0.017 G4 5
2.950 0.250 G4 3
3.200 0.017 E5 5
3.217 0.650 E5 3
4.000 0.017 D#5 5
4.017 0.650 D#5 3
4.800 0.017 E5 5
4.817 0.650 E5 3
5.733 0.017 G4 5
5.750 0.117 G4 3
5.867 0.017 A4 5
5.883 0.117 A4 3
6.000 0.017 B4 5
6.017 0.117 B4 3
6.133 0.017 C5 5
6.150 0.117 C5 3
6.267 0.017 D5 5
6.283 0.117 D5 3
6.400 0.017 E5 5
6.417 0.650 E5 3
7.200 0.017 D#5 5
7.217 0.517 D#5 3
7.733 0.017 F5 5
7.750 0.250 F5 3
8.000 0.017 E5 5
8.017 0.650 E5 3
9.467 0.017 G4 5
9.483 0.117 G4 3
9.600 0.017 D5 5
9.617 0.650 D5 3
10.400 0.017 C#5 5
10.417 0.650 C#5 3
11.200 0.017 D5 5
11.217 0.650 D5 3
12.133 0.017 G4 5
12.150 0.117 G4 3
12.267 0.017 A4 5
12.283 0.117 A4 3
12.400 0.017 B4 5
12.417 0.117 B4 3
12.533 0.017 C5 5
12.550 0.117 C5 3
12.667 0.017 C#5 5
12.683 0.117 C#5 3
12.800 0.017 D5 5
12.817 0.650 D5 3
13.600 0.017 G4 5
13.617 0.517 G4 3
14.133 0.017 F5 5
14.150 0.250 F5 3
14.400 0.017 E5 5
14.417 0.650 E5 3
15.867 0.017 G4 5
15.883 0.117 G4 3
16.000 0.017 G5 5
16.017 0.650 G5 3
16.800 0.017 G5 5
16.817 0.650 G5 3
17.600 0.017 G5 5
17.617 0.650 G5 3
18.400 0.017 G5 5
18.417 0.250 G5 3
18.667 0.017 A5 5
18.683 0.117 A5 3
19.067 0.017 G5 5
19.083 0.117 G5 3
19.200 0.017 F5 5
19.217 0.650 F5 3
20.000 0.017 F5 5
20.017 0.650 F5 3
20.800 0.017 F5 5
20.817 0.650 F5 3
21.600 0.017 F5 5
21.617 0.250 F5 3
21.867 0.017 G5 5
21.883 0.117 G5 3
22.267 0.017 F5 5
22.283 0.117 F5 3
22.400 0.017 E5 5
22.417 0.650 E5 3
23.200 0.017 A4 5
23.217 0.250 A4 3
23.467 0.017 B4 5
23.483 0.250 B4 3
23.733 0.017 F5 5
23.750 0.250 F5 3
24.000 0.017 E5 5
24.017 0.117 E5 3
24.133 0.017 E5 5
24.150 0.117 E5 3
24.267 0.017 E5 5
24.283 0.383 E5 3
24.667 0.017 B4 15
24.683 0.117 B4 3
24.800 0.017 C5 5
24.817 0.650 C5 3
25.600 0.017 D4 5
25.617 0.250 D4 3
25.867 0.017 E4 5
25.883 0.250 E4 3
26.133 0.017 F#4 5
26.150 0.250 F#4 3
26.400 0.017 G4 5
26.417 0.250 G4 3
26.667 0.017 A4 5
26.683 0.250 A4 3
26.933 0.017 A#4 5
26.950 0.250 A#4 3
27.200 0.017 B4 5
27.217 0.117 B4 3
27.333 0.017 B4 5
27.350 0.117 B4 3
27.467 0.017 B4 5
27.483 0.117 B4 3
27.733 0.017 B4 5
27.750 0.117 B4 3
28.000 0.017 B4 5
28.017 0.517 B4 3
28.533 0.017 G4 5
28.550 0.250 G4 3
28.800 0.017 E5 5
28.817 0.650 E5 3
29.600 0.017 D#5 5
29.617 0.650 D#5 3
30.400 0.017 E5 5
30.417 0.650 E5 3
31.333 0.017 G4 5
31.350 0.117 G4 3
31.467 0.017 A4 5
31.483 0.117 A4 3
31.600 0.017 B4 5
31.617 0.117 B4 3
31.733 0.017 C5 5
31.750 0.117 C5 3
31.867 0.017 D5 5
31.883 0.117 D5 3
32.000 0.017 E5 5
32.017 0.650 E5 3
32.800 0.017 D#5 5
32.817 0.517 D#5 3
33.333 0.017 F5 5
33.350 0.250 F5 3
33.600 0.017 E5 5
33.617 0.650 E5 3
35.067 0.017 G4 5
35.083 0.117 G4 3
35.200 0.017 D5 5
35.217 0.650 D5 3
36.000 0.017 C#5 5
36.017 0.650 C#5 3
36.800 0.017 D5 5
36.817 0.650 D5 3
37.733 0.017 G4 5
37.750 0.117 G4 3
37.867 0.017 A4 5
37.883 0.117 A4 3
38.000 0.017 B4 5
38.017 0.117 B4 3
38.133 0.017 C5 5
38.150 0.117 C5 3
38.267 0.017 C#5 5
38.283 0.117 C#5 3
38.400 0.017 D5 5
38.417 0.650 D5 3
39.200 0.017 G4 5
39.217 0.517 G4 3
39.733 0.017 F5 5
39.750 0.250 F5 3
40.000 0.017 E5 5
40.017 0.650 E5 3
41.467 0.017 G4 5
41.483 0.117 G4 3
41.600 0.017 G5 5
41.617 0.650 G5 3
42.400 0.017 G5 5
42.417 0.650 G5 3
43.200 0.017 G5 5
43.217 0.650 G5 3
44.000 0.017 G5 5
44.017 0.250 G5 3
44.267 0.017 A5 5
44.283 0.117 A5 3
44.667 0.017 G5 5
44.683 0.117 G5 3
44.800 0.017 F5 5
44.817 0.650 F5 3
45.600 0.017 F5 5
45.617 0.650 F5 3
46.400 0.017 F5 5
46.417 0.650 F5 3
47.200 0.017 F5 5
47.217 0.250 F5 3
47.467 0.017 G5 5
47.483 0.117 G5 3
47.867 0.017 F5 5
47.883 0.117 F5 3
48.000 0.017 E5 5
48.017 0.650 E5 3
48.800 0.017 A4 5
48.817 0.250 A4 3
49.067 0.017 B4 5
49.083 0.250 B4 3
49.333 0.017 F5 5
49.350 0.250 F5 3
49.600 0.017 E5 5
49.617 0.117 E5 3
49.733 0.017 E5 5
49.750 0.117 E5 3
49.867 0.017 E5 5
49.883 0.383 E5 3
50.267 0.017 B4 15
50.283 0.117 B4 3
50.400 0.017 C5 5
50.417 0.650 C5 3
51.200 0.017 D4 5
51.217 0.250 D4 3
51.467 0.017 E4 5
51.483 0.250 E4 3
51.733 0.017 F#4 5
51.750 0.250 F#4 3
52.000 0.017 G4 5
52.017 0.250 G4 3
52.267 0.017 A4 5
52.283 0.250 A4 3
52.533 0.017 A#4 5
52.550 0.250 A#4 3
52.800 0.017 B4 5
52.817 0.117 B4 3
52.933 0.017 B4 5
52.950 0.117 B4 3
53.067 0.017 B4 5
53.083 0.117 B4 3
53.333 0.017 B4 5
53.350 0.117 B4 3
53.600 0.017 B4 5
53.617 0.517 B4 3
54.133 0.017 G4 5
54.150 0.250 G4 3
54.400 0.017 E5 5
54.417 0.650 E5 3
55.200 0.017 D#5 5
55.217 0.650 D#5 3
56.000 0.017 E5 5
56.017 0.650 E5 3
56.933 0.017 G4 5
56.950 0.117 G4 3
57.067 0.017 A4 5
57.083 0.117 A4 3
57.200 0.017 B4 5
57.217 0.117 B4 3
57.333 0.017 C5 5
57.350 0.117 C5 3
57.467 0.017 D5 5
57.483 0.117 D5 3
57.600 0.017 E5 5
57.617 0.650 E5 3
58.400 0.017 D#5 5
58.417 0.517 D#5 3
58.933 0.017 F5 5
58.950 0.250 F5 3
59.200 0.017 E5 5
59.217 0.650 E5 3
60.667 0.017 G4 5
60.683 0.117 G4 3
60.800 0.017 D5 5
60.817 0.650 D5 3
61.600 0.017 C#5 5
61.617 0.650 C#5 3
62.400 0.017 D5 5
62.417 0.650 D5 3
63.333 0.017 G4 5
63.350 0.117 G4 3
63.467 0.017 A4 5
63.483 0.117 A4 3
63.600 0.017 B4 5
63.617 0.117 B4 3
63.733 0.017 C5 5
63.750 0.117 C5 3
63.867 0.017 C#5 5
63.883 0.117 C#5 3
64.000 0.017 D5 5
64.017 0.650 D5 3
64.800 0.017 G4 5
64.817 0.517 G4 3
65.333 0.017 F5 5
65.350 0.250 F5 3
65.600 0.017 E5 5
65.617 0.650 E5 3
67.067 0.017 G4 5
67.083 0.117 G4 3
67.200 0.017 G5 5
67.217 0.650 G5 3
68.000 0.017 G5 5
68.017 0.650 G5 3
68.800 0.017 G5 5
68.817 0.650 G5 3
69.600 0.017 G5 5
69.617 0.250 G5 3
69.867 0.017 A5 5
69.883 0.117 A5 3
70.267 0.017 G5 5
70.283 0.117 G5 3
70.400 0.017 F5 5
70.417 0.650 F5 3
71.200 0.017 F5 5
71.217 0.650 F5 3
72.000 0.017 F5 5
72.017 0.650 F5 3
72.800 0.017 F5 5
72.817 0.250 F5 3
73.067 0.017 G5 5
73.083 0.117 G5 3
73.467 0.017 F5 5
73.483 0.117 F5 3
73.600 0.017 E5 5
73.617 0.650 E5 3
74.400 0.017 A4 5
74.417 0.250 A4 3
74.667 0.017 B4 5
74.683 0.250 B4 3
74.933 0.017 F5 5
74.950 0.250 F5 3
75.200 0.017 E5 5
75.217 0.117 E5 3
75.333 0.017 E5 5
75.350 0.117 E5 3
75.467 0.017 E5 5
75.483 0.383 E5 3
75.867 0.017 B4 15
75.883 0.117 B4 3
76.000 0.017 C5 5
76.017 0.650 C5 3
76.800 0.017 D4 5
76.817 0.250 D4 3
77.067 0.017 E4 5
77.083 0.250 E4 3
77.333 0.017 F#4 5
77.350 0.250 F#4 3
77.600 0.017 G4 5
77.617 0.250 G4 3
77.867 0.017 A4 5
77.883 0.250 A4 3
78.133 0.017 A#4 5
78.150 0.250 A#4 3
78.400 0.017 B4 5
78.417 0.117 B4 3
78.533 0.017 B4 5
78.550 0.117 B4 3
78.667 0.017 B4 5
78.683 0.117 B4 3
78.933 0.017 B4 5
78.950 0.117 B4 3
79.200 0.017 B4 5
79.217 0.517 B4 3
79.733 0.017 G4 5
79.750 0.250 G4 3
80.000 0.017 E5 5
80.017 0.650 E5 3
80.800 0.017 D#5 5
80.817 0.650 D#5 3
81.600 0.017 E5 5
81.617 0.650 E5 3
82.533 0.017 G4 5
82.550 0.117 G4 3
82.667 0.017 A4 5
82.683 0.117 A4 3
82.800 0.017 B4 5
82.817 0.117 B4 3
82.933 0.017 C5 5
82.950 0.117 C5 3
83.067 0.017 D5 5
83.083 0.117 D5 3
83.200 0.017 E5 5
83.217 0.650 E5 3
84.000 0.017 D#5 5
84.017 0.517 D#5 3
84.533 0.017 F5 5
84.550 0.250 F5 3
84.800 0.017 E5 5
84.817 0.650 E5 3
86.267 0.017 G4 5
86.283 0.117 G4 3
86.400 0.017 D5 5
86.417 0.650 D5 3
87.200 0.017 C#5 5
87.217 0.650 C#5 3
88.000 0.017 D5 5
88.017 0.650 D5 3
88.933 0.017 G4 5
88.950 0.117 G4 3
89.067 0.017 A4 5
89.083 0.117 A4 3
89.200 0.017 B4 5
89.217 0.117 B4 3
89.333 0.017 C5 5
89.350 0.117 C5 3
89.467 0.017 C#5 5
89.483 0.117 C#5 3
89.600 0.017 D5 5
89.617 0.650 D5 3
90.400 0.017 G4 5
90.417 0.517 G4 3
90.933 0.017 F5 5
90.950 0.250 F5 3
91.200 0.017 E5 5
91.217 0.650 E5 3
92.667 0.017 G4 5
92.683 0.117 G4 3
92.800 0.017 G5 5
92.817 0.650 G5 3
93.600 0.017 G5 5
93.617 0.650 G5 3
94.400 0.017 G5 5
94.417 0.650 G5 3
95.200 0.017 G5 5
95.217 0.250 G5 3
95.467 0.017 A5 5
95.483 BEGIN_CYCLE
95.483 0.117 A5 3
95.867 0.017 G5 5
95.883 0.117 G5 3
96.000 0.017 F5 5
96.017 0.650 F5 3
96.800 0.017 F5 5
96.817 0.650 F5 3
97.600 0.017 F5 5
97.617 0.650 F5 3
98.400 0.017 F5 5
98.417 0.250 F5 3
98.667 0.017 G5 5
98.683 0.117 G5 3
99.067 0.017 F5 5
99.083 0.117 F5 3
99.200 0.017 E5 5
99.217 0.650 E5 3
100.000 0.017 A4 5
100.017 0.250 A4 3
100.267 0.017 B4 5
100.283 0.250 B4 3
100.533 0.017 F5 5
100.550 0.250 F5 3
100.800 0.017 E5 5
100.817 0.117 E5 3
100.933 0.017 E5 5
100.950 0.117 E5 3
101.067 0.017 E5 5
101.083 0.383 E5 3
101.467 0.017 B4 15
101.483 0.117 B4 3
101.600 0.017 C5 5
101.617 0.650 C5 3
102.400 0.017 D4 5
102.417 0.250 D4 3
102.667 0.017 E4 5
102.683 0.250 E4 3
102.933 0.017 F#4 5
102.950 0.250 F#4 3
103.200 0.017 G4 5
103.217 0.250 G4 3
103.467 0.017 A4 5
103.483 0.250 A4 3
103.733 0.017 A#4 5
103.750 0.250 A#4 3
104.000 0.017 B4 5
104.017 0.117 B4 3
104.133 0.017 B4 5
104.150 0.117 B4 3
104.267 0.017 B4 5
104.283 0.117 B4 3
104.533 0.017 B4 5
104.550 0.117 B4 3
104.800 0.017 B4 5
104.817 0.517 B4 3
105.333 0.017 G4 5
105.350 0.250 G4 3
105.600 0.017 E5 5
105.617 0.650 E5 3
106.400 0.017 D#5 5
106.417 0.650 D#5 3
107.200 0.017 E5 5
107.217 0.650 E5 3
108.133 0.017 G4 5
108.150 0.117 G4 3
108.267 0.017 A4 5
108.283 0.117 A4 3
108.400 0.017 B4 5
108.417 0.117 B4 3
108.533 0.017 C5 5
108.550 0.117 C5 3
108.667 0.017 D5 5
108.683 0.117 D5 3
108.800 0.017 E5 5
108.817 0.650 E5 3
109.600 0.017 D#5 5
109.617 0.517 D#5 3
110.133 0.017 F5 5
110.150 0.250 F5 3
110.400 0.017 E5 5
110.417 0.650 E5 3
111.867 0.017 G4 5
111.883 0.117 G4 3
112.000 0.017 D5 5
112.017 0.650 D5 3
112.800 0.017 C#5 5
112.817 0.650 C#5 3
113.600 0.017 D5 5
113.617 0.650 D5 3
114.533 0.017 G4 5
114.550 0.117 G4 3
114.667 0.017 A4 5
114.683 0.117 A4 3
114.800 0.017 B4 5
114.817 0.117 B4 3
114.933 0.017 C5 5
114.950 0.117 C5 3
115.067 0.017 C#5 5
115.083 0.117 C#5 3
115.200 0.017 D5 5
115.217 0.650 D5 3
116.000 0.017 G4 5
116.017 0.517 G4 3
116.533 0.017 F5 5
116.550 0.250 F5 3
116.800 0.017 E5 5
116.817 0.650 E5 3
118.267 0.017 G4 5
118.283 0.117 G4 3
118.400 0.017 G5 5
118.417 0.650 G5 3
119.200 0.017 G5 5
119.217 0.650 G5 3
120.000 0.017 G5 5
120.017 0.650 G5 3
120.800 0.017 G5 5
120.817 0.250 G5 3
121.067 0.017 A5 5
121.083 0.117 A5 3
121.467 0.017 G5 5
121.483 0.117 G5 3
121.600 0.017 F5 5
121.617 0.650 F5 3
122.400 0.017 F5 5
122.417 0.650 F5 3
123.200 0.017 F5 5
123.217 0.650 F5 3
124.000 0.017 F5 5
124.017 0.250 F5 3
124.267 0.017 G5 5
124.283 0.117 G5 3
124.667 0.017 F5 5
124.683 0.117 F5 3
124.800 0.017 E5 5
124.817 0.650 E5 3
125.600 0.017 A4 5
125.617 0.250 A4 3
125.867 0.017 B4 5
125.883 0.250 B4 3
126.133 0.017 F5 5
126.150 0.250 F5 3
126.400 0.017 E5 5
126.417 0.117 E5 3
126.533 0.017 E5 5
126.550 0.117 E5 3
126.667 0.017 E5 5
126.683 0.383 E5 3
127.067 0.017 B4 15
127.083 0.117 B4 3
127.200 0.017 C5 5
127.217 0.650 C5 3
128.000 0.017 D4 5
128.017 0.250 D4 3
128.267 0.017 E4 5
128.283 0.250 E4 3
128.533 0.017 F#4 5
128.550 0.250 F#4 3
128.800 0.017 G4 5
128.817 0.250 G4 3
129.067 0.017 A4 5
129.083 0.250 A4 3
129.333 0.017 A#4 5
129.350 0.250 A#4 3
129.600 0.017 B4 5
129.617 0.117 B4 3
129.733 0.017 B4 5
129.750 0.117 B4 3
129.867 0.017 B4 5
129.883 0.117 B4 3
130.133 0.017 B4 5
130.150 0.117 B4 3
130.400 0.017 B4 5
130.417 0.517 B4 3
130.933 0.017 G4 5
130.950 0.250 G4 3
131.200 0.017 E5 5
131.217 0.650 E5 3
132.000 0.017 D#5 5
132.017 0.650 D#5 3
132.800 0.017 E5 5
132.817 0.650 E5 3
133.733 0.017 G4 5
133.750 0.117 G4 3
133.867 0.017 A4 5
133.883 0.117 A4 3
134.000 0.017 B4 5
134.017 0.117 B4 3
134.133 0.017 C5 5
134.150 0.117 C5 3
134.267 0.017 D5 5
134.283 0.117 D5 3
134.400 0.017 E5 5
134.417 0.650 E5 3
135.200 0.017 D#5 5
135.217 0.517 D#5 3
135.733 0.017 F5 5
135.750 0.250 F5 3
136.000 0.017 E5 5
136.017 0.650 E5 3
137.467 0.017 G4 5
137.483 0.117 G4 3
137.600 0.017 D5 5
137.617 0.650 D5 3
138.400 0.017 C#5 5
138.417 0.650 C#5 3
139.200 0.017 D5 5
139.217 0.650 D5 3
140.133 0.017 G4 5
140.150 0.117 G4 3
140.267 0.017 A4 5
140.283 0.117 A4 3
140.400 0.017 B4 5
140.417 0.117 B4 3
140.533 0.017 C5 5
140.550 0.117 C5 3
140.667 0.017 C#5 5
140.683 0.117 C#5 3
140.800 0.017 D5 5
140.817 0.650 D5 3
141.600 0.017 G4 5
141.617 0.517 G4 3
142.133 0.017 F5 5
142.150 0.250 F5 3
142.400 0.017 E5 5
142.417 0.650 E5 3
143.867 0.017 G4 5
143.883 0.117 G4 3
144.000 0.017 G5 5
144.017 0.650 G5 3
144.800 0.017 G5 5
144.817 0.650 G5 3
145.600 0.017 G5 5
145.617 0.650 G5 3
146.400 0.017 G5 5
146.417 0.250 G5 3
146.667 0.017 A5 5
146.683 END_CYCLE

Triangle(475)
time dur note vol
2.133 0.133 G4 15
2.400 0.800 G4 15
3.200 0.133 C4 15
3.467 0.133 G4 15
3.733 0.133 C5 15
4.000 0.133 B3 15
4.267 0.133 G4 15
4.533 0.133 B4 15
4.800 0.133 C4 15
5.067 0.133 G4 15
5.333 0.133 C5 15
5.600 0.133 E4 15
5.867 0.133 G4 15
6.133 0.133 C5 15
6.400 0.133 C4 15
6.667 0.133 G4 15
6.933 0.133 C5 15
7.200 0.133 B3 15
7.467 0.133 G4 15
7.733 0.133 B4 15
8.000 0.133 C4 15
8.267 0.133 G4 15
8.533 0.133 C5 15
8.800 0.133 E4 15
9.067 0.133 G4 15
9.333 0.133 C5 15
9.600 0.133 D4 15
9.867 0.133 G4 15
10.133 0.133 B4 15
10.400 0.133 C#4 15
10.667 0.133 F#4 15
10.933 0.133 A#4 15
11.200 0.133 D4 15
11.467 0.133 G4 15
11.733 0.133 B4 15
12.000 0.133 B3 15
12.267 0.133 G4 15
12.533 0.133 B4 15
12.800 0.133 D4 15
13.067 0.133 G4 15
13.333 0.133 B4 15
13.600 0.133 B3 15
13.867 0.133 G4 15
14.133 0.133 B4 15
14.400 0.133 C4 15
14.667 0.133 G4 15
14.933 0.133 C5 15
15.200 0.133 G3 15
15.467 0.133 G4 15
15.733 0.133 C5 15
16.000 0.133 C4 15
16.267 0.133 G4 15
16.533 0.133 E5 15
16.800 0.133 B3 15
17.067 0.133 G4 15
17.333 0.133 D5 15
17.600 0.133 A#3 15
17.867 0.133 G4 15
18.133 0.133 C#5 15
18.400 0.133 C#4 15
18.667 0.133 G4 15
18.933 0.133 E5 15
19.200 0.133 D4 15
19.467 0.133 A4 15
19.733 0.133 F5 15
20.000 0.133 C#4 15
20.267 0.133 A4 15
20.533 0.133 F5 15
20.800 0.133 C4 15
21.067 0.133 A4 15
21.333 0.133 F5 15
21.600 0.133 B3 15
21.867 0.133 G4 15
22.133 0.133 F5 15
22.400 0.133 C3 15
22.667 0.133 G4 15
22.933 0.133 E5 15
23.200 0.133 G3 15
23.467 0.133 G4 15
23.733 0.133 G4 15
24.000 0.667 F4 15
24.667 0.133 B3 15
24.800 0.800 C4 15
27.733 0.133 G4 15
28.000 0.800 G4 15
28.800 0.133 C4 15
29.067 0.133 G4 15
29.333 0.133 C5 15
29.600 0.133 B3 15
29.867 0.133 G4 15
30.133 0.133 B4 15
30.400 0.133 C4 15
30.667 0.133 G4 15
30.933 0.133 C5 15
31.200 0.133 E4 15
31.467 0.133 G4 15
31.733 0.133 C5 15
32.000 0.133 C4 15
32.267 0.133 G4 15
32.533 0.133 C5 15
32.800 0.133 B3 15
33.067 0.133 G4 15
33.333 0.133 B4 15
33.600 0.133 C4 15
33.867 0.133 G4 15
34.133 0.133 C5 15
34.400 0.133 E4 15
34.667 0.133 G4 15
34.933 0.133 C5 15
35.200 0.133 D4 15
35.467 0.133 G4 15
35.733 0.133 B4 15
36.000 0.133 C#4 15
36.267 0.133 F#4 15
36.533 0.133 A#4 15
36.800 0.133 D4 15
37.067 0.133 G4 15
37.333 0.133 B4 15
37.600 0.133 B3 15
37.867 0.133 G4 15
38.133 0.133 B4 15
38.400 0.133 D4 15
38.667 0.133 G4 15
38.933 0.133 B4 15
39.200 0.133 B3 15
39.467 0.133 G4 15
39.733 0.133 B4 15
40.000 0.133 C4 15
40.267 0.133 G4 15
40.533 0.133 C5 15
40.800 0.133 G3 15
41.067 0.133 G4 15
41.333 0.133 C5 15
41.600 0.133 C4 15
41.867 0.133 G4 15
42.133 0.133 E5 15
42.400 0.133 B3 15
42.667 0.133 G4 15
42.933 0.133 D5 15
43.200 0.133 A#3 15
43.467 0.133 G4 15
43.733 0.133 C#5 15
44.000 0.133 C#4 15
44.267 0.133 G4 15
44.533 0.133 E5 15
44.800 0.133 D4 15
45.067 0.133 A4 15
45.333 0.133 F5 15
45.600 0.133 C#4 15
45.867 0.133 A4 15
46.133 0.133 F5 15
46.400 0.133 C4 15
46.667 0.133 A4 15
46.933 0.133 F5 15
47.200 0.133 B3 15
47.467 0.133 G4 15
47.733 0.133 F5 15
48.000 0.133 C3 15
48.267 0.133 G4 15
48.533 0.133 E5 15
48.800 0.133 G3 15
49.067 0.133 G4 15
49.333 0.133 G4 15
49.600 0.667 F4 15
50.267 0.133 B3 15
50.400 0.800 C4 15
53.333 0.133 G4 15
53.600 0.800 G4 15
54.400 0.133 C4 15
54.667 0.133 G4 15
54.933 0.133 C5 15
55.200 0.133 B3 15
55.467 0.133 G4 15
55.733 0.133 B4 15
56.000 0.133 C4 15
56.267 0.133 G4 15
56.533 0.133 C5 15
56.800 0.133 E4 15
57.067 0.133 G4 15
57.333 0.133 C5 15
57.600 0.133 C4 15
57.867 0.133 G4 15
58.133 0.133 C5 15
58.400 0.133 B3 15
58.667 0.133 G4 15
58.933 0.133 B4 15
59.200 0.133 C4 15
59.467 0.133 G4 15
59.733 0.133 C5 15
60.000 0.133 E4 15
60.267 0.133 G4 15
60.533 0.133 C5 15
60.800 0.133 D4 15
61.067 0.133 G4 15
61.333 0.133 B4 15
61.600 0.133 C#4 15
61.867 0.133 F#4 15
62.133 0.133 A#4 15
62.400 0.133 D4 15
62.667 0.133 G4 15
62.933 0.133 B4 15
63.200 0.133 B3 15
63.467 0.133 G4 15
63.733 0.133 B4 15
64.000 0.133 D4 15
64.267 0.133 G4 15
64.533 0.133 B4 15
64.800 0.133 B3 15
65.067 0.133 G4 15
65.333 0.133 B4 15
65.600 0.133 C4 15
65.867 0.133 G4 15
66.133 0.133 C5 15
66.400 0.133 G3 15
66.667 0.133 G4 15
66.933 0.133 C5 15
67.200 0.133 C4 15
67.467 0.133 G4 15
67.733 0.133 E5 15
68.000 0.133 B3 15
68.267 0.133 G4 15
68.533 0.133 D5 15
68.800 0.133 A#3 15
69.067 0.133 G4 15
69.333 0.133 C#5 15
69.600 0.133 C#4 15
69.867 0.133 G4 15
70.133 0.133 E5 15
70.400 0.133 D4 15
70.667 0.133 A4 15
70.933 0.133 F5 15
71.200 0.133 C#4 15
71.467 0.133 A4 15
71.733 0.133 F5 15
72.000 0.133 C4 15
72.267 0.133 A4 15
72.533 0.133 F5 15
72.800 0.133 B3 15
73.067 0.133 G4 15
73.333 0.133 F5 15
73.600 0.133 C3 15
73.867 0.133 G4 15
74.133 0.133 E5 15
74.400 0.133 G3 15
74.667 0.133 G4 15
74.933 0.133 G4 15
75.200 0.667 F4 15
75.867 0.133 B3 15
76.000 0.800 C4 15
78.933 0.133 G4 15
79.200 0.800 G4 15
80.000 0.133 C4 15
80.267 0.133 G4 15
80.533 0.133 C5 15
80.800 0.133 B3 15
81.067 0.133 G4 15
81.333 0.133 B4 15
81.600 0.133 C4 15
81.867 0.133 G4 15
82.133 0.133 C5 15
82.400 0.133 E4 15
82.667 0.133 G4 15
82.933 0.133 C5 15
83.200 0.133 C4 15
83.467 0.133 G4 15
83.733 0.133 C5 15
84.000 0.133 B3 15
84.267 0.133 G4 15
84.533 0.133 B4 15
84.800 0.133 C4 15
85.067 0.133 G4 15
85.333 0.133 C5 15
85.600 0.133 E4 15
85.867 0.133 G4 15
86.133 0.133 C5 15
86.400 0.133 D4 15
86.667 0.133 G4 15
86.933 0.133 B4 15
87.200 0.133 C#4 15
87.467 0.133 F#4 15
87.733 0.133 A#4 15
88.000 0.133 D4 15
88.267 0.133 G4 15
88.533 0.133 B4 15
88.800 0.133 B3 15
89.067 0.133 G4 15
89.333 0.133 B4 15
89.600 0.133 D4 15
89.867 0.133 G4 15
90.133 0.133 B4 15
90.400 0.133 B3 15
90.667 0.133 G4 15
90.933 0.133 B4 15
91.200 0.133 C4 15
91.467 0.133 G4 15
91.733 0.133 C5 15
92.000 0.133 G3 15
92.267 0.133 G4 15
92.533 0.133 C5 15
92.800 0.133 C4 15
93.067 0.133 G4 15
93.333 0.133 E5 15
93.600 0.133 B3 15
93.867 0.133 G4 15
94.133 0.133 D5 15
94.400 0.133 A#3 15
94.667 0.133 G4 15
94.933 0.133 C#5 15
95.200 0.133 C#4 15
95.467 BEGIN_CYCLE
95.467 0.133 G4 15
95.733 0.133 E5 15
96.000 0.133 D4 15
96.267 0.133 A4 15
96.533 0.133 F5 15
96.800 0.133 C#4 15
97.067 0.133 A4 15
97.333 0.133 F5 15
97.600 0.133 C4 15
97.867 0.133 A4 15
98.133 0.133 F5 15
98.400 0.133 B3 15
98.667 0.133 G4 15
98.933 0.133 F5 15
99.200 0.133 C3 15
99.467 0.133 G4 15
99.733 0.133 E5 15
100.000 0.133 G3 15
100.267 0.133 G4 15
100.533 0.133 G4 15
100.800 0.667 F4 15
101.467 0.133 B3 15
101.600 0.800 C4 15
104.533 0.133 G4 15
104.800 0.800 G4 15
105.600 0.133 C4 15
105.867 0.133 G4 15
106.133 0.133 C5 15
106.400 0.133 B3 15
106.667 0.133 G4 15
106.933 0.133 B4 15
107.200 0.133 C4 15
107.467 0.133 G4 15
107.733 0.133 C5 15
108.000 0.133 E4 15
108.267 0.133 G4 15
108.533 0.133 C5 15
108.800 0.133 C4 15
109.067 0.133 G4 15
109.333 0.133 C5 15
109.600 0.133 B3 15
109.867 0.133 G4 15
110.133 0.133 B4 15
110.400 0.133 C4 15
110.667 0.133 G4 15
110.933 0.133 C5 15
111.200 0.133 E4 15
111.467 0.133 G4 15
111.733 0.133 C5 15
112.000 0.133 D4 15
112.267 0.133 G4 15
112.533 0.133 B4 15
112.800 0.133 C#4 15
113.067 0.133 F#4 15
113.333 0.133 A#4 15
113.600 0.133 D4 15
113.867 0.133 G4 15
114.133 0.133 B4 15
114.400 0.133 B3 15
114.667 0.133 G4 15
114.933 0.133 B4 15
115.200 0.133 D4 15
115.467 0.133 G4 15
115.733 0.133 B4 15
116.000 0.133 B3 15
116.267 0.133 G4 15
116.533 0.133 B4 15
116.800 0.133 C4 15
117.067 0.133 G4 15
117.333 0.133 C5 15
117.600 0.133 G3 15
117.867 0.133 G4 15
118.133 0.133 C5 15
118.400 0.133 C4 15
118.667 0.133 G4 15
118.933 0.133 E5 15
119.200 0.133 B3 15
119.467 0.133 G4 15
119.733 0.133 D5 15
120.000 0.133 A#3 15
120.267 0.133 G4 15
120.533 0.133 C#5 15
120.800 0.133 C#4 15
121.067 0.133 G4 15
121.333 0.133 E5 15
121.600 0.133 D4 15
121.867 0.133 A4 15
122.133 0.133 F5 15
122.400 0.133 C#4 15
122.667 0.133 A4 15
122.933 0.133 F5 15
123.200 0.133 C4 15
123.467 0.133 A4 15
123.733 0.133 F5 15
124.000 0.133 B3 15
124.267 0.133 G4 15
124.533 0.133 F5 15
124.800 0.133 C3 15
125.067 0.133 G4 15
125.333 0.133 E5 15
125.600 0.133 G3 15
125.867 0.133 G4 15
126.133 0.133 G4 15
126.400 0.667 F4 15
127.067 0.133 B3 15
127.200 0.800 C4 15
130.133 0.133 G4 15
130.400 0.800 G4 15
131.200 0.133 C4 15
131.467 0.133 G4 15
131.733 0.133 C5 15
132.000 0.133 B3 15
132.267 0.133 G4 15
132.533 0.133 B4 15
132.800 0.133 C4 15
133.067 0.133 G4 15
133.333 0.133 C5 15
133.600 0.133 E4 15
133.867 0.133 G4 15
134.133 0.133 C5 15
134.400 0.133 C4 15
134.667 0.133 G4 15
134.933 0.133 C5 15
135.200 0.133 B3 15
135.467 0.133 G4 15
135.733 0.133 B4 15
136.000 0.133 C4 15
136.267 0.133 G4 15
136.533 0.133 C5 15
136.800 0.133 E4 15
137.067 0.133 G4 15
137.333 0.133 C5 15
137.600 0.133 D4 15
137.867 0.133 G4 15
138.133 0.133 B4 15
138.400 0.133 C#4 15
138.667 0.133 F#4 15
138.933 0.133 A#4 15
139.200 0.133 D4 15
139.467 0.133 G4 15
139.733 0.133 B4 15
140.000 0.133 B3 15
140.267 0.133 G4 15
140.533 0.133 B4 15
140.800 0.133 D4 15
141.067 0.133 G4 15
141.333 0.133 B4 15
141.600 0.133 B3 15
141.867 0.133 G4 15
142.133 0.133 B4 15
142.400 0.133 C4 15
142.667 0.133 G4 15
142.933 0.133 C5 15
143.200 0.133 G3 15
143.467 0.133 G4 15
143.733 0.133 C5 15
144.000 0.133 C4 15
144.267 0.133 G4 15
144.533 0.133 E5 15
144.800 0.133 B3 15
145.067 0.133 G4 15
145.333 0.133 D5 15
145.600 0.133 A#3 15
145.867 0.133 G4 15
146.133 0.133 C#5 15
146.400 0.133 C#4 15
146.667 END_CYCLE

Noise(758)
time dur noise vol drum
0.267 0.017 11 12 kick_tight
0.533 0.083 11 15 kick_tight
1.067 0.017 11 15 kick_tight
1.200 0.017 11 15 kick_tight
1.333 0.083 11 15 kick_tight
1.867 0.017 11 15 kick_tight
2.133 0.083 11 15 kick_tight
2.667 0.017 11 15 kick_tight
2.800 0.017 11 15 kick_tight
2.933 0.083 11 15 kick_tight
3.467 0.017 11 15 kick_tight
3.733 0.083 11 15 kick_tight
4.267 0.017 11 15 kick_tight
4.400 0.017 11 15 kick_tight
4.533 0.083 11 15 kick_tight
5.067 0.017 11 15 kick_tight
5.333 0.083 11 15 kick_tight
5.867 0.017 11 15 kick_tight
6.000 0.017 11 15 kick_tight
6.133 0.083 11 15 kick_tight
6.667 0.017 11 15 kick_tight
6.933 0.083 11 15 kick_tight
7.467 0.017 11 15 kick_tight
7.600 0.017 11 15 kick_tight
7.733 0.083 11 15 kick_tight
8.267 0.017 11 15 kick_tight
8.533 0.083 11 15 kick_tight
9.067 0.017 11 15 kick_tight
9.200 0.017 11 15 kick_tight
9.333 0.083 11 15 kick_tight
9.867 0.017 11 15 kick_tight
10.133 0.083 11 15 kick_tight
10.667 0.017 11 15 kick_tight
10.800 0.017 11 15 kick_tight
10.933 0.083 11 15 kick_tight
11.467 0.017 11 15 kick_tight
11.733 0.083 11 15 kick_tight
12.267 0.017 11 15 kick_tight
12.400 0.017 11 15 kick_tight
12.533 0.083 11 15 kick_tight
13.067 0.017 11 15 kick_tight
13.333 0.083 11 15 kick_tight
13.867 0.017 11 15 kick_tight
14.000 0.017 11 15 kick_tight
14.133 0.083 11 15 kick_tight
14.667 0.017 11 15 kick_tight
14.933 0.083 11 15 kick_tight
15.467 0.017 11 15 kick_tight
15.600 0.017 11 15 kick_tight
15.733 0.083 11 15 kick_tight
16.267 0.017 11 15 kick_tight
16.533 0.083 11 15 kick_tight
17.067 0.017 11 15 kick_tight
17.200 0.017 11 15 kick_tight
17.333 0.083 11 15 kick_tight
17.867 0.017 11 15 kick_tight
18.133 0.083 11 15 kick_tight
18.667 0.017 11 15 kick_tight
18.800 0.017 11 15 kick_tight
18.933 0.083 11 15 kick_tight
19.467 0.017 11 15 kick_tight
19.733 0.083 11 15 kick_tight
20.267 0.017 11 15 kick_tight
20.400 0.017 11 15 kick_tight
20.533 0.083 11 15 kick_tight
21.067 0.017 11 15 kick_tight
21.333 0.083 11 15 kick_tight
21.867 0.017 11 15 kick_tight
22.000 0.017 11 15 kick_tight
22.133 0.083 11 15 kick_tight
22.667 0.017 11 15 kick_tight
22.933 0.083 11 15 kick_tight
23.467 0.017 11 15 kick_tight
23.600 0.017 11 15 kick_tight
23.733 0.083 11 15 kick_tight
24.267 0.017 11 15 kick_tight
24.533 0.083 11 15 kick_tight
25.067 0.017 11 15 kick_tight
25.200 0.017 11 15 kick_tight
25.333 0.083 11 15 kick_tight
25.867 0.017 11 15 kick_tight
26.133 0.083 11 15 kick_tight
26.667 0.017 11 15 kick_tight
26.800 0.017 11 15 kick_tight
26.933 0.083 11 15 kick_tight
27.467 0.017 11 15 kick_tight
27.733 0.083 11 15 kick_tight
28.267 0.017 11 15 kick_tight
28.400 0.017 11 15 kick_tight
28.533 0.083 11 15 kick_tight
29.067 0.017 11 15 kick_tight
29.333 0.083 11 15 kick_tight
29.867 0.017 11 15 kick_tight
30.000 0.017 11 15 kick_tight
30.133 0.083 11 15 kick_tight
30.667 0.017 11 15 kick_tight
30.933 0.083 11 15 kick_tight
31.467 0.017 11 15 kick_tight
31.600 0.017 11 15 kick_tight
31.733 0.083 11 15 kick_tight
32.267 0.017 11 15 kick_tight
32.533 0.083 11 15 kick_tight
33.067 0.017 11 15 kick_tight
33.200 0.017 11 15 kick_tight
33.333 0.083 11 15 kick_tight
33.867 0.017 11 15 kick_tight
34.133 0.083 11 15 kick_tight
34.667 0.017 11 15 kick_tight
34.800 0.017 11 15 kick_tight
34.933 0.083 11 15 kick_tight
35.467 0.017 11 15 kick_tight
35.733 0.083 11 15 kick_tight
36.267 0.017 11 15 kick_tight
36.400 0.017 11 15 kick_tight
36.533 0.083 11 15 kick_tight
37.067 0.017 11 15 kick_tight
37.333 0.083 11 15 kick_tight
37.867 0.017 11 15 kick_tight
38.000 0.017 11 15 kick_tight
38.133 0.083 11 15 kick_tight
38.667 0.017 11 15 kick_tight
38.933 0.083 11 15 kick_tight
39.467 0.017 11 15 kick_tight
39.600 0.017 11 15 kick_tight
39.733 0.083 11 15 kick_tight
40.267 0.017 11 15 kick_tight
40.533 0.083 11 15 kick_tight
41.067 0.017 11 15 kick_tight
41.200 0.017 11 15 kick_tight
41.333 0.083 11 15 kick_tight
41.867 0.017 11 15 kick_tight
42.133 0.083 11 15 kick_tight
42.667 0.017 11 15 kick_tight
42.800 0.017 11 15 kick_tight
42.933 0.083 11 15 kick_tight
43.467 0.017 11 15 kick_tight
43.733 0.083 11 15 kick_tight
44.267 0.017 11 15 kick_tight
44.400 0.017 11 15 kick_tight
44.533 0.083 11 15 kick_tight
45.067 0.017 11 15 kick_tight
45.333 0.083 11 15 kick_tight
45.867 0.017 11 15 kick_tight
46.000 0.017 11 15 kick_tight
46.133 0.083 11 15 kick_tight
46.667 0.017 11 15 kick_tight
46.933 0.083 11 15 kick_tight
47.467 0.017 11 15 kick_tight
47.600 0.017 11 15 kick_tight
47.733 0.083 11 15 kick_tight
48.267 0.017 11 15 kick_tight
48.533 0.083 11 15 kick_tight
49.067 0.017 11 15 kick_tight
49.200 0.017 11 15 kick_tight
49.333 0.083 11 15 kick_tight
49.867 0.017 11 15 kick_tight
50.133 0.083 11 15 kick_tight
50.667 0.017 11 15 kick_tight
50.800 0.017 11 15 kick_tight
50.933 0.083 11 15 kick_tight
51.467 0.017 11 15 kick_tight
51.733 0.083 11 15 kick_tight
52.267 0.017 11 15 kick_tight
52.400 0.017 11 15 kick_tight
52.533 0.083 11 15 kick_tight
53.067 0.017 11 15 kick_tight
53.333 0.083 11 15 kick_tight
53.867 0.017 11 15 kick_tight
54.000 0.017 11 15 kick_tight
54.133 0.083 11 15 kick_tight
54.667 0.017 11 15 kick_tight
54.933 0.083 11 15 kick_tight
55.467 0.017 11 15 kick_tight
55.600 0.017 11 15 kick_tight
55.733 0.083 11 15 kick_tight
56.267 0.017 11 15 kick_tight
56.533 0.083 11 15 kick_tight
57.067 0.017 11 15 kick_tight
57.200 0.017 11 15 kick_tight
57.333 0.083 11 15 kick_tight
57.867 0.017 11 15 kick_tight
58.133 0.083 11 15 kick_tight
58.667 0.017 11 15 kick_tight
58.800 0.017 11 15 kick_tight
58.933 0.083 11 15 kick_tight
59.467 0.017 11 15 kick_tight
59.733 0.083 11 15 kick_tight
60.267 0.017 11 15 kick_tight
60.400 0.017 11 15 kick_tight
60.533 0.083 11 15 kick_tight
61.067 0.017 11 15 kick_tight
61.333 0.083 11 15 kick_tight
61.867 0.017 11 15 kick_tight
62.000 0.017 11 15 kick_tight
62.133 0.083 11 15 kick_tight
62.667 0.017 11 15 kick_tight
62.933 0.083 11 15 kick_tight
63.467 0.017 11 15 kick_tight
63.600 0.017 11 15 kick_tight
63.733 0.083 11 15 kick_tight
64.267 0.017 11 15 kick_tight
64.533 0.083 11 15 kick_tight
65.067 0.017 11 15 kick_tight
65.200 0.017 11 15 kick_tight
65.333 0.083 11 15 kick_tight
65.867 0.017 11 15 kick_tight
66.133 0.083 11 15 kick_tight
66.667 0.017 11 15 kick_tight
66.800 0.017 11 15 kick_tight
66.933 0.083 11 15 kick_tight
67.467 0.017 11 15 kick_tight
67.733 0.083 11 15 kick_tight
68.267 0.017 11 15 kick_tight
68.400 0.017 11 15 kick_tight
68.533 0.083 11 15 kick_tight
69.067 0.017 11 15 kick_tight
69.333 0.083 11 15 kick_tight
69.867 0.017 11 15 kick_tight
70.000 0.017 11 15 kick_tight
70.133 0.083 11 15 kick_tight
70.667 0.017 11 15 kick_tight
70.933 0.083 11 15 kick_tight
71.467 0.017 11 15 kick_tight
71.600 0.017 11 15 kick_tight
71.733 0.083 11 15 kick_tight
72.267 0.017 11 15 kick_tight
72.533 0.083 11 15 kick_tight
73.067 0.017 11 15 kick_tight
73.200 0.017 11 15 kick_tight
73.333 0.083 11 15 kick_tight
73.867 0.017 11 15 kick_tight
74.133 0.083 11 15 kick_tight
74.667 0.017 11 15 kick_tight
74.800 0.017 11 15 kick_tight
74.933 0.083 11 15 kick_tight
75.467 0.017 11 15 kick_tight
75.733 0.083 11 15 kick_tight
76.267 0.017 11 15 kick_tight
76.400 0.017 11 15 kick_tight
76.533 0.083 11 15 kick_tight
77.067 0.017 11 15 kick_tight
77.333 0.083 11 15 kick_tight
77.867 0.017 11 15 kick_tight
78.000 0.017 11 15 kick_tight
78.133 0.083 11 15 kick_tight
78.667 0.017 11 15 kick_tight
78.933 0.083 11 15 kick_tight
79.467 0.017 11 15 kick_tight
79.600 0.017 11 15 kick_tight
79.733 0.083 11 15 kick_tight
80.267 0.017 11 15 kick_tight
80.533 0.083 11 15 kick_tight
81.067 0.017 11 15 kick_tight
81.200 0.017 11 15 kick_tight
81.333 0.083 11 15 kick_tight
81.867 0.017 11 15 kick_tight
82.133 0.083 11 15 kick_tight
82.667 0.017 11 15 kick_tight
82.800 0.017 11 15 kick_tight
82.933 0.083 11 15 kick_tight
83.467 0.017 11 15 kick_tight
83.733 0.083 11 15 kick_tight
84.267 0.017 11 15 kick_tight
84.400 0.017 11 15 kick_tight
84.533 0.083 11 15 kick_tight
85.067 0.017 11 15 kick_tight
85.333 0.083 11 15 kick_tight
85.867 0.017 11 15 kick_tight
86.000 0.017 11 15 kick_tight
86.133 0.083 11 15 kick_tight
86.667 0.017 11 15 kick_tight
86.933 0.083 11 15 kick_tight
87.467 0.017 11 15 kick_tight
87.600 0.017 11 15 kick_tight
87.733 0.083 11 15 kick_tight
88.267 0.017 11 15 kick_tight
88.533 0.083 11 15 kick_tight
89.067 0.017 11 15 kick_tight
89.200 0.017 11 15 kick_tight
89.333 0.083 11 15 kick_tight
89.867 0.017 11 15 kick_tight
90.133 0.083 11 15 kick_tight
90.667 0.017 11 15 kick_tight
90.800 0.017 11 15 kick_tight
90.933 0.083 11 15 kick_tight
91.467 0.017 11 15 kick_tight
91.733 0.083 11 15 kick_tight
92.267 0.017 11 15 kick_tight
92.400 0.017 11 15 kick_tight
92.533 0.083 11 15 kick_tight
93.067 0.017 11 15 kick_tight
93.333 0.083 11 15 kick_tight
93.867 0.017 11 15 kick_tight
94.000 0.017 11 15 kick_tight
94.133 0.083 11 15 kick_tight
94.667 0.017 11 15 kick_tight
94.933 0.083 11 15 kick_tight
95.467 0.017 11 15 kick_tight
95.600 0.017 11 15 kick_tight
95.733 0.083 11 15 kick_tight
96.267 0.017 11 15 kick_tight
96.533 0.083 11 15 kick_tight
97.067 0.017 11 15 kick_tight
97.200 0.017 11 15 kick_tight
97.333 0.083 11 15 kick_tight
97.867 0.017 11 15 kick_tight
98.133 0.083 11 15 kick_tight
98.667 0.017 11 15 kick_tight
98.800 0.017 11 15 kick_tight
98.933 0.083 11 15 kick_tight
99.467 0.017 11 15 kick_tight
99.733 0.083 11 15 kick_tight
100.267 0.017 11 15 kick_tight
100.400 0.017 11 15 kick_tight
100.533 0.083 11 15 kick_tight
101.067 0.017 11 15 kick_tight
101.333 0.083 11 15 kick_tight
101.867 0.017 11 15 kick_tight
102.000 0.017 11 15 kick_tight
102.133 0.083 11 15 kick_tight
102.667 0.017 11 15 kick_tight
102.933 0.083 11 15 kick_tight
103.467 0.017 11 15 kick_tight
103.600 0.017 11 15 kick_tight
103.733 0.083 11 15 kick_tight
104.267 0.017 11 15 kick_tight
104.533 0.083 11 15 kick_tight
105.067 0.017 11 15 kick_tight
105.200 0.017 11 15 kick_tight
105.333 0.083 11 15 kick_tight
105.867 0.017 11 15 kick_tight
106.133 0.083 11 15 kick_tight
106.667 0.017 11 15 kick_tight
106.800 0.017 11 15 kick_tight
106.933 0.083 11 15 kick_tight
107.467 0.017 11 15 kick_tight
107.733 0.083 11 15 kick_tight
108.267 0.017 11 15 kick_tight
108.400 0.017 11 15 kick_tight
108.533 0.083 11 15 kick_tight
109.067 0.017 11 15 kick_tight
109.333 0.083 11 15 kick_tight
109.867 0.017 11 15 kick_tight
110.000 0.017 11 15 kick_tight
110.133 0.083 11 15 kick_tight
110.667 0.017 11 15 kick_tight
110.933 0.083 11 15 kick_tight
111.467 0.017 11 15 kick_tight
111.600 0.017 11 15 kick_tight
111.733 0.083 11 15 kick_tight
112.267 0.017 11 15 kick_tight
112.533 0.083 11 15 kick_tight
113.067 0.017 11 15 kick_tight
113.200 0.017 11 15 kick_tight
113.333 0.083 11 15 kick_tight
113.867 0.017 11 15 kick_tight
114.133 0.083 11 15 kick_tight
114.667 0.017 11 15 kick_tight
114.800 0.017 11 15 kick_tight
114.933 0.083 11 15 kick_tight
115.467 0.017 11 15 kick_tight
115.733 0.083 11 15 kick_tight
116.267 0.017 11 15 kick_tight
116.400 0.017 11 15 kick_tight
116.533 0.083 11 15 kick_tight
117.067 0.017 11 15 kick_tight
117.333 0.083 11 15 kick_tight
117.867 0.017 11 15 kick_tight
118.000 0.017 11 15 kick_tight
118.133 0.083 11 15 kick_tight
118.667 0.017 11 15 kick_tight
118.933 0.083 11 15 kick_tight
119.467 0.017 11 15 kick_tight
119.600 0.017 11 15 kick_tight
119.733 0.083 11 15 kick_tight
120.267 0.017 11 15 kick_tight
120.533 0.083 11 15 kick_tight
121.067 0.017 11 15 kick_tight
121.200 0.017 11 15 kick_tight
121.333 0.083 11 15 kick_tight
121.867 0.017 11 15 kick_tight
122.133 0.083 11 15 kick_tight
122.667 0.017 11 15 kick_tight
122.800 0.017 11 15 kick_tight
122.933 0.083 11 15 kick_tight
123.467 0.017 11 15 kick_tight
123.733 0.083 11 15 kick_tight
124.267 0.017 11 15 kick_tight
124.400 0.017 11 15 kick_tight
124.533 0.083 11 15 kick_tight
125.067 0.017 11 15 kick_tight
125.333 0.083 11 15 kick_tight
125.867 0.017 11 15 kick_tight
126.000 0.017 11 15 kick_tight
126.133 0.083 11 15 kick_tight
126.667 0.017 11 15 kick_tight
126.933 0.083 11 15 kick_tight
127.467 0.017 11 15 kick_tight
127.600 0.017 11 15 kick_tight
127.733 0.083 11 15 kick_tight
128.267 0.017 11 15 kick_tight
128.533 0.083 11 15 kick_tight
129.067 0.017 11 15 kick_tight
129.200 0.017 11 15 kick_tight
129.333 0.083 11 15 kick_tight
129.867 0.017 11 15 kick_tight
130.133 0.083 11 15 kick_tight
130.667 0.017 11 15 kick_tight
130.800 0.017 11 15 kick_tight
130.933 0.083 11 15 kick_tight
131.467 0.017 11 15 kick_tight
131.733 0.083 11 15 kick_tight
132.267 0.017 11 15 kick_tight
132.400 0.017 11 15 kick_tight
132.533 0.083 11 15 kick_tight
133.067 0.017 11 15 kick_tight
133.333 0.083 11 15 kick_tight
133.867 0.017 11 15 kick_tight
134.000 0.017 11 15 kick_tight
134.133 0.083 11 15 kick_tight
134.667 0.017 11 15 kick_tight
134.933 0.083 11 15 kick_tight
135.467 0.017 11 15 kick_tight
135.600 0.017 11 15 kick_tight
135.733 0.083 11 15 kick_tight
136.267 0.017 11 15 kick_tight
136.533 0.083 11 15 kick_tight
137.067 0.017 11 15 kick_tight
137.200 0.017 11 15 kick_tight
137.333 0.083 11 15 kick_tight
137.867 0.017 11 15 kick_tight
138.133 0.083 11 15 kick_tight
138.667 0.017 11 15 kick_tight
138.800 0.017 11 15 kick_tight
138.933 0.083 11 15 kick_tight
139.467 0.017 11 15 kick_tight
139.733 0.083 11 15 kick_tight
140.267 0.017 11 15 kick_tight
140.400 0.017 11 15 kick_tight
140.533 0.083 11 15 kick_tight
141.067 0.017 11 15 kick_tight
141.333 0.083 11 15 kick_tight
141.867 0.017 11 15 kick_tight
142.000 0.017 11 15 kick_tight
142.133 0.083 11 15 kick_tight
142.667 0.017 11 15 kick_tight
142.933 0.083 11 15 kick_tight
143.467 0.017 11 15 kick_tight
143.600 0.017 11 15 kick_tight
143.733 0.083 11 15 kick_tight
144.267 0.017 11 15 kick_tight
144.533 0.083 11 15 kick_tight
145.067 0.017 11 15 kick_tight
145.200 0.017 11 15 kick_tight
145.333 0.083 11 15 kick_tight
145.867 0.017 11 15 kick_tight
146.133 0.083 11 15 kick_tight
146.667 0.017 11 15 kick_tight
146.800 0.017 11 15 kick_tight
146.933 0.083 11 15 kick_tight
147.467 0.017 11 15 kick_tight
147.733 0.083 11 15 kick_tight
148.267 0.017 11 15 kick_tight
148.400 0.017 11 15 kick_tight
148.533 0.083 11 15 kick_tight
149.067 0.017 11 15 kick_tight
149.333 0.083 11 15 kick_tight
149.867 0.017 11 15 kick_tight
150.000 0.017 11 15 kick_tight
150.133 0.083 11 15 kick_tight
150.667 0.017 11 15 kick_tight
150.933 0.083 11 15 kick_tight
151.467 0.017 11 15 kick_tight
151.600 0.017 11 15 kick_tight
151.733 0.083 11 15 kick_tight
152.267 0.017 11 15 kick_tight
152.533 0.083 11 15 kick_tight
153.067 0.017 11 15 kick_tight
153.200 0.017 11 15 kick_tight
153.333 0.083 11 15 kick_tight
153.867 0.017 11 15 kick_tight
154.133 0.083 11 15 kick_tight
154.667 0.017 11 15 kick_tight
154.800 0.017 11 15 kick_tight
154.933 0.083 11 15 kick_tight
155.467 0.017 11 15 kick_tight
155.733 0.083 11 15 kick_tight
156.267 0.017 11 15 kick_tight
156.400 0.017 11 15 kick_tight
156.533 0.083 11 15 kick_tight
157.067 0.017 11 15 kick_tight
157.333 0.083 11 15 kick_tight
157.867 0.017 11 15 kick_tight
158.000 0.017 11 15 kick_tight
158.133 0.083 11 15 kick_tight
158.667 0.017 11 15 kick_tight
158.933 0.083 11 15 kick_tight
159.467 0.017 11 15 kick_tight
159.600 0.017 11 15 kick_tight
159.733 0.083 11 15 kick_tight
160.267 0.017 11 15 kick_tight
160.533 0.083 11 15 kick_tight
161.067 0.017 11 15 kick_tight
161.200 0.017 11 15 kick_tight
161.333 0.083 11 15 kick_tight
161.867 0.017 11 15 kick_tight
162.133 0.083 11 15 kick_tight
162.667 0.017 11 15 kick_tight
162.800 0.017 11 15 kick_tight
162.933 0.083 11 15 kick_tight
163.467 0.017 11 15 kick_tight
163.733 0.083 11 15 kick_tight
164.267 0.017 11 15 kick_tight
164.400 0.017 11 15 kick_tight
164.533 0.083 11 15 kick_tight
165.067 0.017 11 15 kick_tight
165.333 0.083 11 15 kick_tight
165.867 0.017 11 15 kick_tight
166.000 0.017 11 15 kick_tight
166.133 0.083 11 15 kick_tight
166.667 0.017 11 15 kick_tight
166.933 0.083 11 15 kick_tight
167.467 0.017 11 15 kick_tight
167.600 0.017 11 15 kick_tight
167.733 0.083 11 15 kick_tight
168.267 0.017 11 15 kick_tight
168.533 0.083 11 15 kick_tight
169.067 0.017 11 15 kick_tight
169.200 0.017 11 15 kick_tight
169.333 0.083 11 15 kick_tight
169.867 0.017 11 15 kick_tight
170.133 0.083 11 15 kick_tight
170.667 0.017 11 15 kick_tight
170.800 0.017 11 15 kick_tight
170.933 0.083 11 15 kick_tight
171.467 0.017 11 15 kick_tight
171.733 0.083 11 15 kick_tight
172.267 0.017 11 15 kick_tight
172.400 0.017 11 15 kick_tight
172.533 0.083 11 15 kick_tight
173.067 0.017 11 15 kick_tight
173.333 0.083 11 15 kick_tight
173.867 0.017 11 15 kick_tight
174.000 0.017 11 15 kick_tight
174.133 0.083 11 15 kick_tight
174.667 0.017 11 15 kick_tight
174.933 0.083 11 15 kick_tight
175.467 0.017 11 15 kick_tight
175.600 0.017 11 15 kick_tight
175.733 0.083 11 15 kick_tight
176.267 0.017 11 15 kick_tight
176.533 0.083 11 15 kick_tight
177.067 0.017 11 15 kick_tight
177.200 0.017 11 15 kick_tight
177.333 0.083 11 15 kick_tight
177.867 0.017 11 15 kick_tight
178.133 0.083 11 15 kick_tight
178.667 0.017 11 15 kick_tight
178.800 0.017 11 15 kick_tight
178.933 0.083 11 15 kick_tight
179.467 0.017 11 15 kick_tight
179.733 0.083 11 15 kick_tight
180.267 0.017 11 15 kick_tight
180.400 0.017 11 15 kick_tight
180.533 0.083 11 15 kick_tight
181.067 0.017 11 15 kick_tight
181.333 0.083 11 15 kick_tight
181.867 0.017 11 15 kick_tight
182.000 0.017 11 15 kick_tight
182.133 0.083 11 15 kick_tight
182.667 0.017 11 15 kick_tight
182.933 0.083 11 15 kick_tight
183.467 0.017 11 15 kick_tight
183.600 0.017 11 15 kick_tight
183.733 0.083 11 15 kick_tight
184.267 0.017 11 15 kick_tight
184.533 0.083 11 15 kick_tight
185.067 0.017 11 15 kick_tight
185.200 0.017 11 15 kick_tight
185.333 0.083 11 15 kick_tight
185.867 0.017 11 15 kick_tight
186.133 0.083 11 15 kick_tight
186.667 0.017 11 15 kick_tight
186.800 0.017 11 15 kick_tight
186.933 0.083 11 15 kick_tight
187.467 0.017 11 15 kick_tight
187.733 0.083 11 15 kick_tight
188.267 0.017 11 15 kick_tight
188.400 0.017 11 15 kick_tight
188.533 0.083 11 15 kick_tight
189.067 0.017 11 15 kick_tight
189.333 0.083 11 15 kick_tight
189.867 0.017 11 15 kick_tight
190.000 0.017 11 15 kick_tight
190.133 0.083 11 15 kick_tight
190.667 0.017 11 15 kick_tight
190.933 0.083 11 15 kick_tight
191.467 0.017 11 15 kick_tight
191.600 0.017 11 15 kick_tight
191.733 0.083 11 15 kick_tight
192.267 0.017 11 15 kick_tight
192.533 0.083 11 15 kick_tight
193.067 0.017 11 15 kick_tight
193.200 0.017 11 15 kick_tight
193.333 0.083 11 15 kick_tight
193.867 0.017 11 15 kick_tight
194.133 0.083 11 15 kick_tight
194.667 0.017 11 15 kick_tight
194.800 0.017 11 15 kick_tight
194.933 0.083 11 15 kick_tight
195.467 0.017 11 15 kick_tight
195.733 0.083 11 15 kick_tight
196.267 0.017 11 15 kick_tight
196.400 0.017 11 15 kick_tight
196.533 0.083 11 15 kick_tight
197.067 0.017 11 15 kick_tight
197.333 0.083 11 15 kick_tight
197.867 0.017 11 15 kick_tight
198.000 0.017 11 15 kick_tight
198.133 0.083 11 15 kick_tight
198.667 0.017 11 15 kick_tight
198.933 0.083 11 15 kick_tight
199.467 0.017 11 15 kick_tight
199.600 0.017 11 15 kick_tight
199.733 0.083 11 15 kick_tight
200.267 0.017 11 15 kick_tight
200.533 0.083 11 15 kick_tight
201.067 0.017 11 15 kick_tight
201.200 0.017 11 15 kick_tight
201.333 0.083 11 15 kick_tight
201.867 0.017 11 15 kick_tight
202.133 0.083 11 15 kick_tight
202.667 0.017 11 15 kick_tight
202.800 0.017 11 15 kick_tight
202.933 0.083 11 15 kick_tight
203.467 0.017 11 15 kick_tight
203.733 0.083 11 15 kick_tight
204.267 0.017 11 15 kick_tight
204.400 0.017 11 15 kick_tight
204.533 0.083 11 15 kick_tight
205.067 0.017 11 15 kick_tight
205.333 0.083 11 15 kick_tight
205.867 0.017 11 15 kick_tight
206.000 0.017 11 15 kick_tight
206.133 0.083 11 15 kick_tight
206.667 0.017 11 15 kick_tight
206.933 0.083 11 15 kick_tight
207.467 0.017 11 15 kick_tight
207.600 0.017 11 15 kick_tight
207.733 0.083 11 15 kick_tight
208.267 0.017 11 15 kick_tight
208.533 0.083 11 15 kick_tight
209.067 0.017 11 15 kick_tight
209.200 0.017 11 15 kick_tight
209.333 0.083 11 15 kick_tight
209.867 0.017 11 15 kick_tight
210.133 0.083 11 15 kick_tight
210.667 0.017 11 15 kick_tight
210.800 0.017 11 15 kick_tight
210.933 0.083 11 15 kick_tight
211.467 0.017 11 15 kick_tight
211.733 0.083 11 15 kick_tight
212.267 0.017 11 15 kick_tight
212.400 0.017 11 15 kick_tight
212.533 0.083 11 15 kick_tight
213.067 0.017 11 15 kick_tight
213.333 0.083 11 15 kick_tight
213.867 0.017 11 15 kick_tight
214.000 0.017 11 15 kick_tight
214.133 0.083 11 15 kick_tight
214.667 0.017 11 15 kick_tight
214.933 0.083 11 15 kick_tight
215.467 0.017 11 15 kick_tight
215.600 0.017 11 15 kick_tight
215.733 0.083 11 15 kick_tight
216.267 0.017 11 15 kick_tight
216.533 0.083 11 15 kick_tight
217.067 0.017 11 15 kick_tight
217.200 0.017 11 15 kick_tight
217.333 0.083 11 15 kick_tight
217.867 0.017 11 15 kick_tight
218.133 0.083 11 15 kick_tight
218.667 0.017 11 15 kick_tight
218.800 0.017 11 15 kick_tight
218.933 0.083 11 15 kick_tight
219.467 0.017 11 15 kick_tight
219.733 0.083 11 15 kick_tight
220.267 0.017 11 15 kick_tight
220.400 0.017 11 15 kick_tight
220.533 0.083 11 15 kick_tight
221.067 0.017 11 15 kick_tight
221.333 0.083 11 15 kick_tight
221.867 0.017 11 15 kick_tight
222.000 0.017 11 15 kick_tight
222.133 0.083 11 15 kick_tight
222.667 0.017 11 15 kick_tight
222.933 0.083 11 15 kick_tight
223.467 0.017 11 15 kick_tight
223.600 BEGIN_CYCLE
223.600 0.017 11 15 kick_tight
223.733 0.083 11 15 kick_tight
224.267 0.017 11 15 kick_tight
224.533 0.083 11 15 kick_tight
225.067 0.017 11 15 kick_tight
225.200 0.017 11 15 kick_tight
225.333 0.083 11 15 kick_tight
225.867 0.017 11 15 kick_tight
226.133 0.083 11 15 kick_tight
226.667 0.017 11 15 kick_tight
226.800 0.017 11 15 kick_tight
226.933 0.083 11 15 kick_tight
227.467 0.017 11 15 kick_tight
227.733 0.083 11 15 kick_tight
228.267 0.017 11 15 kick_tight
228.400 0.017 11 15 kick_tight
228.533 0.083 11 15 kick_tight
229.067 0.017 11 15 kick_tight
229.333 0.083 11 15 kick_tight
229.867 0.017 11 15 kick_tight
230.000 0.017 11 15 kick_tight
230.133 0.083 11 15 kick_tight
230.667 0.017 11 15 kick_tight
230.933 0.083 11 15 kick_tight
231.467 0.017 11 15 kick_tight
231.600 0.017 11 15 kick_tight
231.733 0.083 11 15 kick_tight
232.267 0.017 11 15 kick_tight
232.533 0.083 11 15 kick_tight
233.067 0.017 11 15 kick_tight
233.200 0.017 11 15 kick_tight
233.333 0.083 11 15 kick_tight
233.867 0.017 11 15 kick_tight
234.133 0.083 11 15 kick_tight
234.667 0.017 11 15 kick_tight
234.800 0.017 11 15 kick_tight
234.933 0.083 11 15 kick_tight
235.467 0.017 11 15 kick_tight
235.733 0.083 11 15 kick_tight
236.267 0.017 11 15 kick_tight
236.400 0.017 11 15 kick_tight
236.533 0.083 11 15 kick_tight
237.067 0.017 11 15 kick_tight
237.333 0.083 11 15 kick_tight
237.867 0.017 11 15 kick_tight
238.000 0.017 11 15 kick_tight
238.133 0.083 11 15 kick_tight
238.667 0.017 11 15 kick_tight
238.933 0.083 11 15 kick_tight
239.467 0.017 11 15 kick_tight
239.600 0.017 11 15 kick_tight
239.733 0.083 11 15 kick_tight
240.267 0.017 11 15 kick_tight
240.533 0.083 11 15 kick_tight
241.067 0.017 11 15 kick_tight
241.200 0.017 11 15 kick_tight
241.333 0.083 11 15 kick_tight
241.867 0.017 11 15 kick_tight
242.133 0.083 11 15 kick_tight
242.667 0.017 11 15 kick_tight
242.800 END_CYCLE
