supermario.nsf track=17 framerate=60

Square1(35)
time dur note vol
0.000 0.017 E3 5
0.017 0.083 E3 3
0.100 0.017 G#4 5
0.117 0.183 G#4 3
0.300 0.017 G#4 5
0.317 0.083 G#4 3
0.400 0.017 G#4 5
0.417 0.183 G#4 3
0.600 0.017 F3 5
0.617 0.083 F3 3
0.700 0.017 A4 5
0.717 0.183 A4 3
0.900 0.017 A4 5
0.917 0.083 A4 3
1.000 0.017 A4 5
1.017 0.183 A4 3
1.200 0.017 F#3 5
1.217 0.083 F#3 3
1.300 0.017 A#4 5
1.317 0.183 A#4 3
1.500 0.017 A#4 5
1.517 0.083 A#4 3
1.600 0.017 A#4 5
1.617 0.183 A#4 3
1.800 0.017 B4 5
1.817 0.083 B4 3
2.000 0.017 B4 5
2.017 0.650 B4 3
2.817 0.083 F#4 8
2.917 0.117 F#4 8
3.117 0.117 F#4 8
3.317 0.083 F#4 8
3.417 0.117 F#4 8
3.617 0.117 B4 8
4.017 0.117 G4 8

Square2(34)
time dur note vol
0.000 0.017 E4 5
0.017 0.083 E4 3
0.100 0.017 D5 5
0.117 0.083 D5 3
0.300 0.017 D5 5
0.317 0.083 D5 3
0.400 0.017 D5 5
0.417 0.083 D5 3
0.600 0.017 F4 5
0.617 0.083 F4 3
0.700 0.017 D#5 5
0.717 0.083 D#5 3
0.900 0.017 D#5 5
0.917 0.083 D#5 3
1.000 0.017 D#5 5
1.017 0.083 D#5 3
1.200 0.017 F#4 5
1.217 0.083 F#4 3
1.300 0.017 E5 5
1.317 0.083 E5 3
1.500 0.017 E5 5
1.517 0.083 E5 3
1.600 0.017 E5 5
1.617 0.083 E5 3
1.800 0.017 F5 5
1.817 0.083 F5 3
2.000 0.017 F5 5
2.017 0.650 F5 3
2.817 0.083 E5 8
2.917 0.117 E5 8
3.117 0.117 E5 8
3.317 0.083 C5 8
3.417 0.117 E5 8
3.617 0.117 G5 8

Triangle(16)
time dur note vol
0.000 0.100 B4 15
0.100 0.133 B5 15
0.300 0.233 B5 15
0.600 0.100 C5 15
0.700 0.133 C6 15
0.900 0.233 C6 15
1.200 0.100 C#5 15
1.300 0.133 C#6 15
1.500 0.233 C#6 15
1.800 0.133 G4 15
2.000 0.800 G4 15
2.800 0.233 D4 15
3.100 0.133 D4 15
3.300 0.233 D4 15
3.600 0.133 G5 15
4.000 0.133 G4 15

Noise(10)
time dur noise vol drum
2.800 0.083 11 12 kick_tight
3.000 0.017 11 15 kick_tight
3.100 0.083 11 15 kick_tight
3.300 0.017 11 15 kick_tight
3.400 0.083 11 15 kick_tight
3.600 0.083 11 15 kick_tight
3.900 0.083 11 15 kick_tight
4.100 0.017 11 15 kick_tight
4.200 0.017 11 15 kick_tight
4.300 0.017 11 15 kick_tight
