Jackal.nsf track=3 framerate=60
Square1(595)
time dur note vol
0.000 0.200 C4 8
0.200 0.400 E3 9
0.600 0.200 D4 7
0.800 0.400 E3 9
1.200 0.200 E4 7
1.400 0.400 E3 9
1.800 0.200 D4 7
2.000 0.400 E3 9
2.400 0.200 C4 8
2.600 0.400 E3 9
3.000 0.200 D4 7
3.200 0.400 E3 9
3.600 0.200 E4 7
3.800 0.400 E3 9
4.200 0.200 D4 7
4.400 0.400 E3 9
4.800 0.100 C4 7
4.900 0.100 B3 7
5.000 0.100 C4 7
5.100 0.600 A3 5
5.700 0.100 C4 4
5.800 0.100 E4 4
5.900 0.100 A4 4
6.000 0.100 D4 7
6.100 0.100 C4 7
6.200 0.100 D4 7
6.300 0.600 A3 5
6.900 0.100 D4 7
7.000 0.100 F#4 7
7.100 0.100 A4 7
7.200 0.400 C5 7
7.617 0.383 C5 1
8.000 0.100 E5 4
8.100 0.100 A4 4
8.200 0.100 C5 4
8.300 0.100 G4 4
8.400 0.100 A4 4
8.500 0.300 F#4 4
8.800 0.100 D4 4
8.900 0.100 F#4 4
9.000 0.100 D4 4
9.100 0.100 A4 4
9.200 0.100 F#4 4
9.300 0.100 A4 4
9.400 0.100 D5 4
9.500 0.100 A4 4
9.600 0.100 C4 7
9.700 0.100 B3 7
9.800 0.100 C4 7
9.900 0.600 A3 5
10.500 0.100 C4 4
10.600 0.100 E4 4
10.700 0.100 A4 4
10.800 0.100 D4 7
10.900 0.100 C4 7
11.000 0.100 D4 7
11.100 0.600 A3 5
11.700 0.100 D4 7
11.800 0.100 F#4 7
11.900 0.100 A4 7
12.000 0.400 C5 7
12.417 0.383 C5 1
12.800 0.100 E5 4
12.900 0.100 A4 4
13.000 0.100 C5 4
13.100 0.100 G4 4
13.200 0.600 D4 7
13.800 0.300 E4 7
14.100 0.300 F#4 7
14.400 0.100 E4 7
14.500 0.100 D4 7
14.600 0.100 E4 7
14.700 0.600 B3 7
15.300 0.100 A3 7
15.400 0.100 C4 7
15.500 0.100 A3 7
15.600 0.300 G3 10
15.900 0.200 C4 4
16.100 0.100 E4 4
16.200 0.300 A3 10
16.500 0.200 E4 4
16.700 0.100 F#4 4
16.800 0.100 E4 7
16.900 0.100 D4 7
17.000 0.100 E4 7
17.100 0.600 B3 7
17.700 0.100 A3 7
17.800 0.100 C4 7
17.900 0.100 A3 7
18.000 0.300 G3 10
18.300 0.200 G4 4
18.500 0.100 E4 4
18.600 0.300 A3 10
18.900 0.200 A4 4
19.100 0.100 F#4 4
19.200 0.100 E4 7
19.300 0.100 D4 7
19.400 0.100 E4 7
19.500 0.600 B3 7
20.100 0.100 A3 7
20.200 0.100 C4 7
20.300 0.100 A3 7
20.400 0.300 G3 10
20.700 0.300 G4 4
21.000 0.300 A3 10
21.300 0.300 A4 4
21.600 0.100 E4 7
21.700 0.100 D4 7
21.800 0.100 E4 7
21.900 0.500 B3 7
22.400 0.100 D4 7
22.500 0.100 E4 7
22.600 0.100 D4 7
22.700 0.100 E4 7
22.800 0.300 C4 7
23.100 0.300 F#4 7
23.400 0.300 E4 7
23.700 0.300 D4 7
24.000 0.117 C4 8
24.133 0.167 C4 1
24.300 0.717 D4 5
25.033 0.167 D4 1
25.200 0.300 E4 5
25.500 0.600 F#4 5
26.100 0.117 A3 8
26.233 0.167 A3 1
26.400 0.300 C4 5
26.700 0.717 D4 5
27.433 0.067 D4 1
27.500 0.100 E4 8
27.600 0.100 F#4 5
27.700 0.100 D4 15
27.800 0.100 F#4 15
27.900 0.717 A4 15
28.633 0.167 A4 1
28.800 0.300 C5 5
29.100 0.900 D5 5
30.000 0.300 E5 15
30.300 0.400 F#5 5
30.717 0.183 F#5 15
30.900 0.100 A4 8
31.000 0.100 C5 8
31.100 0.100 D5 8
31.200 0.250 A5 2
31.450 0.100 F#5 15
31.550 0.100 D5 15
31.650 0.100 A4 15
31.750 0.100 F#4 15
31.850 0.100 D4 15
31.950 0.100 A3 15
32.050 0.100 D4 15
32.150 0.100 F#4 15
32.250 0.100 D5 15
32.350 0.100 F#5 15
32.450 0.100 D5 15
32.550 0.100 G#5 15
32.650 0.100 E5 15
32.750 0.100 B4 15
32.850 0.100 G#4 15
32.950 0.100 E4 15
33.050 0.100 B3 15
33.150 0.100 G#3 15
33.250 0.100 B3 15
33.350 0.100 E4 15
33.450 0.100 G#4 15
33.550 0.050 B4 15
33.600 0.200 C4 8
33.800 0.400 E3 9
34.200 0.200 D4 7
34.400 0.400 E3 9
34.800 0.200 E4 7
35.000 0.400 E3 9
35.400 0.200 D4 7
35.600 0.400 E3 9
36.000 0.200 C4 8
36.200 0.400 E3 9
36.600 0.200 D4 7
36.800 0.400 E3 9
37.200 0.200 E4 7
37.400 0.400 E3 9
37.800 0.200 D4 7
38.000 0.400 E3 9
38.400 0.100 C4 7
38.500 0.100 B3 7
38.600 0.100 C4 7
38.700 0.600 A3 5
39.300 0.100 C4 4
39.400 0.100 E4 4
39.500 0.100 A4 4
39.600 0.100 D4 7
39.700 0.100 C4 7
39.800 0.100 D4 7
39.900 0.600 A3 5
40.500 0.100 D4 7
40.600 0.100 F#4 7
40.700 0.100 A4 7
40.800 0.400 C5 7
41.217 0.383 C5 1
41.600 0.100 E5 4
41.700 0.100 A4 4
41.800 0.100 C5 4
41.900 0.100 G4 4
42.000 0.100 A4 4
42.100 0.300 F#4 4
42.400 0.100 D4 4
42.500 0.100 F#4 4
42.600 0.100 D4 4
42.700 0.100 A4 4
42.800 0.100 F#4 4
42.900 0.100 A4 4
43.000 0.100 D5 4
43.100 0.100 A4 4
43.200 0.100 C4 7
43.300 0.100 B3 7
43.400 0.100 C4 7
43.500 0.600 A3 5
44.100 0.100 C4 4
44.200 0.100 E4 4
44.300 0.100 A4 4
44.400 0.100 D4 7
44.500 0.100 C4 7
44.600 0.100 D4 7
44.700 0.600 A3 5
45.300 0.100 D4 7
45.400 0.100 F#4 7
45.500 0.100 A4 7
45.600 0.400 C5 7
46.017 0.383 C5 1
46.400 0.100 E5 4
46.500 0.100 A4 4
46.600 0.100 C5 4
46.700 0.100 G4 4
46.800 0.600 D4 7
47.400 0.300 E4 7
47.700 0.300 F#4 7
48.000 0.100 E4 7
48.100 0.100 D4 7
48.200 0.100 E4 7
48.300 0.600 B3 7
48.900 0.100 A3 7
49.000 0.100 C4 7
49.100 0.100 A3 7
49.200 0.300 G3 10
49.500 0.200 C4 4
49.700 0.100 E4 4
49.800 0.300 A3 10
50.100 0.200 E4 4
50.300 0.100 F#4 4
50.400 0.100 E4 7
50.500 0.100 D4 7
50.600 0.100 E4 7
50.700 0.600 B3 7
51.300 0.100 A3 7
51.400 0.100 C4 7
51.500 0.100 A3 7
51.600 0.300 G3 10
51.900 0.200 G4 4
52.100 0.100 E4 4
52.200 0.300 A3 10
52.500 0.200 A4 4
52.700 0.100 F#4 4
52.800 0.100 E4 7
52.900 0.100 D4 7
53.000 0.100 E4 7
53.100 0.600 B3 7
53.700 0.100 A3 7
53.800 0.100 C4 7
53.900 0.100 A3 7
54.000 0.300 G3 10
54.300 0.300 G4 4
54.600 0.300 A3 10
54.900 0.300 A4 4
55.200 0.100 E4 7
55.300 0.100 D4 7
55.400 0.100 E4 7
55.500 0.500 B3 7
56.000 0.100 D4 7
56.100 0.100 E4 7
56.200 0.100 D4 7
56.300 0.100 E4 7
56.400 0.300 C4 7
56.700 0.300 F#4 7
57.000 0.300 E4 7
57.300 0.300 D4 7
57.600 0.117 C4 8
57.733 0.167 C4 1
57.900 0.717 D4 5
58.633 0.167 D4 1
58.800 0.300 E4 5
59.100 0.600 F#4 5
59.700 0.117 A3 8
59.833 0.167 A3 1
60.000 0.300 C4 5
60.300 0.717 D4 5
61.033 0.067 D4 1
61.100 0.100 E4 8
61.200 0.100 F#4 5
61.300 0.100 D4 15
61.400 0.100 F#4 15
61.500 0.717 A4 15
62.233 0.167 A4 1
62.400 0.300 C5 5
62.700 0.900 D5 5
63.600 0.300 E5 15
63.900 0.400 F#5 5
64.317 0.183 F#5 15
64.500 0.100 A4 8
64.600 0.100 C5 8
64.700 0.100 D5 8
64.800 0.250 A5 2
65.050 0.100 F#5 15
65.150 0.100 D5 15
65.250 0.100 A4 15
65.350 0.100 F#4 15
65.450 0.100 D4 15
65.550 0.100 A3 15
65.650 0.100 D4 15
65.750 0.100 F#4 15
65.850 0.100 D5 15
65.950 0.100 F#5 15
66.050 0.100 D5 15
66.150 0.100 G#5 15
66.250 0.100 E5 15
66.350 0.100 B4 15
66.450 0.100 G#4 15
66.550 0.100 E4 15
66.650 0.100 B3 15
66.750 0.100 G#3 15
66.850 0.100 B3 15
66.950 0.100 E4 15
67.050 0.100 G#4 15
67.150 0.050 B4 15
67.200 0.200 C4 8
67.400 0.400 E3 9
67.800 0.200 D4 7
68.000 0.400 E3 9
68.400 0.200 E4 7
68.600 0.400 E3 9
69.000 0.200 D4 7
69.200 0.400 E3 9
69.600 0.200 C4 8
69.800 0.400 E3 9
70.200 0.200 D4 7
70.400 0.400 E3 9
70.800 0.200 E4 7
71.000 0.400 E3 9
71.400 0.200 D4 7
71.600 0.400 E3 9
72.000 0.100 C4 7
72.100 0.100 B3 7
72.200 0.100 C4 7
72.300 0.600 A3 5
72.900 0.100 C4 4
73.000 0.100 E4 4
73.100 0.100 A4 4
73.200 0.100 D4 7
73.300 0.100 C4 7
73.400 0.100 D4 7
73.500 0.600 A3 5
74.100 0.100 D4 7
74.200 0.100 F#4 7
74.300 0.100 A4 7
74.400 0.400 C5 7
74.817 0.383 C5 1
75.200 0.100 E5 4
75.300 0.100 A4 4
75.400 0.100 C5 4
75.500 0.100 G4 4
75.600 0.100 A4 4
75.700 0.300 F#4 4
76.000 0.100 D4 4
76.100 0.100 F#4 4
76.200 0.100 D4 4
76.300 0.100 A4 4
76.400 0.100 F#4 4
76.500 0.100 A4 4
76.600 0.100 D5 4
76.700 0.100 A4 4
76.800 0.100 C4 7
76.900 0.100 B3 7
77.000 0.100 C4 7
77.100 0.600 A3 5
77.700 0.100 C4 4
77.800 0.100 E4 4
77.900 0.100 A4 4
78.000 0.100 D4 7
78.100 0.100 C4 7
78.200 0.100 D4 7
78.300 0.600 A3 5
78.900 0.100 D4 7
79.000 0.100 F#4 7
79.100 0.100 A4 7
79.200 0.400 C5 7
79.617 0.383 C5 1
80.000 0.100 E5 4
80.100 0.100 A4 4
80.200 0.100 C5 4
80.300 0.100 G4 4
80.400 0.600 D4 7
81.000 0.300 E4 7
81.300 0.300 F#4 7
81.600 0.100 E4 7
81.700 0.100 D4 7
81.800 0.100 E4 7
81.900 0.600 B3 7
82.500 0.100 A3 7
82.600 0.100 C4 7
82.700 0.100 A3 7
82.800 0.300 G3 10
83.100 0.200 C4 4
83.300 0.100 E4 4
83.400 0.300 A3 10
83.700 0.200 E4 4
83.900 0.100 F#4 4
84.000 0.100 E4 7
84.100 0.100 D4 7
84.200 0.100 E4 7
84.300 0.600 B3 7
84.900 0.100 A3 7
85.000 0.100 C4 7
85.100 0.100 A3 7
85.200 0.300 G3 10
85.500 0.200 G4 4
85.700 0.100 E4 4
85.800 0.300 A3 10
86.100 0.200 A4 4
86.300 0.100 F#4 4
86.400 0.100 E4 7
86.500 0.100 D4 7
86.600 0.100 E4 7
86.700 0.600 B3 7
87.300 0.100 A3 7
87.400 0.100 C4 7
87.500 0.100 A3 7
87.600 0.300 G3 10
87.900 0.300 G4 4
88.200 0.300 A3 10
88.500 0.300 A4 4
88.800 0.100 E4 7
88.900 0.100 D4 7
89.000 0.100 E4 7
89.100 0.500 B3 7
89.600 0.100 D4 7
89.700 0.100 E4 7
89.800 0.100 D4 7
89.900 0.100 E4 7
90.000 0.300 C4 7
90.300 0.300 F#4 7
90.600 0.300 E4 7
90.900 0.300 D4 7
91.200 0.117 C4 8
91.333 0.167 C4 1
91.500 0.717 D4 5
92.233 0.167 D4 1
92.400 0.300 E4 5
92.700 0.600 F#4 5
93.300 0.117 A3 8
93.433 0.167 A3 1
93.600 0.300 C4 5
93.900 0.717 D4 5
94.633 0.067 D4 1
94.700 0.100 E4 8
94.800 0.100 F#4 5
94.900 0.100 D4 15
95.000 0.100 F#4 15
95.100 0.717 A4 15
95.833 0.167 A4 1
96.000 0.300 C5 5
96.300 0.900 D5 5
97.200 0.300 E5 15
97.500 0.400 F#5 5
97.917 0.183 F#5 15
98.100 0.100 A4 8
98.200 0.100 C5 8
98.300 0.100 D5 8
98.400 0.250 A5 2
98.650 0.100 F#5 15
98.750 0.100 D5 15
98.850 0.100 A4 15
98.950 0.100 F#4 15
99.050 0.100 D4 15
99.150 0.100 A3 15
99.250 0.100 D4 15
99.350 0.100 F#4 15
99.450 0.100 D5 15
99.550 0.100 F#5 15
99.650 0.100 D5 15
99.750 0.100 G#5 15
99.850 0.100 E5 15
99.950 0.100 B4 15
100.050 0.100 G#4 15
100.150 0.100 E4 15
100.250 0.100 B3 15
100.350 0.100 G#3 15
100.450 0.100 B3 15
100.550 0.100 E4 15
100.650 0.100 G#4 15
100.750 0.050 B4 15
100.800 0.200 C4 8
101.000 0.400 E3 9
101.400 0.200 D4 7
101.600 0.400 E3 9
102.000 0.200 E4 7
102.200 0.400 E3 9
102.600 0.200 D4 7
102.800 0.400 E3 9
103.200 0.200 C4 8
103.400 0.400 E3 9
103.800 0.200 D4 7
104.000 0.400 E3 9
104.400 0.200 E4 7
104.600 0.400 E3 9
105.000 0.200 D4 7
105.200 0.400 E3 9
105.600 0.100 C4 7
105.700 0.100 B3 7
105.800 0.100 C4 7
105.900 0.600 A3 5
106.500 0.100 C4 4
106.600 0.100 E4 4
106.700 0.100 A4 4
106.800 0.100 D4 7
106.900 0.100 C4 7
107.000 0.100 D4 7
107.100 0.600 A3 5
107.700 0.100 D4 7
107.800 0.100 F#4 7
107.900 0.100 A4 7
108.000 0.400 C5 7
108.417 0.383 C5 1
108.800 0.100 E5 4
108.900 0.100 A4 4
109.000 0.100 C5 4
109.100 0.100 G4 4
109.200 0.100 A4 4
109.300 0.300 F#4 4
109.600 0.100 D4 4
109.700 0.100 F#4 4
109.800 0.100 D4 4
109.900 0.100 A4 4
110.000 0.100 F#4 4
110.100 0.100 A4 4
110.200 0.100 D5 4
110.300 0.100 A4 4
110.400 0.100 C4 7
110.500 0.100 B3 7
110.600 0.100 C4 7
110.700 0.600 A3 5
111.300 0.100 C4 4
111.400 0.100 E4 4
111.500 0.100 A4 4
111.600 0.100 D4 7
111.700 0.100 C4 7
111.800 0.100 D4 7
111.900 0.600 A3 5
112.500 0.100 D4 7
112.600 0.100 F#4 7
112.700 0.100 A4 7
112.800 0.400 C5 7
113.217 0.383 C5 1
113.600 0.100 E5 4
113.700 0.100 A4 4
113.800 0.100 C5 4
113.900 0.100 G4 4
114.000 0.600 D4 7
114.600 0.300 E4 7
114.900 0.300 F#4 7
115.200 0.100 E4 7
115.300 0.100 D4 7
115.400 0.100 E4 7
115.500 0.600 B3 7
116.100 0.100 A3 7
116.200 0.100 C4 7
116.300 0.100 A3 7
116.400 0.300 G3 10
116.700 0.200 C4 4
116.900 0.100 E4 4
117.000 0.300 A3 10
117.300 0.200 E4 4
117.500 0.100 F#4 4
117.600 0.100 E4 7
117.700 0.100 D4 7
117.800 0.100 E4 7
117.900 0.600 B3 7
118.500 0.100 A3 7
118.600 0.100 C4 7
118.700 0.100 A3 7
118.800 0.300 G3 10
119.100 0.200 G4 4
119.300 0.100 E4 4
119.400 0.300 A3 10
119.700 0.200 A4 4
119.900 0.100 F#4 4
120.000 0.100 E4 7
120.100 3.633 D4 7
Square2(653)
time dur note vol
0.000 0.200 E4 9
0.200 0.400 A2 11
0.600 0.200 F#4 9
0.800 0.400 A2 11
1.200 0.200 G4 9
1.400 0.400 A2 11
1.800 0.200 F#4 9
2.000 0.400 A2 11
2.400 0.200 E4 9
2.600 0.400 A2 11
3.000 0.200 F#4 9
3.200 0.400 A2 11
3.600 0.200 G4 9
3.800 0.400 A2 11
4.200 0.200 F#4 9
4.400 0.400 A2 11
4.800 0.100 E4 8
4.900 0.100 D4 8
5.000 0.100 E4 8
5.100 0.400 C4 6
5.500 0.100 A3 9
5.600 0.100 C4 9
5.700 0.100 E4 9
5.800 0.100 A4 9
5.900 0.100 G4 9
6.000 0.100 F#4 8
6.100 0.100 E4 8
6.200 0.100 F#4 8
6.300 0.600 D4 6
6.900 0.100 F#4 8
7.000 0.100 A4 8
7.100 0.100 D5 8
7.200 0.400 E5 8
7.617 0.183 E5 1
7.800 0.100 C5 9
7.900 0.100 E5 9
8.000 0.100 A4 9
8.100 0.100 C5 9
8.200 0.100 G4 9
8.300 0.100 A4 9
8.400 0.117 F#4 9
8.533 0.167 F#4 1
8.700 0.100 D4 9
8.800 0.100 F#4 9
8.900 0.100 D4 9
9.000 0.100 A4 9
9.100 0.100 F#4 9
9.200 0.100 A4 9
9.300 0.100 D5 9
9.400 0.100 A4 9
9.500 0.100 F#4 9
9.600 0.100 E4 8
9.700 0.100 D4 8
9.800 0.100 E4 8
9.900 0.400 C4 6
10.300 0.100 A3 9
10.400 0.100 C4 9
10.500 0.100 E4 9
10.600 0.100 A4 9
10.700 0.100 G4 9
10.800 0.100 F#4 8
10.900 0.100 E4 8
11.000 0.100 F#4 8
11.100 0.600 D4 6
11.700 0.100 F#4 8
11.800 0.100 A4 8
11.900 0.100 D5 8
12.000 0.400 E5 8
12.417 0.183 E5 1
12.600 0.100 C5 9
12.700 0.100 E5 9
12.800 0.100 A4 9
12.900 0.100 C5 9
13.000 0.100 G4 9
13.100 0.100 A4 9
13.200 0.600 F#4 8
13.800 0.300 G4 8
14.100 0.300 A4 8
14.400 0.100 G4 8
14.500 0.100 F#4 8
14.600 0.100 G4 8
14.700 0.600 E4 8
15.300 0.100 D4 8
15.400 0.100 E4 8
15.500 0.100 D4 8
15.600 0.300 C3 11
15.900 0.100 C4 10
16.000 0.100 E4 10
16.100 0.100 G4 10
16.200 0.300 D3 11
16.500 0.100 E4 10
16.600 0.100 F#4 10
16.700 0.100 A4 10
16.800 0.100 G4 8
16.900 0.100 F#4 8
17.000 0.100 G4 8
17.100 0.600 E4 8
17.700 0.100 D4 8
17.800 0.100 E4 8
17.900 0.100 D4 8
18.000 0.300 C3 11
18.300 0.100 G4 10
18.400 0.100 E4 10
18.500 0.100 G4 10
18.600 0.300 D3 11
18.900 0.100 A4 10
19.000 0.100 F#4 10
19.100 0.100 A4 10
19.200 0.100 G4 8
19.300 0.100 F#4 8
19.400 0.100 G4 8
19.500 0.600 E4 8
20.100 0.100 D4 8
20.200 0.100 E4 8
20.300 0.100 D4 8
20.400 0.300 C3 11
20.700 0.300 G4 10
21.000 0.300 D3 11
21.300 0.300 A4 10
21.600 0.100 G4 8
21.700 0.100 F#4 8
21.800 0.100 G4 8
21.900 0.500 E4 8
22.400 0.100 F#4 8
22.500 0.100 G4 8
22.600 0.100 F#4 8
22.700 0.100 G4 8
22.800 0.300 E4 8
23.100 0.300 A4 8
23.400 0.300 G4 8
23.700 0.300 F#4 8
24.000 0.117 E4 9
24.133 0.167 E4 1
24.300 0.717 F#4 6
25.033 0.167 F#4 1
25.200 0.300 G4 6
25.500 0.600 A4 6
26.100 0.117 D4 9
26.233 0.167 D4 1
26.400 0.300 E4 6
26.700 0.717 F#4 6
27.433 0.067 F#4 1
27.500 0.100 G4 6
27.600 0.100 A4 6
27.700 0.100 F#4 6
27.800 0.100 A4 6
27.900 0.717 D5 6
28.633 0.167 D5 1
28.800 0.300 E5 8
29.100 0.717 F#5 8
29.833 0.167 F#5 1
30.000 0.300 G5 8
30.300 0.400 A5 8
30.717 0.183 A5 1
30.900 0.100 D5 8
31.000 0.100 E5 8
31.100 0.100 F#5 8
31.200 0.100 A5 6
31.300 0.100 F#5 6
31.400 0.100 D5 6
31.500 0.100 A4 6
31.600 0.100 F#4 6
31.700 0.100 D4 6
31.800 0.100 A3 6
31.900 0.100 D4 6
32.000 0.100 F#4 6
32.100 0.100 D5 6
32.200 0.100 F#5 6
32.300 0.100 D5 6
32.400 0.100 G#5 6
32.500 0.100 E5 6
32.600 0.100 B4 6
32.700 0.100 G#4 6
32.800 0.100 E4 6
32.900 0.100 B3 6
33.000 0.100 G#3 6
33.100 0.100 B3 6
33.200 0.100 E4 6
33.300 0.100 G#4 6
33.400 0.100 B4 6
33.500 0.100 F#4 6
33.600 0.200 E4 9
33.800 0.400 A2 11
34.200 0.200 F#4 9
34.400 0.400 A2 11
34.800 0.200 G4 9
35.000 0.400 A2 11
35.400 0.200 F#4 9
35.600 0.400 A2 11
36.000 0.200 E4 9
36.200 0.400 A2 11
36.600 0.200 F#4 9
36.800 0.400 A2 11
37.200 0.200 G4 9
37.400 0.400 A2 11
37.800 0.200 F#4 9
38.000 0.400 A2 11
38.400 0.100 E4 8
38.500 0.100 D4 8
38.600 0.100 E4 8
38.700 0.400 C4 6
39.100 0.100 A3 9
39.200 0.100 C4 9
39.300 0.100 E4 9
39.400 0.100 A4 9
39.500 0.100 G4 9
39.600 0.100 F#4 8
39.700 0.100 E4 8
39.800 0.100 F#4 8
39.900 0.600 D4 6
40.500 0.100 F#4 8
40.600 0.100 A4 8
40.700 0.100 D5 8
40.800 0.400 E5 8
41.217 0.183 E5 1
41.400 0.100 C5 9
41.500 0.100 E5 9
41.600 0.100 A4 9
41.700 0.100 C5 9
41.800 0.100 G4 9
41.900 0.100 A4 9
42.000 0.117 F#4 9
42.133 0.167 F#4 1
42.300 0.100 D4 9
42.400 0.100 F#4 9
42.500 0.100 D4 9
42.600 0.100 A4 9
42.700 0.100 F#4 9
42.800 0.100 A4 9
42.900 0.100 D5 9
43.000 0.100 A4 9
43.100 0.100 F#4 9
43.200 0.100 E4 8
43.300 0.100 D4 8
43.400 0.100 E4 8
43.500 0.400 C4 6
43.900 0.100 A3 9
44.000 0.100 C4 9
44.100 0.100 E4 9
44.200 0.100 A4 9
44.300 0.100 G4 9
44.400 0.100 F#4 8
44.500 0.100 E4 8
44.600 0.100 F#4 8
44.700 0.600 D4 6
45.300 0.100 F#4 8
45.400 0.100 A4 8
45.500 0.100 D5 8
45.600 0.400 E5 8
46.017 0.183 E5 1
46.200 0.100 C5 9
46.300 0.100 E5 9
46.400 0.100 A4 9
46.500 0.100 C5 9
46.600 0.100 G4 9
46.700 0.100 A4 9
46.800 0.600 F#4 8
47.400 0.300 G4 8
47.700 0.300 A4 8
48.000 0.100 G4 8
48.100 0.100 F#4 8
48.200 0.100 G4 8
48.300 0.600 E4 8
48.900 0.100 D4 8
49.000 0.100 E4 8
49.100 0.100 D4 8
49.200 0.300 C3 11
49.500 0.100 C4 10
49.600 0.100 E4 10
49.700 0.100 G4 10
49.800 0.300 D3 11
50.100 0.100 E4 10
50.200 0.100 F#4 10
50.300 0.100 A4 10
50.400 0.100 G4 8
50.500 0.100 F#4 8
50.600 0.100 G4 8
50.700 0.600 E4 8
51.300 0.100 D4 8
51.400 0.100 E4 8
51.500 0.100 D4 8
51.600 0.300 C3 11
51.900 0.100 G4 10
52.000 0.100 E4 10
52.100 0.100 G4 10
52.200 0.300 D3 11
52.500 0.100 A4 10
52.600 0.100 F#4 10
52.700 0.100 A4 10
52.800 0.100 G4 8
52.900 0.100 F#4 8
53.000 0.100 G4 8
53.100 0.600 E4 8
53.700 0.100 D4 8
53.800 0.100 E4 8
53.900 0.100 D4 8
54.000 0.300 C3 11
54.300 0.300 G4 10
54.600 0.300 D3 11
54.900 0.300 A4 10
55.200 0.100 G4 8
55.300 0.100 F#4 8
55.400 0.100 G4 8
55.500 0.500 E4 8
56.000 0.100 F#4 8
56.100 0.100 G4 8
56.200 0.100 F#4 8
56.300 0.100 G4 8
56.400 0.300 E4 8
56.700 0.300 A4 8
57.000 0.300 G4 8
57.300 0.300 F#4 8
57.600 0.117 E4 9
57.733 0.167 E4 1
57.900 0.717 F#4 6
58.633 0.167 F#4 1
58.800 0.300 G4 6
59.100 0.600 A4 6
59.700 0.117 D4 9
59.833 0.167 D4 1
60.000 0.300 E4 6
60.300 0.717 F#4 6
61.033 0.067 F#4 1
61.100 0.100 G4 6
61.200 0.100 A4 6
61.300 0.100 F#4 6
61.400 0.100 A4 6
61.500 0.717 D5 6
62.233 0.167 D5 1
62.400 0.300 E5 8
62.700 0.717 F#5 8
63.433 0.167 F#5 1
63.600 0.300 G5 8
63.900 0.400 A5 8
64.317 0.183 A5 1
64.500 0.100 D5 8
64.600 0.100 E5 8
64.700 0.100 F#5 8
64.800 0.100 A5 6
64.900 0.100 F#5 6
65.000 0.100 D5 6
65.100 0.100 A4 6
65.200 0.100 F#4 6
65.300 0.100 D4 6
65.400 0.100 A3 6
65.500 0.100 D4 6
65.600 0.100 F#4 6
65.700 0.100 D5 6
65.800 0.100 F#5 6
65.900 0.100 D5 6
66.000 0.100 G#5 6
66.100 0.100 E5 6
66.200 0.100 B4 6
66.300 0.100 G#4 6
66.400 0.100 E4 6
66.500 0.100 B3 6
66.600 0.100 G#3 6
66.700 0.100 B3 6
66.800 0.100 E4 6
66.900 0.100 G#4 6
67.000 0.100 B4 6
67.100 0.100 F#4 6
67.200 0.200 E4 9
67.400 0.400 A2 11
67.800 0.200 F#4 9
68.000 0.400 A2 11
68.400 0.200 G4 9
68.600 0.400 A2 11
69.000 0.200 F#4 9
69.200 0.400 A2 11
69.600 0.200 E4 9
69.800 0.400 A2 11
70.200 0.200 F#4 9
70.400 0.400 A2 11
70.800 0.200 G4 9
71.000 0.400 A2 11
71.400 0.200 F#4 9
71.600 0.400 A2 11
72.000 0.100 E4 8
72.100 0.100 D4 8
72.200 0.100 E4 8
72.300 0.400 C4 6
72.700 0.100 A3 9
72.800 0.100 C4 9
72.900 0.100 E4 9
73.000 0.100 A4 9
73.100 0.100 G4 9
73.200 0.100 F#4 8
73.300 0.100 E4 8
73.400 0.100 F#4 8
73.500 0.600 D4 6
74.100 0.100 F#4 8
74.200 0.100 A4 8
74.300 0.100 D5 8
74.400 0.400 E5 8
74.817 0.183 E5 1
75.000 0.100 C5 9
75.100 0.100 E5 9
75.200 0.100 A4 9
75.300 0.100 C5 9
75.400 0.100 G4 9
75.500 0.100 A4 9
75.600 0.117 F#4 9
75.733 0.167 F#4 1
75.900 0.100 D4 9
76.000 0.100 F#4 9
76.100 0.100 D4 9
76.200 0.100 A4 9
76.300 0.100 F#4 9
76.400 0.100 A4 9
76.500 0.100 D5 9
76.600 0.100 A4 9
76.700 0.100 F#4 9
76.800 0.100 E4 8
76.900 0.100 D4 8
77.000 0.100 E4 8
77.100 0.400 C4 6
77.500 0.100 A3 9
77.600 0.100 C4 9
77.700 0.100 E4 9
77.800 0.100 A4 9
77.900 0.100 G4 9
78.000 0.100 F#4 8
78.100 0.100 E4 8
78.200 0.100 F#4 8
78.300 0.600 D4 6
78.900 0.100 F#4 8
79.000 0.100 A4 8
79.100 0.100 D5 8
79.200 0.400 E5 8
79.617 0.183 E5 1
79.800 0.100 C5 9
79.900 0.100 E5 9
80.000 0.100 A4 9
80.100 0.100 C5 9
80.200 0.100 G4 9
80.300 0.100 A4 9
80.400 0.600 F#4 8
81.000 0.300 G4 8
81.300 0.300 A4 8
81.600 0.100 G4 8
81.700 0.100 F#4 8
81.800 0.100 G4 8
81.900 0.600 E4 8
82.500 0.100 D4 8
82.600 0.100 E4 8
82.700 0.100 D4 8
82.800 0.300 C3 11
83.100 0.100 C4 10
83.200 0.100 E4 10
83.300 0.100 G4 10
83.400 0.300 D3 11
83.700 0.100 E4 10
83.800 0.100 F#4 10
83.900 0.100 A4 10
84.000 0.100 G4 8
84.100 0.100 F#4 8
84.200 0.100 G4 8
84.300 0.600 E4 8
84.900 0.100 D4 8
85.000 0.100 E4 8
85.100 0.100 D4 8
85.200 0.300 C3 11
85.500 0.100 G4 10
85.600 0.100 E4 10
85.700 0.100 G4 10
85.800 0.300 D3 11
86.100 0.100 A4 10
86.200 0.100 F#4 10
86.300 0.100 A4 10
86.400 0.100 G4 8
86.500 0.100 F#4 8
86.600 0.100 G4 8
86.700 0.600 E4 8
87.300 0.100 D4 8
87.400 0.100 E4 8
87.500 0.100 D4 8
87.600 0.300 C3 11
87.900 0.300 G4 10
88.200 0.300 D3 11
88.500 0.300 A4 10
88.800 0.100 G4 8
88.900 0.100 F#4 8
89.000 0.100 G4 8
89.100 0.500 E4 8
89.600 0.100 F#4 8
89.700 0.100 G4 8
89.800 0.100 F#4 8
89.900 0.100 G4 8
90.000 0.300 E4 8
90.300 0.300 A4 8
90.600 0.300 G4 8
90.900 0.300 F#4 8
91.200 0.117 E4 9
91.333 0.167 E4 1
91.500 0.717 F#4 6
92.233 0.167 F#4 1
92.400 0.300 G4 6
92.700 0.600 A4 6
93.300 0.117 D4 9
93.433 0.167 D4 1
93.600 0.300 E4 6
93.900 0.717 F#4 6
94.633 0.067 F#4 1
94.700 0.100 G4 6
94.800 0.100 A4 6
94.900 0.100 F#4 6
95.000 0.100 A4 6
95.100 0.717 D5 6
95.833 0.167 D5 1
96.000 0.300 E5 8
96.300 0.717 F#5 8
97.033 0.167 F#5 1
97.200 0.300 G5 8
97.500 0.400 A5 8
97.917 0.183 A5 1
98.100 0.100 D5 8
98.200 0.100 E5 8
98.300 0.100 F#5 8
98.400 0.100 A5 6
98.500 0.100 F#5 6
98.600 0.100 D5 6
98.700 0.100 A4 6
98.800 0.100 F#4 6
98.900 0.100 D4 6
99.000 0.100 A3 6
99.100 0.100 D4 6
99.200 0.100 F#4 6
99.300 0.100 D5 6
99.400 0.100 F#5 6
99.500 0.100 D5 6
99.600 0.100 G#5 6
99.700 0.100 E5 6
99.800 0.100 B4 6
99.900 0.100 G#4 6
100.000 0.100 E4 6
100.100 0.100 B3 6
100.200 0.100 G#3 6
100.300 0.100 B3 6
100.400 0.100 E4 6
100.500 0.100 G#4 6
100.600 0.100 B4 6
100.700 0.100 F#4 6
100.800 0.200 E4 9
101.000 0.400 A2 11
101.400 0.200 F#4 9
101.600 0.400 A2 11
102.000 0.200 G4 9
102.200 0.400 A2 11
102.600 0.200 F#4 9
102.800 0.400 A2 11
103.200 0.200 E4 9
103.400 0.400 A2 11
103.800 0.200 F#4 9
104.000 0.400 A2 11
104.400 0.200 G4 9
104.600 0.400 A2 11
105.000 0.200 F#4 9
105.200 0.400 A2 11
105.600 0.100 E4 8
105.700 0.100 D4 8
105.800 0.100 E4 8
105.900 0.400 C4 6
106.300 0.100 A3 9
106.400 0.100 C4 9
106.500 0.100 E4 9
106.600 0.100 A4 9
106.700 0.100 G4 9
106.800 0.100 F#4 8
106.900 0.100 E4 8
107.000 0.100 F#4 8
107.100 0.600 D4 6
107.700 0.100 F#4 8
107.800 0.100 A4 8
107.900 0.100 D5 8
108.000 0.400 E5 8
108.417 0.183 E5 1
108.600 0.100 C5 9
108.700 0.100 E5 9
108.800 0.100 A4 9
108.900 0.100 C5 9
109.000 0.100 G4 9
109.100 0.100 A4 9
109.200 0.117 F#4 9
109.333 0.167 F#4 1
109.500 0.100 D4 9
109.600 0.100 F#4 9
109.700 0.100 D4 9
109.800 0.100 A4 9
109.900 0.100 F#4 9
110.000 0.100 A4 9
110.100 0.100 D5 9
110.200 0.100 A4 9
110.300 0.100 F#4 9
110.400 0.100 E4 8
110.500 0.100 D4 8
110.600 0.100 E4 8
110.700 0.400 C4 6
111.100 0.100 A3 9
111.200 0.100 C4 9
111.300 0.100 E4 9
111.400 0.100 A4 9
111.500 0.100 G4 9
111.600 0.100 F#4 8
111.700 0.100 E4 8
111.800 0.100 F#4 8
111.900 0.600 D4 6
112.500 0.100 F#4 8
112.600 0.100 A4 8
112.700 0.100 D5 8
112.800 0.400 E5 8
113.217 0.183 E5 1
113.400 0.100 C5 9
113.500 0.100 E5 9
113.600 0.100 A4 9
113.700 0.100 C5 9
113.800 0.100 G4 9
113.900 0.100 A4 9
114.000 0.600 F#4 8
114.600 0.300 G4 8
114.900 0.300 A4 8
115.200 0.100 G4 8
115.300 0.100 F#4 8
115.400 0.100 G4 8
115.500 0.600 E4 8
116.100 0.100 D4 8
116.200 0.100 E4 8
116.300 0.100 D4 8
116.400 0.300 C3 11
116.700 0.100 C4 10
116.800 0.100 E4 10
116.900 0.100 G4 10
117.000 0.300 D3 11
117.300 0.100 E4 10
117.400 0.100 F#4 10
117.500 0.100 A4 10
117.600 0.100 G4 8
117.700 0.100 F#4 8
117.800 0.100 G4 8
117.900 0.600 E4 8
118.500 0.100 D4 8
118.600 0.100 E4 8
118.700 0.100 D4 8
118.800 0.300 C3 11
119.100 0.100 G4 10
119.200 0.100 E4 10
119.300 0.100 G4 10
119.400 0.300 D3 11
119.700 0.100 A4 10
119.800 0.100 F#4 10
119.900 0.100 A4 10
120.000 0.100 G4 8
120.100 3.633 F#4 8
Triangle(854)
time dur note vol
0.000 0.133 A3 15
0.200 0.067 A3 15
0.300 0.067 A3 15
0.400 0.067 A3 15
0.500 0.067 A3 15
0.600 0.133 A3 15
0.800 0.067 A3 15
0.900 0.050 A3 15
1.000 0.050 A3 15
1.100 0.050 A3 15
1.200 0.133 A3 15
1.400 0.050 A3 15
1.500 0.050 A3 15
1.600 0.050 A3 15
1.700 0.050 A3 15
1.800 0.133 A3 15
2.000 0.050 A3 15
2.100 0.050 A3 15
2.200 0.050 A3 15
2.300 0.050 A3 15
2.400 0.133 A3 15
2.600 0.067 A3 15
2.700 0.067 A3 15
2.800 0.067 A3 15
2.900 0.067 A3 15
3.000 0.133 A3 15
3.200 0.067 A3 15
3.300 0.067 A3 15
3.400 0.067 A3 15
3.500 0.050 A3 15
3.600 0.133 A3 15
3.800 0.050 A3 15
3.900 0.050 A3 15
4.000 0.050 A3 15
4.100 0.050 A3 15
4.200 0.133 A3 15
4.400 0.050 A3 15
4.500 0.050 A3 15
4.600 0.050 A3 15
4.700 0.050 A3 15
4.800 0.100 A3 15
5.000 0.067 A3 15
5.100 0.100 A3 15
5.300 0.067 A3 15
5.400 0.100 A3 15
5.600 0.067 A3 15
5.700 0.100 A3 15
5.900 0.067 A3 15
6.000 0.100 D4 15
6.200 0.067 D4 15
6.300 0.100 D4 15
6.500 0.067 D4 15
6.600 0.100 D4 15
6.800 0.067 D4 15
6.900 0.100 D4 15
7.100 0.067 D4 15
7.200 0.100 C4 15
7.400 0.067 C4 15
7.500 0.100 C4 15
7.700 0.067 C4 15
7.800 0.100 C4 15
8.000 0.067 C4 15
8.100 0.100 C4 15
8.300 0.067 C4 15
8.400 0.100 D4 15
8.600 0.067 D4 15
8.700 0.100 D4 15
8.900 0.067 D4 15
9.000 0.100 D4 15
9.200 0.067 D4 15
9.300 0.100 D4 15
9.500 0.067 D4 15
9.600 0.100 A3 15
9.800 0.067 A3 15
9.900 0.100 A3 15
10.100 0.067 A3 15
10.200 0.100 A3 15
10.400 0.067 A3 15
10.500 0.100 A3 15
10.700 0.067 A3 15
10.800 0.100 D4 15
11.000 0.067 D4 15
11.100 0.100 D4 15
11.300 0.067 D4 15
11.400 0.100 D4 15
11.600 0.067 D4 15
11.700 0.100 D4 15
11.900 0.067 D4 15
12.000 0.100 C4 15
12.200 0.067 C4 15
12.300 0.100 C4 15
12.500 0.067 C4 15
12.600 0.100 C4 15
12.800 0.067 C4 15
12.900 0.100 C4 15
13.100 0.067 C4 15
13.200 0.100 D4 15
13.400 0.067 D4 15
13.500 0.100 D4 15
13.700 0.067 D4 15
13.800 0.100 C4 15
14.000 0.067 C4 15
14.100 0.067 D4 15
14.200 0.067 D4 15
14.300 0.067 D4 15
14.400 0.100 E4 15
14.600 0.067 E4 15
14.700 0.100 E4 15
14.900 0.067 E4 15
15.000 0.100 E4 15
15.200 0.067 E4 15
15.300 0.067 D4 15
15.400 0.067 D4 15
15.500 0.067 D4 15
15.600 0.067 C3 15
15.800 0.067 C4 15
15.900 0.067 C4 15
16.100 0.067 C4 15
16.200 0.067 D3 15
16.400 0.067 D4 15
16.500 0.067 D4 15
16.700 0.067 D4 15
16.800 0.100 E4 15
17.000 0.067 E4 15
17.100 0.100 E4 15
17.300 0.067 E4 15
17.400 0.100 E4 15
17.600 0.067 E4 15
17.700 0.067 D4 15
17.800 0.067 D4 15
17.900 0.067 D4 15
18.000 0.067 C3 15
18.200 0.067 C4 15
18.300 0.067 C4 15
18.500 0.067 C4 15
18.600 0.067 D3 15
18.800 0.067 D4 15
18.900 0.067 D4 15
19.100 0.067 D4 15
19.200 0.100 E4 15
19.400 0.067 E4 15
19.500 0.100 E4 15
19.700 0.067 E4 15
19.800 0.100 E4 15
20.000 0.067 E4 15
20.100 0.067 D4 15
20.200 0.067 D4 15
20.300 0.067 D4 15
20.400 0.067 C3 15
20.600 0.067 C4 15
20.700 0.067 C4 15
20.900 0.067 C4 15
21.000 0.067 D3 15
21.200 0.067 D4 15
21.300 0.067 D4 15
21.500 0.067 D4 15
21.600 0.100 E4 15
21.800 0.067 E4 15
21.900 0.100 E4 15
22.100 0.067 E4 15
22.200 0.100 E4 15
22.400 0.067 E4 15
22.500 0.067 D4 15
22.600 0.067 D4 15
22.700 0.067 D4 15
22.800 0.233 C4 15
23.100 0.233 G3 15
23.400 0.233 D4 15
23.700 0.233 A3 15
24.000 0.100 C4 15
24.200 0.067 C4 15
24.300 0.100 C4 15
24.500 0.067 C4 15
24.600 0.100 C4 15
24.800 0.067 C4 15
24.900 0.100 C4 15
25.100 0.067 C4 15
25.200 0.100 C4 15
25.400 0.067 C4 15
25.500 0.100 C4 15
25.700 0.067 C4 15
25.800 0.067 C4 15
26.000 0.067 C3 15
26.100 0.067 E3 15
26.200 0.067 G3 15
26.300 0.067 C4 15
26.400 0.100 D4 15
26.600 0.067 D4 15
26.700 0.100 D4 15
26.900 0.067 D4 15
27.000 0.100 D4 15
27.200 0.067 D4 15
27.300 0.100 D4 15
27.500 0.067 D4 15
27.600 0.100 D4 15
27.800 0.067 D4 15
27.900 0.100 D4 15
28.100 0.067 D4 15
28.200 0.067 D4 15
28.400 0.067 D3 15
28.500 0.067 F#3 15
28.600 0.067 A3 15
28.700 0.067 B3 15
28.800 0.100 C4 15
29.000 0.067 C4 15
29.100 0.100 C4 15
29.300 0.067 C4 15
29.400 0.100 C4 15
29.600 0.067 C4 15
29.700 0.100 C4 15
29.900 0.067 C4 15
30.000 0.100 C4 15
30.200 0.067 C4 15
30.300 0.100 C4 15
30.500 0.067 C4 15
30.600 0.100 C4 15
30.800 0.067 C4 15
30.900 0.067 C4 15
31.000 0.067 C4 15
31.100 0.067 D4 15
31.200 0.100 E4 15
31.400 0.067 E4 15
31.500 0.100 E4 15
31.700 0.067 E4 15
31.800 0.100 E4 15
32.000 0.067 E4 15
32.100 0.067 E4 15
32.200 0.067 A3 15
32.300 0.067 E4 15
32.400 0.100 E4 15
32.600 0.067 E4 15
32.700 0.100 E4 15
32.900 0.067 E4 15
33.000 0.067 E4 15
33.200 0.067 E3 15
33.300 0.067 G#3 15
33.400 0.067 B3 15
33.500 0.067 D4 15
33.600 0.133 A3 15
33.800 0.067 A3 15
33.900 0.067 A3 15
34.000 0.067 A3 15
34.100 0.067 A3 15
34.200 0.133 A3 15
34.400 0.067 A3 15
34.500 0.050 A3 15
34.600 0.050 A3 15
34.700 0.050 A3 15
34.800 0.133 A3 15
35.000 0.050 A3 15
35.100 0.050 A3 15
35.200 0.050 A3 15
35.300 0.050 A3 15
35.400 0.133 A3 15
35.600 0.050 A3 15
35.700 0.050 A3 15
35.800 0.050 A3 15
35.900 0.050 A3 15
36.000 0.133 A3 15
36.200 0.067 A3 15
36.300 0.067 A3 15
36.400 0.067 A3 15
36.500 0.067 A3 15
36.600 0.133 A3 15
36.800 0.067 A3 15
36.900 0.067 A3 15
37.000 0.050 A3 15
37.100 0.050 A3 15
37.200 0.133 A3 15
37.400 0.050 A3 15
37.500 0.050 A3 15
37.600 0.050 A3 15
37.700 0.050 A3 15
37.800 0.133 A3 15
38.000 0.050 A3 15
38.100 0.050 A3 15
38.200 0.050 A3 15
38.300 0.050 A3 15
38.400 0.100 A3 15
38.600 0.067 A3 15
38.700 0.100 A3 15
38.900 0.067 A3 15
39.000 0.100 A3 15
39.200 0.067 A3 15
39.300 0.100 A3 15
39.500 0.067 A3 15
39.600 0.100 D4 15
39.800 0.067 D4 15
39.900 0.100 D4 15
40.100 0.067 D4 15
40.200 0.100 D4 15
40.400 0.067 D4 15
40.500 0.100 D4 15
40.700 0.067 D4 15
40.800 0.100 C4 15
41.000 0.067 C4 15
41.100 0.100 C4 15
41.300 0.067 C4 15
41.400 0.100 C4 15
41.600 0.067 C4 15
41.700 0.100 C4 15
41.900 0.067 C4 15
42.000 0.100 D4 15
42.200 0.067 D4 15
42.300 0.100 D4 15
42.500 0.067 D4 15
42.600 0.100 D4 15
42.800 0.067 D4 15
42.900 0.100 D4 15
43.100 0.067 D4 15
43.200 0.100 A3 15
43.400 0.067 A3 15
43.500 0.100 A3 15
43.700 0.067 A3 15
43.800 0.100 A3 15
44.000 0.067 A3 15
44.100 0.100 A3 15
44.300 0.067 A3 15
44.400 0.100 D4 15
44.600 0.067 D4 15
44.700 0.100 D4 15
44.900 0.067 D4 15
45.000 0.100 D4 15
45.200 0.067 D4 15
45.300 0.100 D4 15
45.500 0.067 D4 15
45.600 0.100 C4 15
45.800 0.067 C4 15
45.900 0.100 C4 15
46.100 0.067 C4 15
46.200 0.100 C4 15
46.400 0.067 C4 15
46.500 0.100 C4 15
46.700 0.067 C4 15
46.800 0.100 D4 15
47.000 0.067 D4 15
47.100 0.100 D4 15
47.300 0.067 D4 15
47.400 0.100 C4 15
47.600 0.067 C4 15
47.700 0.067 D4 15
47.800 0.067 D4 15
47.900 0.067 D4 15
48.000 0.100 E4 15
48.200 0.067 E4 15
48.300 0.100 E4 15
48.500 0.067 E4 15
48.600 0.100 E4 15
48.800 0.067 E4 15
48.900 0.067 D4 15
49.000 0.067 D4 15
49.100 0.067 D4 15
49.200 0.067 C3 15
49.400 0.067 C4 15
49.500 0.067 C4 15
49.700 0.067 C4 15
49.800 0.067 D3 15
50.000 0.067 D4 15
50.100 0.067 D4 15
50.300 0.067 D4 15
50.400 0.100 E4 15
50.600 0.067 E4 15
50.700 0.100 E4 15
50.900 0.067 E4 15
51.000 0.100 E4 15
51.200 0.067 E4 15
51.300 0.067 D4 15
51.400 0.067 D4 15
51.500 0.067 D4 15
51.600 0.067 C3 15
51.800 0.067 C4 15
51.900 0.067 C4 15
52.100 0.067 C4 15
52.200 0.067 D3 15
52.400 0.067 D4 15
52.500 0.067 D4 15
52.700 0.067 D4 15
52.800 0.100 E4 15
53.000 0.067 E4 15
53.100 0.100 E4 15
53.300 0.067 E4 15
53.400 0.100 E4 15
53.600 0.067 E4 15
53.700 0.067 D4 15
53.800 0.067 D4 15
53.900 0.067 D4 15
54.000 0.067 C3 15
54.200 0.067 C4 15
54.300 0.067 C4 15
54.500 0.067 C4 15
54.600 0.067 D3 15
54.800 0.067 D4 15
54.900 0.067 D4 15
55.100 0.067 D4 15
55.200 0.100 E4 15
55.400 0.067 E4 15
55.500 0.100 E4 15
55.700 0.067 E4 15
55.800 0.100 E4 15
56.000 0.067 E4 15
56.100 0.067 D4 15
56.200 0.067 D4 15
56.300 0.067 D4 15
56.400 0.233 C4 15
56.700 0.233 G3 15
57.000 0.233 D4 15
57.300 0.233 A3 15
57.600 0.100 C4 15
57.800 0.067 C4 15
57.900 0.100 C4 15
58.100 0.067 C4 15
58.200 0.100 C4 15
58.400 0.067 C4 15
58.500 0.100 C4 15
58.700 0.067 C4 15
58.800 0.100 C4 15
59.000 0.067 C4 15
59.100 0.100 C4 15
59.300 0.067 C4 15
59.400 0.067 C4 15
59.600 0.067 C3 15
59.700 0.067 E3 15
59.800 0.067 G3 15
59.900 0.067 C4 15
60.000 0.100 D4 15
60.200 0.067 D4 15
60.300 0.100 D4 15
60.500 0.067 D4 15
60.600 0.100 D4 15
60.800 0.067 D4 15
60.900 0.100 D4 15
61.100 0.067 D4 15
61.200 0.100 D4 15
61.400 0.067 D4 15
61.500 0.100 D4 15
61.700 0.067 D4 15
61.800 0.067 D4 15
62.000 0.067 D3 15
62.100 0.067 F#3 15
62.200 0.067 A3 15
62.300 0.067 B3 15
62.400 0.100 C4 15
62.600 0.067 C4 15
62.700 0.100 C4 15
62.900 0.067 C4 15
63.000 0.100 C4 15
63.200 0.067 C4 15
63.300 0.100 C4 15
63.500 0.067 C4 15
63.600 0.100 C4 15
63.800 0.067 C4 15
63.900 0.100 C4 15
64.100 0.067 C4 15
64.200 0.100 C4 15
64.400 0.067 C4 15
64.500 0.067 C4 15
64.600 0.067 C4 15
64.700 0.067 D4 15
64.800 0.100 E4 15
65.000 0.067 E4 15
65.100 0.100 E4 15
65.300 0.067 E4 15
65.400 0.100 E4 15
65.600 0.067 E4 15
65.700 0.067 E4 15
65.800 0.067 A3 15
65.900 0.067 E4 15
66.000 0.100 E4 15
66.200 0.067 E4 15
66.300 0.100 E4 15
66.500 0.067 E4 15
66.600 0.067 E4 15
66.800 0.067 E3 15
66.900 0.067 G#3 15
67.000 0.067 B3 15
67.100 0.067 D4 15
67.200 0.133 A3 15
67.400 0.067 A3 15
67.500 0.067 A3 15
67.600 0.067 A3 15
67.700 0.067 A3 15
67.800 0.133 A3 15
68.000 0.067 A3 15
68.100 0.050 A3 15
68.200 0.050 A3 15
68.300 0.050 A3 15
68.400 0.133 A3 15
68.600 0.050 A3 15
68.700 0.050 A3 15
68.800 0.050 A3 15
68.900 0.050 A3 15
69.000 0.133 A3 15
69.200 0.050 A3 15
69.300 0.050 A3 15
69.400 0.050 A3 15
69.500 0.067 A3 15
69.600 0.133 A3 15
69.800 0.067 A3 15
69.900 0.067 A3 15
70.000 0.067 A3 15
70.100 0.067 A3 15
70.200 0.133 A3 15
70.400 0.067 A3 15
70.500 0.050 A3 15
70.600 0.050 A3 15
70.700 0.050 A3 15
70.800 0.133 A3 15
71.000 0.050 A3 15
71.100 0.050 A3 15
71.200 0.050 A3 15
71.300 0.050 A3 15
71.400 0.133 A3 15
71.600 0.050 A3 15
71.700 0.050 A3 15
71.800 0.050 A3 15
71.900 0.050 A3 15
72.000 0.100 A3 15
72.200 0.067 A3 15
72.300 0.100 A3 15
72.500 0.067 A3 15
72.600 0.100 A3 15
72.800 0.067 A3 15
72.900 0.100 A3 15
73.100 0.067 A3 15
73.200 0.100 D4 15
73.400 0.067 D4 15
73.500 0.100 D4 15
73.700 0.067 D4 15
73.800 0.100 D4 15
74.000 0.067 D4 15
74.100 0.100 D4 15
74.300 0.067 D4 15
74.400 0.100 C4 15
74.600 0.067 C4 15
74.700 0.100 C4 15
74.900 0.067 C4 15
75.000 0.100 C4 15
75.200 0.067 C4 15
75.300 0.100 C4 15
75.500 0.067 C4 15
75.600 0.100 D4 15
75.800 0.067 D4 15
75.900 0.100 D4 15
76.100 0.067 D4 15
76.200 0.100 D4 15
76.400 0.067 D4 15
76.500 0.100 D4 15
76.700 0.067 D4 15
76.800 0.100 A3 15
77.000 0.067 A3 15
77.100 0.100 A3 15
77.300 0.067 A3 15
77.400 0.100 A3 15
77.600 0.067 A3 15
77.700 0.100 A3 15
77.900 0.067 A3 15
78.000 0.100 D4 15
78.200 0.067 D4 15
78.300 0.100 D4 15
78.500 0.067 D4 15
78.600 0.100 D4 15
78.800 0.067 D4 15
78.900 0.100 D4 15
79.100 0.067 D4 15
79.200 0.100 C4 15
79.400 0.067 C4 15
79.500 0.100 C4 15
79.700 0.067 C4 15
79.800 0.100 C4 15
80.000 0.067 C4 15
80.100 0.100 C4 15
80.300 0.067 C4 15
80.400 0.100 D4 15
80.600 0.067 D4 15
80.700 0.100 D4 15
80.900 0.067 D4 15
81.000 0.100 C4 15
81.200 0.067 C4 15
81.300 0.067 D4 15
81.400 0.067 D4 15
81.500 0.067 D4 15
81.600 0.100 E4 15
81.800 0.067 E4 15
81.900 0.100 E4 15
82.100 0.067 E4 15
82.200 0.100 E4 15
82.400 0.067 E4 15
82.500 0.067 D4 15
82.600 0.067 D4 15
82.700 0.067 D4 15
82.800 0.067 C3 15
83.000 0.067 C4 15
83.100 0.067 C4 15
83.300 0.067 C4 15
83.400 0.067 D3 15
83.600 0.067 D4 15
83.700 0.067 D4 15
83.900 0.067 D4 15
84.000 0.100 E4 15
84.200 0.067 E4 15
84.300 0.100 E4 15
84.500 0.067 E4 15
84.600 0.100 E4 15
84.800 0.067 E4 15
84.900 0.067 D4 15
85.000 0.067 D4 15
85.100 0.067 D4 15
85.200 0.067 C3 15
85.400 0.067 C4 15
85.500 0.067 C4 15
85.700 0.067 C4 15
85.800 0.067 D3 15
86.000 0.067 D4 15
86.100 0.067 D4 15
86.300 0.067 D4 15
86.400 0.100 E4 15
86.600 0.067 E4 15
86.700 0.100 E4 15
86.900 0.067 E4 15
87.000 0.100 E4 15
87.200 0.067 E4 15
87.300 0.067 D4 15
87.400 0.067 D4 15
87.500 0.067 D4 15
87.600 0.067 C3 15
87.800 0.067 C4 15
87.900 0.067 C4 15
88.100 0.067 C4 15
88.200 0.067 D3 15
88.400 0.067 D4 15
88.500 0.067 D4 15
88.700 0.067 D4 15
88.800 0.100 E4 15
89.000 0.067 E4 15
89.100 0.100 E4 15
89.300 0.067 E4 15
89.400 0.100 E4 15
89.600 0.067 E4 15
89.700 0.067 D4 15
89.800 0.067 D4 15
89.900 0.067 D4 15
90.000 0.233 C4 15
90.300 0.233 G3 15
90.600 0.233 D4 15
90.900 0.233 A3 15
91.200 0.100 C4 15
91.400 0.067 C4 15
91.500 0.100 C4 15
91.700 0.067 C4 15
91.800 0.100 C4 15
92.000 0.067 C4 15
92.100 0.100 C4 15
92.300 0.067 C4 15
92.400 0.100 C4 15
92.600 0.067 C4 15
92.700 0.100 C4 15
92.900 0.067 C4 15
93.000 0.067 C4 15
93.200 0.067 C3 15
93.300 0.067 E3 15
93.400 0.067 G3 15
93.500 0.067 C4 15
93.600 0.100 D4 15
93.800 0.067 D4 15
93.900 0.100 D4 15
94.100 0.067 D4 15
94.200 0.100 D4 15
94.400 0.067 D4 15
94.500 0.100 D4 15
94.700 0.067 D4 15
94.800 0.100 D4 15
95.000 0.067 D4 15
95.100 0.100 D4 15
95.300 0.067 D4 15
95.400 0.067 D4 15
95.600 0.067 D3 15
95.700 0.067 F#3 15
95.800 0.067 A3 15
95.900 0.067 B3 15
96.000 0.100 C4 15
96.200 0.067 C4 15
96.300 0.100 C4 15
96.500 0.067 C4 15
96.600 0.100 C4 15
96.800 0.067 C4 15
96.900 0.100 C4 15
97.100 0.067 C4 15
97.200 0.100 C4 15
97.400 0.067 C4 15
97.500 0.100 C4 15
97.700 0.067 C4 15
97.800 0.100 C4 15
98.000 0.067 C4 15
98.100 0.067 C4 15
98.200 0.067 C4 15
98.300 0.067 D4 15
98.400 0.100 E4 15
98.600 0.067 E4 15
98.700 0.100 E4 15
98.900 0.067 E4 15
99.000 0.100 E4 15
99.200 0.067 E4 15
99.300 0.067 E4 15
99.400 0.067 A3 15
99.500 0.067 E4 15
99.600 0.100 E4 15
99.800 0.067 E4 15
99.900 0.100 E4 15
100.100 0.067 E4 15
100.200 0.067 E4 15
100.400 0.067 E3 15
100.500 0.067 G#3 15
100.600 0.067 B3 15
100.700 0.067 D4 15
100.800 0.133 A3 15
101.000 0.067 A3 15
101.100 0.067 A3 15
101.200 0.067 A3 15
101.300 0.050 A3 15
101.400 0.133 A3 15
101.600 0.050 A3 15
101.700 0.050 A3 15
101.800 0.050 A3 15
101.900 0.050 A3 15
102.000 0.133 A3 15
102.200 0.050 A3 15
102.300 0.050 A3 15
102.400 0.050 A3 15
102.500 0.050 A3 15
102.600 0.133 A3 15
102.800 0.050 A3 15
102.900 0.067 A3 15
103.000 0.067 A3 15
103.100 0.067 A3 15
103.200 0.133 A3 15
103.400 0.067 A3 15
103.500 0.067 A3 15
103.600 0.067 A3 15
103.700 0.067 A3 15
103.800 0.133 A3 15
104.000 0.067 A3 15
104.100 0.050 A3 15
104.200 0.050 A3 15
104.300 0.050 A3 15
104.400 0.133 A3 15
104.600 0.050 A3 15
104.700 0.050 A3 15
104.800 0.050 A3 15
104.900 0.050 A3 15
105.000 0.133 A3 15
105.200 0.050 A3 15
105.300 0.050 A3 15
105.400 0.050 A3 15
105.500 0.067 A3 15
105.600 0.100 A3 15
105.800 0.067 A3 15
105.900 0.100 A3 15
106.100 0.067 A3 15
106.200 0.100 A3 15
106.400 0.067 A3 15
106.500 0.100 A3 15
106.700 0.067 A3 15
106.800 0.100 D4 15
107.000 0.067 D4 15
107.100 0.100 D4 15
107.300 0.067 D4 15
107.400 0.100 D4 15
107.600 0.067 D4 15
107.700 0.100 D4 15
107.900 0.067 D4 15
108.000 0.100 C4 15
108.200 0.067 C4 15
108.300 0.100 C4 15
108.500 0.067 C4 15
108.600 0.100 C4 15
108.800 0.067 C4 15
108.900 0.100 C4 15
109.100 0.067 C4 15
109.200 0.100 D4 15
109.400 0.067 D4 15
109.500 0.100 D4 15
109.700 0.067 D4 15
109.800 0.100 D4 15
110.000 0.067 D4 15
110.100 0.100 D4 15
110.300 0.067 D4 15
110.400 0.100 A3 15
110.600 0.067 A3 15
110.700 0.100 A3 15
110.900 0.067 A3 15
111.000 0.100 A3 15
111.200 0.067 A3 15
111.300 0.100 A3 15
111.500 0.067 A3 15
111.600 0.100 D4 15
111.800 0.067 D4 15
111.900 0.100 D4 15
112.100 0.067 D4 15
112.200 0.100 D4 15
112.400 0.067 D4 15
112.500 0.100 D4 15
112.700 0.067 D4 15
112.800 0.100 C4 15
113.000 0.067 C4 15
113.100 0.100 C4 15
113.300 0.067 C4 15
113.400 0.100 C4 15
113.600 0.067 C4 15
113.700 0.100 C4 15
113.900 0.067 C4 15
114.000 0.100 D4 15
114.200 0.067 D4 15
114.300 0.100 D4 15
114.500 0.067 D4 15
114.600 0.100 C4 15
114.800 0.067 C4 15
114.900 0.067 D4 15
115.000 0.067 D4 15
115.100 0.067 D4 15
115.200 0.100 E4 15
115.400 0.067 E4 15
115.500 0.100 E4 15
115.700 0.067 E4 15
115.800 0.100 E4 15
116.000 0.067 E4 15
116.100 0.067 D4 15
116.200 0.067 D4 15
116.300 0.067 D4 15
116.400 0.067 C3 15
116.600 0.067 C4 15
116.700 0.067 C4 15
116.900 0.067 C4 15
117.000 0.067 D3 15
117.200 0.067 D4 15
117.300 0.067 D4 15
117.500 0.067 D4 15
117.600 0.100 E4 15
117.800 0.067 E4 15
117.900 0.100 E4 15
118.100 0.067 E4 15
118.200 0.100 E4 15
118.400 0.067 E4 15
118.500 0.067 D4 15
118.600 0.067 D4 15
118.700 0.067 D4 15
118.800 0.067 C3 15
119.000 0.067 C4 15
119.100 0.067 C4 15
119.300 0.067 C4 15
119.400 0.067 D3 15
119.600 0.067 D4 15
119.700 0.067 D4 15
119.900 0.067 D4 15
120.000 0.100 E4 15
Noise(1252)
time dur noise vol drum
0.317 0.017 7 7 snare_deep
0.333 0.017 8 5 tom_high
0.350 0.017 9 3 tom
0.367 0.033 10 2 tom_low
0.917 0.017 7 7 snare_deep
0.933 0.017 8 5 tom_high
0.950 0.017 9 3 tom
0.967 0.033 10 2 tom_low
1.517 0.017 7 7 snare_deep
1.533 0.017 8 5 tom_high
1.550 0.017 9 3 tom
1.567 0.033 10 2 tom_low
2.117 0.017 7 7 snare_deep
2.133 0.017 8 5 tom_high
2.150 0.017 9 3 tom
2.167 0.033 10 2 tom_low
2.717 0.017 7 7 snare_deep
2.733 0.017 8 5 tom_high
2.750 0.017 9 3 tom
2.767 0.033 10 2 tom_low
3.317 0.017 7 7 snare_deep
3.333 0.017 8 5 tom_high
3.350 0.017 9 3 tom
3.367 0.033 10 2 tom_low
3.917 0.017 7 7 snare_deep
3.933 0.017 8 5 tom_high
3.950 0.017 9 3 tom
3.967 0.033 10 2 tom_low
4.217 0.017 7 7 snare_deep
4.233 0.017 8 5 tom_high
4.250 0.017 9 3 tom
4.267 0.033 10 2 tom_low
4.317 0.017 7 7 snare_deep
4.333 0.017 8 5 tom_high
4.350 0.017 9 3 tom
4.367 0.033 10 2 tom_low
4.417 0.017 7 7 snare_deep
4.433 0.017 8 5 tom_high
4.450 0.017 9 3 tom
4.467 0.033 10 2 tom_low
4.517 0.017 7 7 snare_deep
4.533 0.017 8 5 tom_high
4.550 0.017 9 3 tom
4.567 0.033 10 2 tom_low
4.617 0.017 7 7 snare_deep
4.633 0.017 8 5 tom_high
4.650 0.017 9 3 tom
4.667 0.033 10 2 tom_low
4.717 0.017 7 7 snare_deep
4.733 0.017 8 5 tom_high
4.750 0.017 9 3 tom
4.767 0.033 10 2 tom_low
5.117 0.017 7 7 snare_deep
5.133 0.017 8 5 tom_high
5.150 0.017 9 3 tom
5.167 0.033 10 2 tom_low
5.717 0.017 7 7 snare_deep
5.733 0.017 8 5 tom_high
5.750 0.017 9 3 tom
5.767 0.033 10 2 tom_low
6.317 0.017 7 7 snare_deep
6.333 0.017 8 5 tom_high
6.350 0.017 9 3 tom
6.367 0.033 10 2 tom_low
6.917 0.017 7 7 snare_deep
6.933 0.017 8 5 tom_high
6.950 0.017 9 3 tom
6.967 0.033 10 2 tom_low
7.517 0.017 7 7 snare_deep
7.533 0.017 8 5 tom_high
7.550 0.017 9 3 tom
7.567 0.033 10 2 tom_low
8.117 0.017 7 7 snare_deep
8.133 0.017 8 5 tom_high
8.150 0.017 9 3 tom
8.167 0.033 10 2 tom_low
8.717 0.017 7 7 snare_deep
8.733 0.017 8 5 tom_high
8.750 0.017 9 3 tom
8.767 0.033 10 2 tom_low
9.317 0.017 7 7 snare_deep
9.333 0.017 8 5 tom_high
9.350 0.017 9 3 tom
9.367 0.033 10 2 tom_low
9.917 0.017 7 7 snare_deep
9.933 0.017 8 5 tom_high
9.950 0.017 9 3 tom
9.967 0.033 10 2 tom_low
10.517 0.017 7 7 snare_deep
10.533 0.017 8 5 tom_high
10.550 0.017 9 3 tom
10.567 0.033 10 2 tom_low
11.117 0.017 7 7 snare_deep
11.133 0.017 8 5 tom_high
11.150 0.017 9 3 tom
11.167 0.033 10 2 tom_low
11.717 0.017 7 7 snare_deep
11.733 0.017 8 5 tom_high
11.750 0.017 9 3 tom
11.767 0.033 10 2 tom_low
12.317 0.017 7 7 snare_deep
12.333 0.017 8 5 tom_high
12.350 0.017 9 3 tom
12.367 0.033 10 2 tom_low
12.917 0.017 7 7 snare_deep
12.933 0.017 8 5 tom_high
12.950 0.017 9 3 tom
12.967 0.033 10 2 tom_low
13.517 0.017 7 7 snare_deep
13.533 0.017 8 5 tom_high
13.550 0.017 9 3 tom
13.567 0.033 10 2 tom_low
14.117 0.017 7 7 snare_deep
14.133 0.017 8 5 tom_high
14.150 0.017 9 3 tom
14.167 0.033 10 2 tom_low
14.217 0.017 7 7 snare_deep
14.233 0.017 8 5 tom_high
14.250 0.017 9 3 tom
14.267 0.033 10 2 tom_low
14.317 0.017 7 7 snare_deep
14.333 0.017 8 5 tom_high
14.350 0.017 9 3 tom
14.367 0.033 10 2 tom_low
14.717 0.017 7 7 snare_deep
14.733 0.017 8 5 tom_high
14.750 0.017 9 3 tom
14.767 0.033 10 2 tom_low
15.317 0.017 7 7 snare_deep
15.333 0.017 8 5 tom_high
15.350 0.017 9 3 tom
15.367 0.033 10 2 tom_low
15.417 0.017 7 7 snare_deep
15.433 0.017 8 5 tom_high
15.450 0.017 9 3 tom
15.467 0.033 10 2 tom_low
15.517 0.017 7 7 snare_deep
15.533 0.017 8 5 tom_high
15.550 0.017 9 3 tom
15.567 0.033 10 2 tom_low
15.917 0.017 7 7 snare_deep
15.933 0.017 8 5 tom_high
15.950 0.017 9 3 tom
15.967 0.033 10 2 tom_low
16.517 0.017 7 7 snare_deep
16.533 0.017 8 5 tom_high
16.550 0.017 9 3 tom
16.567 0.033 10 2 tom_low
17.117 0.017 7 7 snare_deep
17.133 0.017 8 5 tom_high
17.150 0.017 9 3 tom
17.167 0.033 10 2 tom_low
17.717 0.017 7 7 snare_deep
17.733 0.017 8 5 tom_high
17.750 0.017 9 3 tom
17.767 0.033 10 2 tom_low
17.817 0.017 7 7 snare_deep
17.833 0.017 8 5 tom_high
17.850 0.017 9 3 tom
17.867 0.033 10 2 tom_low
17.917 0.017 7 7 snare_deep
17.933 0.017 8 5 tom_high
17.950 0.017 9 3 tom
17.967 0.033 10 2 tom_low
18.317 0.017 7 7 snare_deep
18.333 0.017 8 5 tom_high
18.350 0.017 9 3 tom
18.367 0.033 10 2 tom_low
18.917 0.017 7 7 snare_deep
18.933 0.017 8 5 tom_high
18.950 0.017 9 3 tom
18.967 0.033 10 2 tom_low
19.517 0.017 7 7 snare_deep
19.533 0.017 8 5 tom_high
19.550 0.017 9 3 tom
19.567 0.033 10 2 tom_low
20.117 0.017 7 7 snare_deep
20.133 0.017 8 5 tom_high
20.150 0.017 9 3 tom
20.167 0.033 10 2 tom_low
20.217 0.017 7 7 snare_deep
20.233 0.017 8 5 tom_high
20.250 0.017 9 3 tom
20.267 0.033 10 2 tom_low
20.317 0.017 7 7 snare_deep
20.333 0.017 8 5 tom_high
20.350 0.017 9 3 tom
20.367 0.033 10 2 tom_low
20.717 0.017 7 7 snare_deep
20.733 0.017 8 5 tom_high
20.750 0.017 9 3 tom
20.767 0.033 10 2 tom_low
21.317 0.017 7 7 snare_deep
21.333 0.017 8 5 tom_high
21.350 0.017 9 3 tom
21.367 0.033 10 2 tom_low
21.917 0.017 7 7 snare_deep
21.933 0.017 8 5 tom_high
21.950 0.017 9 3 tom
21.967 0.033 10 2 tom_low
22.517 0.017 7 7 snare_deep
22.533 0.017 8 5 tom_high
22.550 0.017 9 3 tom
22.567 0.033 10 2 tom_low
22.617 0.017 7 7 snare_deep
22.633 0.017 8 5 tom_high
22.650 0.017 9 3 tom
22.667 0.033 10 2 tom_low
22.717 0.017 7 7 snare_deep
22.733 0.017 8 5 tom_high
22.750 0.017 9 3 tom
22.767 0.033 10 2 tom_low
23.117 0.017 7 7 snare_deep
23.133 0.017 8 5 tom_high
23.150 0.017 9 3 tom
23.167 0.033 10 2 tom_low
23.417 0.017 7 7 snare_deep
23.433 0.017 8 5 tom_high
23.450 0.017 9 3 tom
23.467 0.033 10 2 tom_low
23.517 0.017 7 7 snare_deep
23.533 0.017 8 5 tom_high
23.550 0.017 9 3 tom
23.567 0.033 10 2 tom_low
23.617 0.017 7 7 snare_deep
23.633 0.017 8 5 tom_high
23.650 0.017 9 3 tom
23.667 0.033 10 2 tom_low
23.717 0.017 7 7 snare_deep
23.733 0.017 8 5 tom_high
23.750 0.017 9 3 tom
23.767 0.033 10 2 tom_low
23.817 0.017 7 7 snare_deep
23.833 0.017 8 5 tom_high
23.850 0.017 9 3 tom
23.867 0.033 10 2 tom_low
23.917 0.017 7 7 snare_deep
23.933 0.017 8 5 tom_high
23.950 0.017 9 3 tom
23.967 0.033 10 2 tom_low
24.317 0.017 7 7 snare_deep
24.333 0.017 8 5 tom_high
24.350 0.017 9 3 tom
24.367 0.033 10 2 tom_low
24.917 0.017 7 7 snare_deep
24.933 0.017 8 5 tom_high
24.950 0.017 9 3 tom
24.967 0.033 10 2 tom_low
25.517 0.017 7 7 snare_deep
25.533 0.017 8 5 tom_high
25.550 0.017 9 3 tom
25.567 0.033 10 2 tom_low
26.117 0.017 7 7 snare_deep
26.133 0.017 8 5 tom_high
26.150 0.017 9 3 tom
26.167 0.033 10 2 tom_low
26.717 0.017 7 7 snare_deep
26.733 0.017 8 5 tom_high
26.750 0.017 9 3 tom
26.767 0.033 10 2 tom_low
27.317 0.017 7 7 snare_deep
27.333 0.017 8 5 tom_high
27.350 0.017 9 3 tom
27.367 0.033 10 2 tom_low
27.917 0.017 7 7 snare_deep
27.933 0.017 8 5 tom_high
27.950 0.017 9 3 tom
27.967 0.033 10 2 tom_low
28.517 0.017 7 7 snare_deep
28.533 0.017 8 5 tom_high
28.550 0.017 9 3 tom
28.567 0.033 10 2 tom_low
28.617 0.017 7 7 snare_deep
28.633 0.017 8 5 tom_high
28.650 0.017 9 3 tom
28.667 0.033 10 2 tom_low
28.717 0.017 7 7 snare_deep
28.733 0.017 8 5 tom_high
28.750 0.017 9 3 tom
28.767 0.033 10 2 tom_low
29.117 0.017 7 7 snare_deep
29.133 0.017 8 5 tom_high
29.150 0.017 9 3 tom
29.167 0.033 10 2 tom_low
29.717 0.017 7 7 snare_deep
29.733 0.017 8 5 tom_high
29.750 0.017 9 3 tom
29.767 0.033 10 2 tom_low
30.317 0.017 7 7 snare_deep
30.333 0.017 8 5 tom_high
30.350 0.017 9 3 tom
30.367 0.033 10 2 tom_low
30.917 0.017 7 7 snare_deep
30.933 0.017 8 5 tom_high
30.950 0.017 9 3 tom
30.967 0.033 10 2 tom_low
31.017 0.017 7 7 snare_deep
31.033 0.017 8 5 tom_high
31.050 0.017 9 3 tom
31.067 0.033 10 2 tom_low
31.117 0.017 7 7 snare_deep
31.133 0.017 8 5 tom_high
31.150 0.017 9 3 tom
31.167 0.033 10 2 tom_low
31.217 0.017 7 7 snare_deep
31.233 0.017 8 5 tom_high
31.250 0.017 9 3 tom
31.267 0.033 10 2 tom_low
31.517 0.017 7 7 snare_deep
31.533 0.017 8 5 tom_high
31.550 0.017 9 3 tom
31.567 0.033 10 2 tom_low
31.817 0.017 7 7 snare_deep
31.833 0.017 8 5 tom_high
31.850 0.017 9 3 tom
31.867 0.033 10 2 tom_low
32.117 0.017 7 7 snare_deep
32.133 0.017 8 5 tom_high
32.150 0.017 9 3 tom
32.167 0.033 10 2 tom_low
32.417 0.017 7 7 snare_deep
32.433 0.017 8 5 tom_high
32.450 0.017 9 3 tom
32.467 0.033 10 2 tom_low
32.717 0.017 7 7 snare_deep
32.733 0.017 8 5 tom_high
32.750 0.017 9 3 tom
32.767 0.033 10 2 tom_low
32.817 0.017 7 7 snare_deep
32.833 0.017 8 5 tom_high
32.850 0.017 9 3 tom
32.867 0.033 10 2 tom_low
32.917 0.017 7 7 snare_deep
32.933 0.017 8 5 tom_high
32.950 0.017 9 3 tom
32.967 0.033 10 2 tom_low
33.017 0.017 7 7 snare_deep
33.033 0.017 8 5 tom_high
33.050 0.017 9 3 tom
33.067 0.033 10 2 tom_low
33.117 0.017 7 7 snare_deep
33.133 0.017 8 5 tom_high
33.150 0.017 9 3 tom
33.167 0.033 10 2 tom_low
33.217 0.017 7 7 snare_deep
33.233 0.017 8 5 tom_high
33.250 0.017 9 3 tom
33.267 0.033 10 2 tom_low
33.317 0.017 7 7 snare_deep
33.333 0.017 8 5 tom_high
33.350 0.017 9 3 tom
33.367 0.033 10 2 tom_low
33.417 0.017 7 7 snare_deep
33.433 0.017 8 5 tom_high
33.450 0.017 9 3 tom
33.467 0.033 10 2 tom_low
33.517 0.017 7 7 snare_deep
33.533 0.017 8 5 tom_high
33.550 0.017 9 3 tom
33.567 0.033 10 2 tom_low
33.917 0.017 7 7 snare_deep
33.933 0.017 8 5 tom_high
33.950 0.017 9 3 tom
33.967 0.033 10 2 tom_low
34.517 0.017 7 7 snare_deep
34.533 0.017 8 5 tom_high
34.550 0.017 9 3 tom
34.567 0.033 10 2 tom_low
35.117 0.017 7 7 snare_deep
35.133 0.017 8 5 tom_high
35.150 0.017 9 3 tom
35.167 0.033 10 2 tom_low
35.717 0.017 7 7 snare_deep
35.733 0.017 8 5 tom_high
35.750 0.017 9 3 tom
35.767 0.033 10 2 tom_low
36.317 0.017 7 7 snare_deep
36.333 0.017 8 5 tom_high
36.350 0.017 9 3 tom
36.367 0.033 10 2 tom_low
36.917 0.017 7 7 snare_deep
36.933 0.017 8 5 tom_high
36.950 0.017 9 3 tom
36.967 0.033 10 2 tom_low
37.517 0.017 7 7 snare_deep
37.533 0.017 8 5 tom_high
37.550 0.017 9 3 tom
37.567 0.033 10 2 tom_low
37.817 0.017 7 7 snare_deep
37.833 0.017 8 5 tom_high
37.850 0.017 9 3 tom
37.867 0.033 10 2 tom_low
37.917 0.017 7 7 snare_deep
37.933 0.017 8 5 tom_high
37.950 0.017 9 3 tom
37.967 0.033 10 2 tom_low
38.017 0.017 7 7 snare_deep
38.033 0.017 8 5 tom_high
38.050 0.017 9 3 tom
38.067 0.033 10 2 tom_low
38.117 0.017 7 7 snare_deep
38.133 0.017 8 5 tom_high
38.150 0.017 9 3 tom
38.167 0.033 10 2 tom_low
38.217 0.017 7 7 snare_deep
38.233 0.017 8 5 tom_high
38.250 0.017 9 3 tom
38.267 0.033 10 2 tom_low
38.317 0.017 7 7 snare_deep
38.333 0.017 8 5 tom_high
38.350 0.017 9 3 tom
38.367 0.033 10 2 tom_low
38.717 0.017 7 7 snare_deep
38.733 0.017 8 5 tom_high
38.750 0.017 9 3 tom
38.767 0.033 10 2 tom_low
39.317 0.017 7 7 snare_deep
39.333 0.017 8 5 tom_high
39.350 0.017 9 3 tom
39.367 0.033 10 2 tom_low
39.917 0.017 7 7 snare_deep
39.933 0.017 8 5 tom_high
39.950 0.017 9 3 tom
39.967 0.033 10 2 tom_low
40.517 0.017 7 7 snare_deep
40.533 0.017 8 5 tom_high
40.550 0.017 9 3 tom
40.567 0.033 10 2 tom_low
41.117 0.017 7 7 snare_deep
41.133 0.017 8 5 tom_high
41.150 0.017 9 3 tom
41.167 0.033 10 2 tom_low
41.717 0.017 7 7 snare_deep
41.733 0.017 8 5 tom_high
41.750 0.017 9 3 tom
41.767 0.033 10 2 tom_low
42.317 0.017 7 7 snare_deep
42.333 0.017 8 5 tom_high
42.350 0.017 9 3 tom
42.367 0.033 10 2 tom_low
42.917 0.017 7 7 snare_deep
42.933 0.017 8 5 tom_high
42.950 0.017 9 3 tom
42.967 0.033 10 2 tom_low
43.517 0.017 7 7 snare_deep
43.533 0.017 8 5 tom_high
43.550 0.017 9 3 tom
43.567 0.033 10 2 tom_low
44.117 0.017 7 7 snare_deep
44.133 0.017 8 5 tom_high
44.150 0.017 9 3 tom
44.167 0.033 10 2 tom_low
44.717 0.017 7 7 snare_deep
44.733 0.017 8 5 tom_high
44.750 0.017 9 3 tom
44.767 0.033 10 2 tom_low
45.317 0.017 7 7 snare_deep
45.333 0.017 8 5 tom_high
45.350 0.017 9 3 tom
45.367 0.033 10 2 tom_low
45.917 0.017 7 7 snare_deep
45.933 0.017 8 5 tom_high
45.950 0.017 9 3 tom
45.967 0.033 10 2 tom_low
46.517 0.017 7 7 snare_deep
46.533 0.017 8 5 tom_high
46.550 0.017 9 3 tom
46.567 0.033 10 2 tom_low
47.117 0.017 7 7 snare_deep
47.133 0.017 8 5 tom_high
47.150 0.017 9 3 tom
47.167 0.033 10 2 tom_low
47.717 0.017 7 7 snare_deep
47.733 0.017 8 5 tom_high
47.750 0.017 9 3 tom
47.767 0.033 10 2 tom_low
47.817 0.017 7 7 snare_deep
47.833 0.017 8 5 tom_high
47.850 0.017 9 3 tom
47.867 0.033 10 2 tom_low
47.917 0.017 7 7 snare_deep
47.933 0.017 8 5 tom_high
47.950 0.017 9 3 tom
47.967 0.033 10 2 tom_low
48.317 0.017 7 7 snare_deep
48.333 0.017 8 5 tom_high
48.350 0.017 9 3 tom
48.367 0.033 10 2 tom_low
48.917 0.017 7 7 snare_deep
48.933 0.017 8 5 tom_high
48.950 0.017 9 3 tom
48.967 0.033 10 2 tom_low
49.017 0.017 7 7 snare_deep
49.033 0.017 8 5 tom_high
49.050 0.017 9 3 tom
49.067 0.033 10 2 tom_low
49.117 0.017 7 7 snare_deep
49.133 0.017 8 5 tom_high
49.150 0.017 9 3 tom
49.167 0.033 10 2 tom_low
49.517 0.017 7 7 snare_deep
49.533 0.017 8 5 tom_high
49.550 0.017 9 3 tom
49.567 0.033 10 2 tom_low
50.117 0.017 7 7 snare_deep
50.133 0.017 8 5 tom_high
50.150 0.017 9 3 tom
50.167 0.033 10 2 tom_low
50.717 0.017 7 7 snare_deep
50.733 0.017 8 5 tom_high
50.750 0.017 9 3 tom
50.767 0.033 10 2 tom_low
51.317 0.017 7 7 snare_deep
51.333 0.017 8 5 tom_high
51.350 0.017 9 3 tom
51.367 0.033 10 2 tom_low
51.417 0.017 7 7 snare_deep
51.433 0.017 8 5 tom_high
51.450 0.017 9 3 tom
51.467 0.033 10 2 tom_low
51.517 0.017 7 7 snare_deep
51.533 0.017 8 5 tom_high
51.550 0.017 9 3 tom
51.567 0.033 10 2 tom_low
51.917 0.017 7 7 snare_deep
51.933 0.017 8 5 tom_high
51.950 0.017 9 3 tom
51.967 0.033 10 2 tom_low
52.517 0.017 7 7 snare_deep
52.533 0.017 8 5 tom_high
52.550 0.017 9 3 tom
52.567 0.033 10 2 tom_low
53.117 0.017 7 7 snare_deep
53.133 0.017 8 5 tom_high
53.150 0.017 9 3 tom
53.167 0.033 10 2 tom_low
53.717 0.017 7 7 snare_deep
53.733 0.017 8 5 tom_high
53.750 0.017 9 3 tom
53.767 0.033 10 2 tom_low
53.817 0.017 7 7 snare_deep
53.833 0.017 8 5 tom_high
53.850 0.017 9 3 tom
53.867 0.033 10 2 tom_low
53.917 0.017 7 7 snare_deep
53.933 0.017 8 5 tom_high
53.950 0.017 9 3 tom
53.967 0.033 10 2 tom_low
54.317 0.017 7 7 snare_deep
54.333 0.017 8 5 tom_high
54.350 0.017 9 3 tom
54.367 0.033 10 2 tom_low
54.917 0.017 7 7 snare_deep
54.933 0.017 8 5 tom_high
54.950 0.017 9 3 tom
54.967 0.033 10 2 tom_low
55.517 0.017 7 7 snare_deep
55.533 0.017 8 5 tom_high
55.550 0.017 9 3 tom
55.567 0.033 10 2 tom_low
56.117 0.017 7 7 snare_deep
56.133 0.017 8 5 tom_high
56.150 0.017 9 3 tom
56.167 0.033 10 2 tom_low
56.217 0.017 7 7 snare_deep
56.233 0.017 8 5 tom_high
56.250 0.017 9 3 tom
56.267 0.033 10 2 tom_low
56.317 0.017 7 7 snare_deep
56.333 0.017 8 5 tom_high
56.350 0.017 9 3 tom
56.367 0.033 10 2 tom_low
56.717 0.017 7 7 snare_deep
56.733 0.017 8 5 tom_high
56.750 0.017 9 3 tom
56.767 0.033 10 2 tom_low
57.017 0.017 7 7 snare_deep
57.033 0.017 8 5 tom_high
57.050 0.017 9 3 tom
57.067 0.033 10 2 tom_low
57.117 0.017 7 7 snare_deep
57.133 0.017 8 5 tom_high
57.150 0.017 9 3 tom
57.167 0.033 10 2 tom_low
57.217 0.017 7 7 snare_deep
57.233 0.017 8 5 tom_high
57.250 0.017 9 3 tom
57.267 0.033 10 2 tom_low
57.317 0.017 7 7 snare_deep
57.333 0.017 8 5 tom_high
57.350 0.017 9 3 tom
57.367 0.033 10 2 tom_low
57.417 0.017 7 7 snare_deep
57.433 0.017 8 5 tom_high
57.450 0.017 9 3 tom
57.467 0.033 10 2 tom_low
57.517 0.017 7 7 snare_deep
57.533 0.017 8 5 tom_high
57.550 0.017 9 3 tom
57.567 0.033 10 2 tom_low
57.917 0.017 7 7 snare_deep
57.933 0.017 8 5 tom_high
57.950 0.017 9 3 tom
57.967 0.033 10 2 tom_low
58.517 0.017 7 7 snare_deep
58.533 0.017 8 5 tom_high
58.550 0.017 9 3 tom
58.567 0.033 10 2 tom_low
59.117 0.017 7 7 snare_deep
59.133 0.017 8 5 tom_high
59.150 0.017 9 3 tom
59.167 0.033 10 2 tom_low
59.717 0.017 7 7 snare_deep
59.733 0.017 8 5 tom_high
59.750 0.017 9 3 tom
59.767 0.033 10 2 tom_low
60.317 0.017 7 7 snare_deep
60.333 0.017 8 5 tom_high
60.350 0.017 9 3 tom
60.367 0.033 10 2 tom_low
60.917 0.017 7 7 snare_deep
60.933 0.017 8 5 tom_high
60.950 0.017 9 3 tom
60.967 0.033 10 2 tom_low
61.517 0.017 7 7 snare_deep
61.533 0.017 8 5 tom_high
61.550 0.017 9 3 tom
61.567 0.033 10 2 tom_low
62.117 0.017 7 7 snare_deep
62.133 0.017 8 5 tom_high
62.150 0.017 9 3 tom
62.167 0.033 10 2 tom_low
62.217 0.017 7 7 snare_deep
62.233 0.017 8 5 tom_high
62.250 0.017 9 3 tom
62.267 0.033 10 2 tom_low
62.317 0.017 7 7 snare_deep
62.333 0.017 8 5 tom_high
62.350 0.017 9 3 tom
62.367 0.033 10 2 tom_low
62.717 0.017 7 7 snare_deep
62.733 0.017 8 5 tom_high
62.750 0.017 9 3 tom
62.767 0.033 10 2 tom_low
63.317 0.017 7 7 snare_deep
63.333 0.017 8 5 tom_high
63.350 0.017 9 3 tom
63.367 0.033 10 2 tom_low
63.917 0.017 7 7 snare_deep
63.933 0.017 8 5 tom_high
63.950 0.017 9 3 tom
63.967 0.033 10 2 tom_low
64.517 0.017 7 7 snare_deep
64.533 0.017 8 5 tom_high
64.550 0.017 9 3 tom
64.567 0.033 10 2 tom_low
64.617 0.017 7 7 snare_deep
64.633 0.017 8 5 tom_high
64.650 0.017 9 3 tom
64.667 0.033 10 2 tom_low
64.717 0.017 7 7 snare_deep
64.733 0.017 8 5 tom_high
64.750 0.017 9 3 tom
64.767 0.033 10 2 tom_low
64.817 0.017 7 7 snare_deep
64.833 0.017 8 5 tom_high
64.850 0.017 9 3 tom
64.867 0.033 10 2 tom_low
65.117 0.017 7 7 snare_deep
65.133 0.017 8 5 tom_high
65.150 0.017 9 3 tom
65.167 0.033 10 2 tom_low
65.417 0.017 7 7 snare_deep
65.433 0.017 8 5 tom_high
65.450 0.017 9 3 tom
65.467 0.033 10 2 tom_low
65.717 0.017 7 7 snare_deep
65.733 0.017 8 5 tom_high
65.750 0.017 9 3 tom
65.767 0.033 10 2 tom_low
66.017 0.017 7 7 snare_deep
66.033 0.017 8 5 tom_high
66.050 0.017 9 3 tom
66.067 0.033 10 2 tom_low
66.317 0.017 7 7 snare_deep
66.333 0.017 8 5 tom_high
66.350 0.017 9 3 tom
66.367 0.033 10 2 tom_low
66.417 0.017 7 7 snare_deep
66.433 0.017 8 5 tom_high
66.450 0.017 9 3 tom
66.467 0.033 10 2 tom_low
66.517 0.017 7 7 snare_deep
66.533 0.017 8 5 tom_high
66.550 0.017 9 3 tom
66.567 0.033 10 2 tom_low
66.617 0.017 7 7 snare_deep
66.633 0.017 8 5 tom_high
66.650 0.017 9 3 tom
66.667 0.033 10 2 tom_low
66.717 0.017 7 7 snare_deep
66.733 0.017 8 5 tom_high
66.750 0.017 9 3 tom
66.767 0.033 10 2 tom_low
66.817 0.017 7 7 snare_deep
66.833 0.017 8 5 tom_high
66.850 0.017 9 3 tom
66.867 0.033 10 2 tom_low
66.917 0.017 7 7 snare_deep
66.933 0.017 8 5 tom_high
66.950 0.017 9 3 tom
66.967 0.033 10 2 tom_low
67.017 0.017 7 7 snare_deep
67.033 0.017 8 5 tom_high
67.050 0.017 9 3 tom
67.067 0.033 10 2 tom_low
67.117 0.017 7 7 snare_deep
67.133 0.017 8 5 tom_high
67.150 0.017 9 3 tom
67.167 0.033 10 2 tom_low
67.517 0.017 7 7 snare_deep
67.533 0.017 8 5 tom_high
67.550 0.017 9 3 tom
67.567 0.033 10 2 tom_low
68.117 0.017 7 7 snare_deep
68.133 0.017 8 5 tom_high
68.150 0.017 9 3 tom
68.167 0.033 10 2 tom_low
68.717 0.017 7 7 snare_deep
68.733 0.017 8 5 tom_high
68.750 0.017 9 3 tom
68.767 0.033 10 2 tom_low
69.317 0.017 7 7 snare_deep
69.333 0.017 8 5 tom_high
69.350 0.017 9 3 tom
69.367 0.033 10 2 tom_low
69.917 0.017 7 7 snare_deep
69.933 0.017 8 5 tom_high
69.950 0.017 9 3 tom
69.967 0.033 10 2 tom_low
70.517 0.017 7 7 snare_deep
70.533 0.017 8 5 tom_high
70.550 0.017 9 3 tom
70.567 0.033 10 2 tom_low
71.117 0.017 7 7 snare_deep
71.133 0.017 8 5 tom_high
71.150 0.017 9 3 tom
71.167 0.033 10 2 tom_low
71.417 0.017 7 7 snare_deep
71.433 0.017 8 5 tom_high
71.450 0.017 9 3 tom
71.467 0.033 10 2 tom_low
71.517 0.017 7 7 snare_deep
71.533 0.017 8 5 tom_high
71.550 0.017 9 3 tom
71.567 0.033 10 2 tom_low
71.617 0.017 7 7 snare_deep
71.633 0.017 8 5 tom_high
71.650 0.017 9 3 tom
71.667 0.033 10 2 tom_low
71.717 0.017 7 7 snare_deep
71.733 0.017 8 5 tom_high
71.750 0.017 9 3 tom
71.767 0.033 10 2 tom_low
71.817 0.017 7 7 snare_deep
71.833 0.017 8 5 tom_high
71.850 0.017 9 3 tom
71.867 0.033 10 2 tom_low
71.917 0.017 7 7 snare_deep
71.933 0.017 8 5 tom_high
71.950 0.017 9 3 tom
71.967 0.033 10 2 tom_low
72.317 0.017 7 7 snare_deep
72.333 0.017 8 5 tom_high
72.350 0.017 9 3 tom
72.367 0.033 10 2 tom_low
72.917 0.017 7 7 snare_deep
72.933 0.017 8 5 tom_high
72.950 0.017 9 3 tom
72.967 0.033 10 2 tom_low
73.517 0.017 7 7 snare_deep
73.533 0.017 8 5 tom_high
73.550 0.017 9 3 tom
73.567 0.033 10 2 tom_low
74.117 0.017 7 7 snare_deep
74.133 0.017 8 5 tom_high
74.150 0.017 9 3 tom
74.167 0.033 10 2 tom_low
74.717 0.017 7 7 snare_deep
74.733 0.017 8 5 tom_high
74.750 0.017 9 3 tom
74.767 0.033 10 2 tom_low
75.317 0.017 7 7 snare_deep
75.333 0.017 8 5 tom_high
75.350 0.017 9 3 tom
75.367 0.033 10 2 tom_low
75.917 0.017 7 7 snare_deep
75.933 0.017 8 5 tom_high
75.950 0.017 9 3 tom
75.967 0.033 10 2 tom_low
76.517 0.017 7 7 snare_deep
76.533 0.017 8 5 tom_high
76.550 0.017 9 3 tom
76.567 0.033 10 2 tom_low
77.117 0.017 7 7 snare_deep
77.133 0.017 8 5 tom_high
77.150 0.017 9 3 tom
77.167 0.033 10 2 tom_low
77.717 0.017 7 7 snare_deep
77.733 0.017 8 5 tom_high
77.750 0.017 9 3 tom
77.767 0.033 10 2 tom_low
78.317 0.017 7 7 snare_deep
78.333 0.017 8 5 tom_high
78.350 0.017 9 3 tom
78.367 0.033 10 2 tom_low
78.917 0.017 7 7 snare_deep
78.933 0.017 8 5 tom_high
78.950 0.017 9 3 tom
78.967 0.033 10 2 tom_low
79.517 0.017 7 7 snare_deep
79.533 0.017 8 5 tom_high
79.550 0.017 9 3 tom
79.567 0.033 10 2 tom_low
80.117 0.017 7 7 snare_deep
80.133 0.017 8 5 tom_high
80.150 0.017 9 3 tom
80.167 0.033 10 2 tom_low
80.717 0.017 7 7 snare_deep
80.733 0.017 8 5 tom_high
80.750 0.017 9 3 tom
80.767 0.033 10 2 tom_low
81.317 0.017 7 7 snare_deep
81.333 0.017 8 5 tom_high
81.350 0.017 9 3 tom
81.367 0.033 10 2 tom_low
81.417 0.017 7 7 snare_deep
81.433 0.017 8 5 tom_high
81.450 0.017 9 3 tom
81.467 0.033 10 2 tom_low
81.517 0.017 7 7 snare_deep
81.533 0.017 8 5 tom_high
81.550 0.017 9 3 tom
81.567 0.033 10 2 tom_low
81.917 0.017 7 7 snare_deep
81.933 0.017 8 5 tom_high
81.950 0.017 9 3 tom
81.967 0.033 10 2 tom_low
82.517 0.017 7 7 snare_deep
82.533 0.017 8 5 tom_high
82.550 0.017 9 3 tom
82.567 0.033 10 2 tom_low
82.617 0.017 7 7 snare_deep
82.633 0.017 8 5 tom_high
82.650 0.017 9 3 tom
82.667 0.033 10 2 tom_low
82.717 0.017 7 7 snare_deep
82.733 0.017 8 5 tom_high
82.750 0.017 9 3 tom
82.767 0.033 10 2 tom_low
83.117 0.017 7 7 snare_deep
83.133 0.017 8 5 tom_high
83.150 0.017 9 3 tom
83.167 0.033 10 2 tom_low
83.717 0.017 7 7 snare_deep
83.733 0.017 8 5 tom_high
83.750 0.017 9 3 tom
83.767 0.033 10 2 tom_low
84.317 0.017 7 7 snare_deep
84.333 0.017 8 5 tom_high
84.350 0.017 9 3 tom
84.367 0.033 10 2 tom_low
84.917 0.017 7 7 snare_deep
84.933 0.017 8 5 tom_high
84.950 0.017 9 3 tom
84.967 0.033 10 2 tom_low
85.017 0.017 7 7 snare_deep
85.033 0.017 8 5 tom_high
85.050 0.017 9 3 tom
85.067 0.033 10 2 tom_low
85.117 0.017 7 7 snare_deep
85.133 0.017 8 5 tom_high
85.150 0.017 9 3 tom
85.167 0.033 10 2 tom_low
85.517 0.017 7 7 snare_deep
85.533 0.017 8 5 tom_high
85.550 0.017 9 3 tom
85.567 0.033 10 2 tom_low
86.117 0.017 7 7 snare_deep
86.133 0.017 8 5 tom_high
86.150 0.017 9 3 tom
86.167 0.033 10 2 tom_low
86.717 0.017 7 7 snare_deep
86.733 0.017 8 5 tom_high
86.750 0.017 9 3 tom
86.767 0.033 10 2 tom_low
87.317 0.017 7 7 snare_deep
87.333 0.017 8 5 tom_high
87.350 0.017 9 3 tom
87.367 0.033 10 2 tom_low
87.417 0.017 7 7 snare_deep
87.433 0.017 8 5 tom_high
87.450 0.017 9 3 tom
87.467 0.033 10 2 tom_low
87.517 0.017 7 7 snare_deep
87.533 0.017 8 5 tom_high
87.550 0.017 9 3 tom
87.567 0.033 10 2 tom_low
87.917 0.017 7 7 snare_deep
87.933 0.017 8 5 tom_high
87.950 0.017 9 3 tom
87.967 0.033 10 2 tom_low
88.517 0.017 7 7 snare_deep
88.533 0.017 8 5 tom_high
88.550 0.017 9 3 tom
88.567 0.033 10 2 tom_low
89.117 0.017 7 7 snare_deep
89.133 0.017 8 5 tom_high
89.150 0.017 9 3 tom
89.167 0.033 10 2 tom_low
89.717 0.017 7 7 snare_deep
89.733 0.017 8 5 tom_high
89.750 0.017 9 3 tom
89.767 0.033 10 2 tom_low
89.817 0.017 7 7 snare_deep
89.833 0.017 8 5 tom_high
89.850 0.017 9 3 tom
89.867 0.033 10 2 tom_low
89.917 0.017 7 7 snare_deep
89.933 0.017 8 5 tom_high
89.950 0.017 9 3 tom
89.967 0.033 10 2 tom_low
90.317 0.017 7 7 snare_deep
90.333 0.017 8 5 tom_high
90.350 0.017 9 3 tom
90.367 0.033 10 2 tom_low
90.617 0.017 7 7 snare_deep
90.633 0.017 8 5 tom_high
90.650 0.017 9 3 tom
90.667 0.033 10 2 tom_low
90.717 0.017 7 7 snare_deep
90.733 0.017 8 5 tom_high
90.750 0.017 9 3 tom
90.767 0.033 10 2 tom_low
90.817 0.017 7 7 snare_deep
90.833 0.017 8 5 tom_high
90.850 0.017 9 3 tom
90.867 0.033 10 2 tom_low
90.917 0.017 7 7 snare_deep
90.933 0.017 8 5 tom_high
90.950 0.017 9 3 tom
90.967 0.033 10 2 tom_low
91.017 0.017 7 7 snare_deep
91.033 0.017 8 5 tom_high
91.050 0.017 9 3 tom
91.067 0.033 10 2 tom_low
91.117 0.017 7 7 snare_deep
91.133 0.017 8 5 tom_high
91.150 0.017 9 3 tom
91.167 0.033 10 2 tom_low
91.517 0.017 7 7 snare_deep
91.533 0.017 8 5 tom_high
91.550 0.017 9 3 tom
91.567 0.033 10 2 tom_low
92.117 0.017 7 7 snare_deep
92.133 0.017 8 5 tom_high
92.150 0.017 9 3 tom
92.167 0.033 10 2 tom_low
92.717 0.017 7 7 snare_deep
92.733 0.017 8 5 tom_high
92.750 0.017 9 3 tom
92.767 0.033 10 2 tom_low
93.317 0.017 7 7 snare_deep
93.333 0.017 8 5 tom_high
93.350 0.017 9 3 tom
93.367 0.033 10 2 tom_low
93.917 0.017 7 7 snare_deep
93.933 0.017 8 5 tom_high
93.950 0.017 9 3 tom
93.967 0.033 10 2 tom_low
94.517 0.017 7 7 snare_deep
94.533 0.017 8 5 tom_high
94.550 0.017 9 3 tom
94.567 0.033 10 2 tom_low
95.117 0.017 7 7 snare_deep
95.133 0.017 8 5 tom_high
95.150 0.017 9 3 tom
95.167 0.033 10 2 tom_low
95.717 0.017 7 7 snare_deep
95.733 0.017 8 5 tom_high
95.750 0.017 9 3 tom
95.767 0.033 10 2 tom_low
95.817 0.017 7 7 snare_deep
95.833 0.017 8 5 tom_high
95.850 0.017 9 3 tom
95.867 0.033 10 2 tom_low
95.917 0.017 7 7 snare_deep
95.933 0.017 8 5 tom_high
95.950 0.017 9 3 tom
95.967 0.033 10 2 tom_low
96.317 0.017 7 7 snare_deep
96.333 0.017 8 5 tom_high
96.350 0.017 9 3 tom
96.367 0.033 10 2 tom_low
96.917 0.017 7 7 snare_deep
96.933 0.017 8 5 tom_high
96.950 0.017 9 3 tom
96.967 0.033 10 2 tom_low
97.517 0.017 7 7 snare_deep
97.533 0.017 8 5 tom_high
97.550 0.017 9 3 tom
97.567 0.033 10 2 tom_low
98.117 0.017 7 7 snare_deep
98.133 0.017 8 5 tom_high
98.150 0.017 9 3 tom
98.167 0.033 10 2 tom_low
98.217 0.017 7 7 snare_deep
98.233 0.017 8 5 tom_high
98.250 0.017 9 3 tom
98.267 0.033 10 2 tom_low
98.317 0.017 7 7 snare_deep
98.333 0.017 8 5 tom_high
98.350 0.017 9 3 tom
98.367 0.033 10 2 tom_low
98.417 0.017 7 7 snare_deep
98.433 0.017 8 5 tom_high
98.450 0.017 9 3 tom
98.467 0.033 10 2 tom_low
98.717 0.017 7 7 snare_deep
98.733 0.017 8 5 tom_high
98.750 0.017 9 3 tom
98.767 0.033 10 2 tom_low
99.017 0.017 7 7 snare_deep
99.033 0.017 8 5 tom_high
99.050 0.017 9 3 tom
99.067 0.033 10 2 tom_low
99.317 0.017 7 7 snare_deep
99.333 0.017 8 5 tom_high
99.350 0.017 9 3 tom
99.367 0.033 10 2 tom_low
99.617 0.017 7 7 snare_deep
99.633 0.017 8 5 tom_high
99.650 0.017 9 3 tom
99.667 0.033 10 2 tom_low
99.917 0.017 7 7 snare_deep
99.933 0.017 8 5 tom_high
99.950 0.017 9 3 tom
99.967 0.033 10 2 tom_low
100.017 0.017 7 7 snare_deep
100.033 0.017 8 5 tom_high
100.050 0.017 9 3 tom
100.067 0.033 10 2 tom_low
100.117 0.017 7 7 snare_deep
100.133 0.017 8 5 tom_high
100.150 0.017 9 3 tom
100.167 0.033 10 2 tom_low
100.217 0.017 7 7 snare_deep
100.233 0.017 8 5 tom_high
100.250 0.017 9 3 tom
100.267 0.033 10 2 tom_low
100.317 0.017 7 7 snare_deep
100.333 0.017 8 5 tom_high
100.350 0.017 9 3 tom
100.367 0.033 10 2 tom_low
100.417 0.017 7 7 snare_deep
100.433 0.017 8 5 tom_high
100.450 0.017 9 3 tom
100.467 0.033 10 2 tom_low
100.517 0.017 7 7 snare_deep
100.533 0.017 8 5 tom_high
100.550 0.017 9 3 tom
100.567 0.033 10 2 tom_low
100.617 0.017 7 7 snare_deep
100.633 0.017 8 5 tom_high
100.650 0.017 9 3 tom
100.667 0.033 10 2 tom_low
100.717 0.017 7 7 snare_deep
100.733 0.017 8 5 tom_high
100.750 0.017 9 3 tom
100.767 0.033 10 2 tom_low
101.117 0.017 7 7 snare_deep
101.133 0.017 8 5 tom_high
101.150 0.017 9 3 tom
101.167 0.033 10 2 tom_low
101.717 0.017 7 7 snare_deep
101.733 0.017 8 5 tom_high
101.750 0.017 9 3 tom
101.767 0.033 10 2 tom_low
102.317 0.017 7 7 snare_deep
102.333 0.017 8 5 tom_high
102.350 0.017 9 3 tom
102.367 0.033 10 2 tom_low
102.917 0.017 7 7 snare_deep
102.933 0.017 8 5 tom_high
102.950 0.017 9 3 tom
102.967 0.033 10 2 tom_low
103.517 0.017 7 7 snare_deep
103.533 0.017 8 5 tom_high
103.550 0.017 9 3 tom
103.567 0.033 10 2 tom_low
104.117 0.017 7 7 snare_deep
104.133 0.017 8 5 tom_high
104.150 0.017 9 3 tom
104.167 0.033 10 2 tom_low
104.717 0.017 7 7 snare_deep
104.733 0.017 8 5 tom_high
104.750 0.017 9 3 tom
104.767 0.033 10 2 tom_low
105.017 0.017 7 7 snare_deep
105.033 0.017 8 5 tom_high
105.050 0.017 9 3 tom
105.067 0.033 10 2 tom_low
105.117 0.017 7 7 snare_deep
105.133 0.017 8 5 tom_high
105.150 0.017 9 3 tom
105.167 0.033 10 2 tom_low
105.217 0.017 7 7 snare_deep
105.233 0.017 8 5 tom_high
105.250 0.017 9 3 tom
105.267 0.033 10 2 tom_low
105.317 0.017 7 7 snare_deep
105.333 0.017 8 5 tom_high
105.350 0.017 9 3 tom
105.367 0.033 10 2 tom_low
105.417 0.017 7 7 snare_deep
105.433 0.017 8 5 tom_high
105.450 0.017 9 3 tom
105.467 0.033 10 2 tom_low
105.517 0.017 7 7 snare_deep
105.533 0.017 8 5 tom_high
105.550 0.017 9 3 tom
105.567 0.033 10 2 tom_low
105.917 0.017 7 7 snare_deep
105.933 0.017 8 5 tom_high
105.950 0.017 9 3 tom
105.967 0.033 10 2 tom_low
106.517 0.017 7 7 snare_deep
106.533 0.017 8 5 tom_high
106.550 0.017 9 3 tom
106.567 0.033 10 2 tom_low
107.117 0.017 7 7 snare_deep
107.133 0.017 8 5 tom_high
107.150 0.017 9 3 tom
107.167 0.033 10 2 tom_low
107.717 0.017 7 7 snare_deep
107.733 0.017 8 5 tom_high
107.750 0.017 9 3 tom
107.767 0.033 10 2 tom_low
108.317 0.017 7 7 snare_deep
108.333 0.017 8 5 tom_high
108.350 0.017 9 3 tom
108.367 0.033 10 2 tom_low
108.917 0.017 7 7 snare_deep
108.933 0.017 8 5 tom_high
108.950 0.017 9 3 tom
108.967 0.033 10 2 tom_low
109.517 0.017 7 7 snare_deep
109.533 0.017 8 5 tom_high
109.550 0.017 9 3 tom
109.567 0.033 10 2 tom_low
110.117 0.017 7 7 snare_deep
110.133 0.017 8 5 tom_high
110.150 0.017 9 3 tom
110.167 0.033 10 2 tom_low
110.717 0.017 7 7 snare_deep
110.733 0.017 8 5 tom_high
110.750 0.017 9 3 tom
110.767 0.033 10 2 tom_low
111.317 0.017 7 7 snare_deep
111.333 0.017 8 5 tom_high
111.350 0.017 9 3 tom
111.367 0.033 10 2 tom_low
111.917 0.017 7 7 snare_deep
111.933 0.017 8 5 tom_high
111.950 0.017 9 3 tom
111.967 0.033 10 2 tom_low
112.517 0.017 7 7 snare_deep
112.533 0.017 8 5 tom_high
112.550 0.017 9 3 tom
112.567 0.033 10 2 tom_low
113.117 0.017 7 7 snare_deep
113.133 0.017 8 5 tom_high
113.150 0.017 9 3 tom
113.167 0.033 10 2 tom_low
113.717 0.017 7 7 snare_deep
113.733 0.017 8 5 tom_high
113.750 0.017 9 3 tom
113.767 0.033 10 2 tom_low
114.317 0.017 7 7 snare_deep
114.333 0.017 8 5 tom_high
114.350 0.017 9 3 tom
114.367 0.033 10 2 tom_low
114.917 0.017 7 7 snare_deep
114.933 0.017 8 5 tom_high
114.950 0.017 9 3 tom
114.967 0.033 10 2 tom_low
115.017 0.017 7 7 snare_deep
115.033 0.017 8 5 tom_high
115.050 0.017 9 3 tom
115.067 0.033 10 2 tom_low
115.117 0.017 7 7 snare_deep
115.133 0.017 8 5 tom_high
115.150 0.017 9 3 tom
115.167 0.033 10 2 tom_low
115.517 0.017 7 7 snare_deep
115.533 0.017 8 5 tom_high
115.550 0.017 9 3 tom
115.567 0.033 10 2 tom_low
116.117 0.017 7 7 snare_deep
116.133 0.017 8 5 tom_high
116.150 0.017 9 3 tom
116.167 0.033 10 2 tom_low
116.217 0.017 7 7 snare_deep
116.233 0.017 8 5 tom_high
116.250 0.017 9 3 tom
116.267 0.033 10 2 tom_low
116.317 0.017 7 7 snare_deep
116.333 0.017 8 5 tom_high
116.350 0.017 9 3 tom
116.367 0.033 10 2 tom_low
116.717 0.017 7 7 snare_deep
116.733 0.017 8 5 tom_high
116.750 0.017 9 3 tom
116.767 0.033 10 2 tom_low
117.317 0.017 7 7 snare_deep
117.333 0.017 8 5 tom_high
117.350 0.017 9 3 tom
117.367 0.033 10 2 tom_low
117.917 0.017 7 7 snare_deep
117.933 0.017 8 5 tom_high
117.950 0.017 9 3 tom
117.967 0.033 10 2 tom_low
118.517 0.017 7 7 snare_deep
118.533 0.017 8 5 tom_high
118.550 0.017 9 3 tom
118.567 0.033 10 2 tom_low
118.617 0.017 7 7 snare_deep
118.633 0.017 8 5 tom_high
118.650 0.017 9 3 tom
118.667 0.033 10 2 tom_low
118.717 0.017 7 7 snare_deep
118.733 0.017 8 5 tom_high
118.750 0.017 9 3 tom
118.767 0.033 10 2 tom_low
119.117 0.017 7 7 snare_deep
119.133 0.017 8 5 tom_high
119.150 0.017 9 3 tom
119.167 0.033 10 2 tom_low
119.717 0.017 7 7 snare_deep
119.733 0.017 8 5 tom_high
119.750 0.017 9 3 tom
119.767 0.033 10 2 tom_low
DPCM(920)
time dur note vol
0.000 0.033 C5 15
0.200 0.033 C5 15
0.300 0.100 C#5 15
0.400 0.033 C5 15
0.500 0.033 C5 15
0.600 0.033 C5 15
0.800 0.033 C5 15
0.900 0.100 C#5 15
1.000 0.033 C5 15
1.100 0.033 C5 15
1.200 0.033 C5 15
1.400 0.033 C5 15
1.500 0.100 C#5 15
1.600 0.033 C5 15
1.700 0.033 C5 15
1.800 0.033 C5 15
2.000 0.033 C5 15
2.100 0.100 C#5 15
2.200 0.033 C5 15
2.300 0.033 C5 15
2.400 0.033 C5 15
2.600 0.033 C5 15
2.700 0.100 C#5 15
2.800 0.033 C5 15
2.900 0.033 C5 15
3.000 0.033 C5 15
3.200 0.033 C5 15
3.300 0.100 C#5 15
3.400 0.033 C5 15
3.500 0.033 C5 15
3.600 0.033 C5 15
3.800 0.033 C5 15
3.900 0.100 C#5 15
4.000 0.033 C5 15
4.100 0.033 C5 15
4.200 0.100 C#5 15
4.300 0.100 C#5 15
4.400 0.100 C#5 15
4.500 0.100 C#5 15
4.600 0.100 C#5 15
4.700 0.100 C#5 15
4.800 0.033 C5 15
5.000 0.033 C5 15
5.100 0.117 C#5 15
5.300 0.033 C5 15
5.400 0.033 C5 15
5.600 0.033 C5 15
5.700 0.117 C#5 15
5.900 0.033 C5 15
6.000 0.033 C5 15
6.200 0.033 C5 15
6.300 0.117 C#5 15
6.500 0.033 C5 15
6.600 0.033 C5 15
6.800 0.033 C5 15
6.900 0.117 C#5 15
7.100 0.033 C5 15
7.200 0.033 C5 15
7.400 0.033 C5 15
7.500 0.117 C#5 15
7.700 0.033 C5 15
7.800 0.033 C5 15
8.000 0.033 C5 15
8.100 0.117 C#5 15
8.300 0.033 C5 15
8.400 0.033 C5 15
8.600 0.033 C5 15
8.700 0.117 C#5 15
8.900 0.033 C5 15
9.000 0.033 C5 15
9.200 0.033 C5 15
9.300 0.117 C#5 15
9.500 0.033 C5 15
9.600 0.033 C5 15
9.800 0.033 C5 15
9.900 0.117 C#5 15
10.100 0.033 C5 15
10.200 0.033 C5 15
10.400 0.033 C5 15
10.500 0.117 C#5 15
10.700 0.033 C5 15
10.800 0.033 C5 15
11.000 0.033 C5 15
11.100 0.117 C#5 15
11.300 0.033 C5 15
11.400 0.033 C5 15
11.600 0.033 C5 15
11.700 0.117 C#5 15
11.900 0.033 C5 15
12.000 0.033 C5 15
12.200 0.033 C5 15
12.300 0.117 C#5 15
12.500 0.033 C5 15
12.600 0.033 C5 15
12.800 0.033 C5 15
12.900 0.117 C#5 15
13.100 0.033 C5 15
13.200 0.033 C5 15
13.400 0.033 C5 15
13.500 0.117 C#5 15
13.700 0.033 C5 15
13.800 0.033 C5 15
14.000 0.033 C5 15
14.100 0.100 C#5 15
14.200 0.033 C5 15
14.300 0.033 C5 15
14.400 0.033 C5 15
14.600 0.033 C5 15
14.700 0.117 C#5 15
14.900 0.033 C5 15
15.000 0.033 C5 15
15.200 0.033 C5 15
15.300 0.100 C#5 15
15.400 0.033 C5 15
15.500 0.033 C5 15
15.600 0.033 C5 15
15.800 0.033 C5 15
15.900 0.117 C#5 15
16.100 0.033 C5 15
16.200 0.033 C5 15
16.400 0.033 C5 15
16.500 0.100 C#5 15
16.600 0.033 C5 15
16.700 0.033 C5 15
16.800 0.033 C5 15
17.000 0.033 C5 15
17.100 0.117 C#5 15
17.300 0.033 C5 15
17.400 0.033 C5 15
17.600 0.033 C5 15
17.700 0.100 C#5 15
17.800 0.033 C5 15
17.900 0.033 C5 15
18.000 0.033 C5 15
18.200 0.033 C5 15
18.300 0.117 C#5 15
18.500 0.033 C5 15
18.600 0.033 C5 15
18.800 0.033 C5 15
18.900 0.100 C#5 15
19.000 0.033 C5 15
19.100 0.033 C5 15
19.200 0.033 C5 15
19.400 0.033 C5 15
19.500 0.117 C#5 15
19.700 0.033 C5 15
19.800 0.033 C5 15
20.000 0.033 C5 15
20.100 0.100 C#5 15
20.200 0.033 C5 15
20.300 0.033 C5 15
20.400 0.033 C5 15
20.600 0.033 C5 15
20.700 0.117 C#5 15
20.900 0.033 C5 15
21.000 0.033 C5 15
21.200 0.033 C5 15
21.300 0.100 C#5 15
21.400 0.033 C5 15
21.500 0.033 C5 15
21.600 0.033 C5 15
21.800 0.033 C5 15
21.900 0.117 C#5 15
22.100 0.033 C5 15
22.200 0.033 C5 15
22.400 0.033 C5 15
22.500 0.100 C#5 15
22.600 0.033 C5 15
22.700 0.033 C5 15
22.800 0.033 C5 15
23.000 0.033 C5 15
23.100 0.117 C#5 15
23.300 0.033 C5 15
23.400 0.100 C#5 15
23.500 0.033 C5 15
23.600 0.033 C5 15
23.700 0.100 C#5 15
23.800 0.033 C5 15
23.900 0.033 C5 15
24.000 0.033 C5 15
24.200 0.033 C5 15
24.300 0.100 C#5 15
24.400 0.033 C5 15
24.500 0.033 C5 15
24.600 0.033 C5 15
24.800 0.033 C5 15
24.900 0.117 C#5 15
25.100 0.033 C5 15
25.200 0.033 C5 15
25.400 0.033 C5 15
25.500 0.100 C#5 15
25.600 0.033 C5 15
25.700 0.033 C5 15
25.800 0.033 C5 15
26.000 0.033 C5 15
26.100 0.117 C#5 15
26.300 0.033 C5 15
26.400 0.033 C5 15
26.600 0.033 C5 15
26.700 0.100 C#5 15
26.800 0.033 C5 15
26.900 0.033 C5 15
27.000 0.033 C5 15
27.200 0.033 C5 15
27.300 0.117 C#5 15
27.500 0.033 C5 15
27.600 0.033 C5 15
27.800 0.033 C5 15
27.900 0.100 C#5 15
28.000 0.033 C5 15
28.100 0.033 C5 15
28.200 0.033 C5 15
28.400 0.033 C5 15
28.500 0.100 C#5 15
28.600 0.033 C5 15
28.700 0.033 C5 15
28.800 0.033 C5 15
29.000 0.033 C5 15
29.100 0.100 C#5 15
29.200 0.033 C5 15
29.300 0.033 C5 15
29.400 0.033 C5 15
29.600 0.033 C5 15
29.700 0.117 C#5 15
29.900 0.033 C5 15
30.000 0.033 C5 15
30.200 0.033 C5 15
30.300 0.100 C#5 15
30.400 0.033 C5 15
30.500 0.033 C5 15
30.600 0.033 C5 15
30.800 0.033 C5 15
30.900 0.100 C#5 15
31.000 0.033 C5 15
31.100 0.033 C5 15
31.200 0.100 C#5 15
31.300 0.033 C5 15
31.400 0.033 C5 15
31.500 0.100 C#5 15
31.600 0.033 C5 15
31.700 0.033 C5 15
31.800 0.100 C#5 15
31.900 0.033 C5 15
32.000 0.033 C5 15
32.100 0.100 C#5 15
32.200 0.033 C5 15
32.300 0.033 C5 15
32.400 0.100 C#5 15
32.500 0.033 C5 15
32.600 0.033 C5 15
32.700 0.100 C#5 15
32.800 0.033 C5 15
32.900 0.033 C5 15
33.000 0.100 C#5 15
33.100 0.100 C#5 15
33.200 0.100 C#5 15
33.300 0.100 C#5 15
33.400 0.100 C#5 15
33.500 0.100 C#5 15
33.600 0.050 C5 15
33.800 0.033 C5 15
33.900 0.100 C#5 15
34.000 0.033 C5 15
34.100 0.033 C5 15
34.200 0.033 C5 15
34.400 0.033 C5 15
34.500 0.100 C#5 15
34.600 0.033 C5 15
34.700 0.033 C5 15
34.800 0.033 C5 15
35.000 0.033 C5 15
35.100 0.100 C#5 15
35.200 0.033 C5 15
35.300 0.033 C5 15
35.400 0.033 C5 15
35.600 0.033 C5 15
35.700 0.100 C#5 15
35.800 0.033 C5 15
35.900 0.033 C5 15
36.000 0.033 C5 15
36.200 0.033 C5 15
36.300 0.100 C#5 15
36.400 0.033 C5 15
36.500 0.033 C5 15
36.600 0.033 C5 15
36.800 0.033 C5 15
36.900 0.100 C#5 15
37.000 0.033 C5 15
37.100 0.033 C5 15
37.200 0.033 C5 15
37.400 0.033 C5 15
37.500 0.100 C#5 15
37.600 0.033 C5 15
37.700 0.033 C5 15
37.800 0.100 C#5 15
37.900 0.100 C#5 15
38.000 0.100 C#5 15
38.100 0.100 C#5 15
38.200 0.100 C#5 15
38.300 0.100 C#5 15
38.400 0.033 C5 15
38.600 0.033 C5 15
38.700 0.117 C#5 15
38.900 0.033 C5 15
39.000 0.033 C5 15
39.200 0.033 C5 15
39.300 0.117 C#5 15
39.500 0.033 C5 15
39.600 0.033 C5 15
39.800 0.033 C5 15
39.900 0.117 C#5 15
40.100 0.033 C5 15
40.200 0.033 C5 15
40.400 0.033 C5 15
40.500 0.117 C#5 15
40.700 0.033 C5 15
40.800 0.033 C5 15
41.000 0.033 C5 15
41.100 0.117 C#5 15
41.300 0.033 C5 15
41.400 0.033 C5 15
41.600 0.033 C5 15
41.700 0.117 C#5 15
41.900 0.033 C5 15
42.000 0.033 C5 15
42.200 0.033 C5 15
42.300 0.117 C#5 15
42.500 0.033 C5 15
42.600 0.033 C5 15
42.800 0.033 C5 15
42.900 0.117 C#5 15
43.100 0.033 C5 15
43.200 0.033 C5 15
43.400 0.033 C5 15
43.500 0.117 C#5 15
43.700 0.033 C5 15
43.800 0.033 C5 15
44.000 0.033 C5 15
44.100 0.117 C#5 15
44.300 0.033 C5 15
44.400 0.033 C5 15
44.600 0.033 C5 15
44.700 0.117 C#5 15
44.900 0.033 C5 15
45.000 0.033 C5 15
45.200 0.033 C5 15
45.300 0.117 C#5 15
45.500 0.033 C5 15
45.600 0.033 C5 15
45.800 0.033 C5 15
45.900 0.117 C#5 15
46.100 0.033 C5 15
46.200 0.033 C5 15
46.400 0.033 C5 15
46.500 0.117 C#5 15
46.700 0.033 C5 15
46.800 0.033 C5 15
47.000 0.033 C5 15
47.100 0.117 C#5 15
47.300 0.033 C5 15
47.400 0.033 C5 15
47.600 0.033 C5 15
47.700 0.100 C#5 15
47.800 0.033 C5 15
47.900 0.033 C5 15
48.000 0.033 C5 15
48.200 0.033 C5 15
48.300 0.117 C#5 15
48.500 0.033 C5 15
48.600 0.033 C5 15
48.800 0.033 C5 15
48.900 0.100 C#5 15
49.000 0.033 C5 15
49.100 0.033 C5 15
49.200 0.033 C5 15
49.400 0.033 C5 15
49.500 0.117 C#5 15
49.700 0.033 C5 15
49.800 0.033 C5 15
50.000 0.033 C5 15
50.100 0.100 C#5 15
50.200 0.033 C5 15
50.300 0.033 C5 15
50.400 0.033 C5 15
50.600 0.033 C5 15
50.700 0.117 C#5 15
50.900 0.033 C5 15
51.000 0.033 C5 15
51.200 0.033 C5 15
51.300 0.100 C#5 15
51.400 0.033 C5 15
51.500 0.033 C5 15
51.600 0.033 C5 15
51.800 0.033 C5 15
51.900 0.117 C#5 15
52.100 0.033 C5 15
52.200 0.033 C5 15
52.400 0.033 C5 15
52.500 0.100 C#5 15
52.600 0.033 C5 15
52.700 0.033 C5 15
52.800 0.033 C5 15
53.000 0.033 C5 15
53.100 0.117 C#5 15
53.300 0.033 C5 15
53.400 0.033 C5 15
53.600 0.033 C5 15
53.700 0.100 C#5 15
53.800 0.033 C5 15
53.900 0.033 C5 15
54.000 0.033 C5 15
54.200 0.033 C5 15
54.300 0.117 C#5 15
54.500 0.033 C5 15
54.600 0.033 C5 15
54.800 0.033 C5 15
54.900 0.100 C#5 15
55.000 0.033 C5 15
55.100 0.033 C5 15
55.200 0.033 C5 15
55.400 0.033 C5 15
55.500 0.117 C#5 15
55.700 0.033 C5 15
55.800 0.033 C5 15
56.000 0.033 C5 15
56.100 0.100 C#5 15
56.200 0.033 C5 15
56.300 0.033 C5 15
56.400 0.033 C5 15
56.600 0.033 C5 15
56.700 0.117 C#5 15
56.900 0.033 C5 15
57.000 0.100 C#5 15
57.100 0.033 C5 15
57.200 0.033 C5 15
57.300 0.100 C#5 15
57.400 0.033 C5 15
57.500 0.033 C5 15
57.600 0.033 C5 15
57.800 0.033 C5 15
57.900 0.100 C#5 15
58.000 0.033 C5 15
58.100 0.033 C5 15
58.200 0.033 C5 15
58.400 0.033 C5 15
58.500 0.117 C#5 15
58.700 0.033 C5 15
58.800 0.033 C5 15
59.000 0.033 C5 15
59.100 0.100 C#5 15
59.200 0.033 C5 15
59.300 0.033 C5 15
59.400 0.033 C5 15
59.600 0.033 C5 15
59.700 0.117 C#5 15
59.900 0.033 C5 15
60.000 0.033 C5 15
60.200 0.033 C5 15
60.300 0.100 C#5 15
60.400 0.033 C5 15
60.500 0.033 C5 15
60.600 0.033 C5 15
60.800 0.033 C5 15
60.900 0.117 C#5 15
61.100 0.033 C5 15
61.200 0.033 C5 15
61.400 0.033 C5 15
61.500 0.100 C#5 15
61.600 0.033 C5 15
61.700 0.033 C5 15
61.800 0.033 C5 15
62.000 0.033 C5 15
62.100 0.100 C#5 15
62.200 0.033 C5 15
62.300 0.033 C5 15
62.400 0.033 C5 15
62.600 0.033 C5 15
62.700 0.100 C#5 15
62.800 0.033 C5 15
62.900 0.033 C5 15
63.000 0.033 C5 15
63.200 0.033 C5 15
63.300 0.117 C#5 15
63.500 0.033 C5 15
63.600 0.033 C5 15
63.800 0.033 C5 15
63.900 0.100 C#5 15
64.000 0.033 C5 15
64.100 0.033 C5 15
64.200 0.033 C5 15
64.400 0.033 C5 15
64.500 0.100 C#5 15
64.600 0.033 C5 15
64.700 0.033 C5 15
64.800 0.100 C#5 15
64.900 0.033 C5 15
65.000 0.033 C5 15
65.100 0.100 C#5 15
65.200 0.033 C5 15
65.300 0.033 C5 15
65.400 0.100 C#5 15
65.500 0.033 C5 15
65.600 0.033 C5 15
65.700 0.100 C#5 15
65.800 0.033 C5 15
65.900 0.033 C5 15
66.000 0.100 C#5 15
66.100 0.033 C5 15
66.200 0.033 C5 15
66.300 0.100 C#5 15
66.400 0.033 C5 15
66.500 0.033 C5 15
66.600 0.100 C#5 15
66.700 0.100 C#5 15
66.800 0.100 C#5 15
66.900 0.100 C#5 15
67.000 0.100 C#5 15
67.100 0.100 C#5 15
67.200 0.050 C5 15
67.400 0.033 C5 15
67.500 0.100 C#5 15
67.600 0.033 C5 15
67.700 0.033 C5 15
67.800 0.033 C5 15
68.000 0.033 C5 15
68.100 0.100 C#5 15
68.200 0.033 C5 15
68.300 0.033 C5 15
68.400 0.033 C5 15
68.600 0.033 C5 15
68.700 0.100 C#5 15
68.800 0.033 C5 15
68.900 0.033 C5 15
69.000 0.033 C5 15
69.200 0.033 C5 15
69.300 0.100 C#5 15
69.400 0.033 C5 15
69.500 0.033 C5 15
69.600 0.033 C5 15
69.800 0.033 C5 15
69.900 0.100 C#5 15
70.000 0.033 C5 15
70.100 0.033 C5 15
70.200 0.033 C5 15
70.400 0.033 C5 15
70.500 0.100 C#5 15
70.600 0.033 C5 15
70.700 0.033 C5 15
70.800 0.033 C5 15
71.000 0.033 C5 15
71.100 0.100 C#5 15
71.200 0.033 C5 15
71.300 0.033 C5 15
71.400 0.100 C#5 15
71.500 0.100 C#5 15
71.600 0.100 C#5 15
71.700 0.100 C#5 15
71.800 0.100 C#5 15
71.900 0.100 C#5 15
72.000 0.033 C5 15
72.200 0.033 C5 15
72.300 0.117 C#5 15
72.500 0.033 C5 15
72.600 0.033 C5 15
72.800 0.033 C5 15
72.900 0.117 C#5 15
73.100 0.033 C5 15
73.200 0.033 C5 15
73.400 0.033 C5 15
73.500 0.117 C#5 15
73.700 0.033 C5 15
73.800 0.033 C5 15
74.000 0.033 C5 15
74.100 0.117 C#5 15
74.300 0.033 C5 15
74.400 0.033 C5 15
74.600 0.033 C5 15
74.700 0.117 C#5 15
74.900 0.033 C5 15
75.000 0.033 C5 15
75.200 0.033 C5 15
75.300 0.117 C#5 15
75.500 0.033 C5 15
75.600 0.033 C5 15
75.800 0.033 C5 15
75.900 0.117 C#5 15
76.100 0.033 C5 15
76.200 0.033 C5 15
76.400 0.033 C5 15
76.500 0.117 C#5 15
76.700 0.033 C5 15
76.800 0.033 C5 15
77.000 0.033 C5 15
77.100 0.117 C#5 15
77.300 0.033 C5 15
77.400 0.033 C5 15
77.600 0.033 C5 15
77.700 0.117 C#5 15
77.900 0.033 C5 15
78.000 0.033 C5 15
78.200 0.033 C5 15
78.300 0.117 C#5 15
78.500 0.033 C5 15
78.600 0.033 C5 15
78.800 0.033 C5 15
78.900 0.117 C#5 15
79.100 0.033 C5 15
79.200 0.033 C5 15
79.400 0.033 C5 15
79.500 0.117 C#5 15
79.700 0.033 C5 15
79.800 0.033 C5 15
80.000 0.033 C5 15
80.100 0.117 C#5 15
80.300 0.033 C5 15
80.400 0.033 C5 15
80.600 0.033 C5 15
80.700 0.117 C#5 15
80.900 0.033 C5 15
81.000 0.033 C5 15
81.200 0.033 C5 15
81.300 0.100 C#5 15
81.400 0.033 C5 15
81.500 0.033 C5 15
81.600 0.033 C5 15
81.800 0.033 C5 15
81.900 0.117 C#5 15
82.100 0.033 C5 15
82.200 0.033 C5 15
82.400 0.033 C5 15
82.500 0.100 C#5 15
82.600 0.033 C5 15
82.700 0.033 C5 15
82.800 0.033 C5 15
83.000 0.033 C5 15
83.100 0.117 C#5 15
83.300 0.033 C5 15
83.400 0.033 C5 15
83.600 0.033 C5 15
83.700 0.100 C#5 15
83.800 0.033 C5 15
83.900 0.033 C5 15
84.000 0.033 C5 15
84.200 0.033 C5 15
84.300 0.117 C#5 15
84.500 0.033 C5 15
84.600 0.033 C5 15
84.800 0.033 C5 15
84.900 0.100 C#5 15
85.000 0.033 C5 15
85.100 0.033 C5 15
85.200 0.033 C5 15
85.400 0.033 C5 15
85.500 0.117 C#5 15
85.700 0.033 C5 15
85.800 0.033 C5 15
86.000 0.033 C5 15
86.100 0.100 C#5 15
86.200 0.033 C5 15
86.300 0.033 C5 15
86.400 0.033 C5 15
86.600 0.033 C5 15
86.700 0.117 C#5 15
86.900 0.033 C5 15
87.000 0.033 C5 15
87.200 0.033 C5 15
87.300 0.100 C#5 15
87.400 0.033 C5 15
87.500 0.033 C5 15
87.600 0.033 C5 15
87.800 0.033 C5 15
87.900 0.117 C#5 15
88.100 0.033 C5 15
88.200 0.033 C5 15
88.400 0.033 C5 15
88.500 0.100 C#5 15
88.600 0.033 C5 15
88.700 0.033 C5 15
88.800 0.033 C5 15
89.000 0.033 C5 15
89.100 0.117 C#5 15
89.300 0.033 C5 15
89.400 0.033 C5 15
89.600 0.033 C5 15
89.700 0.100 C#5 15
89.800 0.033 C5 15
89.900 0.033 C5 15
90.000 0.033 C5 15
90.200 0.033 C5 15
90.300 0.117 C#5 15
90.500 0.033 C5 15
90.600 0.100 C#5 15
90.700 0.033 C5 15
90.800 0.033 C5 15
90.900 0.100 C#5 15
91.000 0.033 C5 15
91.100 0.033 C5 15
91.200 0.033 C5 15
91.400 0.033 C5 15
91.500 0.100 C#5 15
91.600 0.033 C5 15
91.700 0.033 C5 15
91.800 0.033 C5 15
92.000 0.033 C5 15
92.100 0.117 C#5 15
92.300 0.033 C5 15
92.400 0.033 C5 15
92.600 0.033 C5 15
92.700 0.100 C#5 15
92.800 0.033 C5 15
92.900 0.033 C5 15
93.000 0.033 C5 15
93.200 0.033 C5 15
93.300 0.117 C#5 15
93.500 0.033 C5 15
93.600 0.033 C5 15
93.800 0.033 C5 15
93.900 0.100 C#5 15
94.000 0.033 C5 15
94.100 0.033 C5 15
94.200 0.033 C5 15
94.400 0.033 C5 15
94.500 0.117 C#5 15
94.700 0.033 C5 15
94.800 0.033 C5 15
95.000 0.033 C5 15
95.100 0.100 C#5 15
95.200 0.033 C5 15
95.300 0.033 C5 15
95.400 0.033 C5 15
95.600 0.033 C5 15
95.700 0.100 C#5 15
95.800 0.033 C5 15
95.900 0.033 C5 15
96.000 0.033 C5 15
96.200 0.033 C5 15
96.300 0.100 C#5 15
96.400 0.033 C5 15
96.500 0.033 C5 15
96.600 0.033 C5 15
96.800 0.033 C5 15
96.900 0.117 C#5 15
97.100 0.033 C5 15
97.200 0.033 C5 15
97.400 0.033 C5 15
97.500 0.100 C#5 15
97.600 0.033 C5 15
97.700 0.033 C5 15
97.800 0.033 C5 15
98.000 0.033 C5 15
98.100 0.100 C#5 15
98.200 0.033 C5 15
98.300 0.033 C5 15
98.400 0.100 C#5 15
98.500 0.033 C5 15
98.600 0.033 C5 15
98.700 0.100 C#5 15
98.800 0.033 C5 15
98.900 0.033 C5 15
99.000 0.100 C#5 15
99.100 0.033 C5 15
99.200 0.033 C5 15
99.300 0.100 C#5 15
99.400 0.033 C5 15
99.500 0.033 C5 15
99.600 0.100 C#5 15
99.700 0.033 C5 15
99.800 0.033 C5 15
99.900 0.100 C#5 15
100.000 0.033 C5 15
100.100 0.033 C5 15
100.200 0.100 C#5 15
100.300 0.100 C#5 15
100.400 0.100 C#5 15
100.500 0.100 C#5 15
100.600 0.100 C#5 15
100.700 0.100 C#5 15
100.800 0.050 C5 15
101.000 0.033 C5 15
101.100 0.100 C#5 15
101.200 0.033 C5 15
101.300 0.033 C5 15
101.400 0.033 C5 15
101.600 0.033 C5 15
101.700 0.100 C#5 15
101.800 0.033 C5 15
101.900 0.033 C5 15
102.000 0.033 C5 15
102.200 0.033 C5 15
102.300 0.100 C#5 15
102.400 0.033 C5 15
102.500 0.033 C5 15
102.600 0.033 C5 15
102.800 0.033 C5 15
102.900 0.100 C#5 15
103.000 0.033 C5 15
103.100 0.033 C5 15
103.200 0.033 C5 15
103.400 0.033 C5 15
103.500 0.100 C#5 15
103.600 0.033 C5 15
103.700 0.033 C5 15
103.800 0.033 C5 15
104.000 0.033 C5 15
104.100 0.100 C#5 15
104.200 0.033 C5 15
104.300 0.033 C5 15
104.400 0.033 C5 15
104.600 0.033 C5 15
104.700 0.100 C#5 15
104.800 0.033 C5 15
104.900 0.033 C5 15
105.000 0.100 C#5 15
105.100 0.100 C#5 15
105.200 0.100 C#5 15
105.300 0.100 C#5 15
105.400 0.100 C#5 15
105.500 0.100 C#5 15
105.600 0.033 C5 15
105.800 0.033 C5 15
105.900 0.117 C#5 15
106.100 0.033 C5 15
106.200 0.033 C5 15
106.400 0.033 C5 15
106.500 0.117 C#5 15
106.700 0.033 C5 15
106.800 0.033 C5 15
107.000 0.033 C5 15
107.100 0.117 C#5 15
107.300 0.033 C5 15
107.400 0.033 C5 15
107.600 0.033 C5 15
107.700 0.117 C#5 15
107.900 0.033 C5 15
108.000 0.033 C5 15
108.200 0.033 C5 15
108.300 0.117 C#5 15
108.500 0.033 C5 15
108.600 0.033 C5 15
108.800 0.033 C5 15
108.900 0.117 C#5 15
109.100 0.033 C5 15
109.200 0.033 C5 15
109.400 0.033 C5 15
109.500 0.117 C#5 15
109.700 0.033 C5 15
109.800 0.033 C5 15
110.000 0.033 C5 15
110.100 0.117 C#5 15
110.300 0.033 C5 15
110.400 0.033 C5 15
110.600 0.033 C5 15
110.700 0.117 C#5 15
110.900 0.033 C5 15
111.000 0.033 C5 15
111.200 0.033 C5 15
111.300 0.117 C#5 15
111.500 0.033 C5 15
111.600 0.033 C5 15
111.800 0.033 C5 15
111.900 0.117 C#5 15
112.100 0.033 C5 15
112.200 0.033 C5 15
112.400 0.033 C5 15
112.500 0.117 C#5 15
112.700 0.033 C5 15
112.800 0.033 C5 15
113.000 0.033 C5 15
113.100 0.117 C#5 15
113.300 0.033 C5 15
113.400 0.033 C5 15
113.600 0.033 C5 15
113.700 0.117 C#5 15
113.900 0.033 C5 15
114.000 0.033 C5 15
114.200 0.033 C5 15
114.300 0.117 C#5 15
114.500 0.033 C5 15
114.600 0.033 C5 15
114.800 0.033 C5 15
114.900 0.100 C#5 15
115.000 0.033 C5 15
115.100 0.033 C5 15
115.200 0.033 C5 15
115.400 0.033 C5 15
115.500 0.117 C#5 15
115.700 0.033 C5 15
115.800 0.033 C5 15
116.000 0.033 C5 15
116.100 0.100 C#5 15
116.200 0.033 C5 15
116.300 0.033 C5 15
116.400 0.033 C5 15
116.600 0.033 C5 15
116.700 0.117 C#5 15
116.900 0.033 C5 15
117.000 0.033 C5 15
117.200 0.033 C5 15
117.300 0.100 C#5 15
117.400 0.033 C5 15
117.500 0.033 C5 15
117.600 0.033 C5 15
117.800 0.033 C5 15
117.900 0.117 C#5 15
118.100 0.033 C5 15
118.200 0.033 C5 15
118.400 0.033 C5 15
118.500 0.100 C#5 15
118.600 0.033 C5 15
118.700 0.033 C5 15
118.800 0.033 C5 15
119.000 0.033 C5 15
119.100 0.117 C#5 15
119.300 0.033 C5 15
119.400 0.033 C5 15
119.600 0.033 C5 15
119.700 0.100 C#5 15
119.800 0.033 C5 15
119.900 0.033 C5 15
120.000 0.033 C5 15