Jackal.nsf track=1 framerate=60
Square1(433)
time dur note vol
0.000 0.117 D4 9
0.150 1.317 D4 1
1.500 0.183 D4 1
1.683 0.333 C4 8
2.017 0.683 B3 8
2.700 0.333 G3 8
3.033 0.133 A3 9
3.183 0.067 A3 1
3.250 0.450 D3 8
3.700 0.133 F3 9
3.850 0.533 F3 1
4.383 0.133 A#3 9
4.533 0.517 A#3 1
5.050 0.133 D#4 9
5.200 0.200 D#4 1
5.400 0.100 D#4 8
5.500 0.117 G4 8
5.617 0.117 A#4 8
5.733 0.333 C#5 8
6.067 0.850 A3 9
7.217 4.900 C#2 10
12.117 0.117 F#3 15
12.250 0.067 F#3 1
12.317 0.100 B3 8
12.417 0.600 F#4 5
13.017 0.100 D#4 7
13.117 0.100 C#4 7
13.217 0.100 B3 7
13.317 0.117 A3 9
13.450 0.067 A3 1
13.517 0.100 C#4 9
13.617 0.600 B3 5
14.217 0.117 A2 8
14.350 0.067 A2 1
14.417 0.100 C#3 8
14.517 0.300 B2 5
14.817 0.300 F#3 5
15.117 0.100 A3 4
15.217 0.100 E3 4
15.317 0.100 A3 5
15.417 0.100 E4 5
15.517 0.100 A3 6
15.617 0.100 E4 7
15.717 0.900 C#4 7
16.617 0.300 B2 5
16.917 1.200 A#2 6
18.117 0.300 D#2 8
18.417 0.300 G#3 5
18.717 0.400 F#3 5
19.117 0.100 D#3 8
19.217 0.100 B2 8
19.317 0.600 C#3 7
19.917 0.600 D#3 7
20.517 0.300 D#2 8
20.817 0.300 G#3 5
21.117 0.400 F#3 5
21.517 0.100 D#3 5
21.617 0.100 B2 5
21.717 0.300 E3 15
22.017 0.300 F#3 4
22.317 0.300 G#3 7
22.617 0.300 A#3 7
22.917 0.300 A3 7
23.217 0.400 E3 8
23.617 0.100 C#3 7
23.717 0.100 E3 7
23.817 0.100 A3 7
23.917 0.100 E3 7
24.017 0.100 A3 7
24.117 0.300 C#4 7
24.417 0.300 C#3 6
24.717 0.300 E3 7
25.017 0.300 A3 8
25.317 0.300 B3 8
25.617 0.400 F#3 8
26.017 0.100 E3 7
26.117 0.100 F#3 7
26.217 0.100 B3 7
26.317 0.100 F#3 7
26.417 0.100 B3 7
26.517 0.300 D#4 7
26.817 0.100 B2 1
26.917 0.100 F#2 2
27.017 0.100 B2 3
27.117 0.100 D#3 4
27.217 0.100 B2 5
27.317 0.100 D#3 6
27.417 0.300 F#3 7
27.717 0.200 C#4 7
27.917 2.200 C#2 10
30.117 0.200 B3 15
30.317 0.100 A#3 5
30.717 0.200 B2 5
30.917 0.100 A#2 5
31.017 0.200 B1 5
31.217 0.100 A#1 5
31.617 0.400 B3 6
32.017 0.100 A#3 6
32.117 0.100 G#3 6
32.217 0.100 F#3 6
32.317 0.100 C#3 6
32.417 0.100 F#3 6
32.517 0.300 E3 6
32.817 0.100 E3 6
32.917 0.100 B2 6
33.017 0.100 E3 6
33.117 0.100 G#3 6
33.217 0.100 E3 6
33.317 0.100 G#3 6
33.417 0.100 B3 6
33.517 0.100 G#3 6
33.617 0.100 B3 6
33.717 0.300 E3 6
34.017 0.100 G#3 6
34.117 0.100 E3 6
34.217 0.100 G#3 6
34.317 0.100 B3 6
34.417 0.100 G#3 6
34.517 0.100 B3 6
34.617 0.100 E4 6
34.717 0.100 F#4 6
34.817 0.100 G#4 6
34.917 0.200 B3 5
35.117 0.100 A#3 5
35.517 0.200 B2 5
35.717 0.100 A#2 5
35.817 0.200 B1 5
36.017 0.100 A#1 5
36.417 0.400 B3 6
36.817 0.100 A#3 6
36.917 0.100 G#3 6
37.017 0.100 F#3 6
37.117 0.100 C#3 6
37.217 0.100 F#3 6
37.317 0.300 E3 6
37.617 0.100 E3 6
37.717 0.100 B2 6
37.817 0.100 E3 6
37.917 0.100 G#3 6
38.017 0.100 E3 6
38.117 0.100 G#3 6
38.217 0.100 B3 6
38.317 0.100 G#3 6
38.417 0.100 B3 6
38.517 0.300 D4 7
38.817 0.300 A3 7
39.117 0.300 C4 7
39.417 0.300 G3 7
39.717 1.200 A3 7
40.917 0.600 F1 9
41.517 0.600 C1 9
42.117 1.200 D1 9
43.317 0.600 F1 9
43.917 0.600 G1 9
44.517 0.900 A1 9
45.417 0.300 G1 9
45.717 0.900 A1 9
46.617 0.300 G1 9
46.917 0.900 A1 9
47.817 0.300 G1 9
48.117 0.200 A1 9
50.517 0.117 F#3 8
50.650 0.067 F#3 1
50.717 0.100 B3 8
50.817 0.600 F#4 5
51.417 0.100 D#4 7
51.517 0.100 C#4 7
51.617 0.100 B3 7
51.717 0.117 A3 9
51.850 0.067 A3 1
51.917 0.100 C#4 9
52.017 0.600 B3 5
52.617 0.117 A2 8
52.750 0.067 A2 1
52.817 0.100 C#3 8
52.917 0.300 B2 5
53.217 0.300 F#3 5
53.517 0.100 A3 4
53.617 0.100 E3 4
53.717 0.100 A3 5
53.817 0.100 E4 5
53.917 0.100 A3 6
54.017 0.100 E4 7
54.117 0.900 C#4 7
55.017 0.300 B2 5
55.317 1.200 A#2 6
56.517 0.300 D#2 8
56.817 0.300 G#3 5
57.117 0.400 F#3 5
57.517 0.100 D#3 8
57.617 0.100 B2 8
57.717 0.600 C#3 7
58.317 0.600 D#3 7
58.917 0.300 D#2 8
59.217 0.300 G#3 5
59.517 0.400 F#3 5
59.917 0.100 D#3 5
60.017 0.100 B2 5
60.117 0.300 E3 15
60.417 0.300 F#3 4
60.717 0.300 G#3 7
61.017 0.300 A#3 7
61.317 0.300 A3 7
61.617 0.400 E3 8
62.017 0.100 C#3 7
62.117 0.100 E3 7
62.217 0.100 A3 7
62.317 0.100 E3 7
62.417 0.100 A3 7
62.517 0.300 C#4 7
62.817 0.300 C#3 6
63.117 0.300 E3 7
63.417 0.300 A3 8
63.717 0.300 B3 8
64.017 0.400 F#3 8
64.417 0.100 E3 7
64.517 0.100 F#3 7
64.617 0.100 B3 7
64.717 0.100 F#3 7
64.817 0.100 B3 7
64.917 0.300 D#4 7
65.217 0.100 B2 1
65.317 0.100 F#2 2
65.417 0.100 B2 3
65.517 0.100 D#3 4
65.617 0.100 B2 5
65.717 0.100 D#3 6
65.817 0.300 F#3 7
66.117 0.200 C#4 7
66.317 2.200 C#2 10
68.517 0.200 B3 15
68.717 0.100 A#3 5
69.117 0.200 B2 5
69.317 0.100 A#2 5
69.417 0.200 B1 5
69.617 0.100 A#1 5
70.017 0.400 B3 6
70.417 0.100 A#3 6
70.517 0.100 G#3 6
70.617 0.100 F#3 6
70.717 0.100 C#3 6
70.817 0.100 F#3 6
70.917 0.300 E3 6
71.217 0.100 E3 6
71.317 0.100 B2 6
71.417 0.100 E3 6
71.517 0.100 G#3 6
71.617 0.100 E3 6
71.717 0.100 G#3 6
71.817 0.100 B3 6
71.917 0.100 G#3 6
72.017 0.100 B3 6
72.117 0.300 E3 6
72.417 0.100 G#3 6
72.517 0.100 E3 6
72.617 0.100 G#3 6
72.717 0.100 B3 6
72.817 0.100 G#3 6
72.917 0.100 B3 6
73.017 0.100 E4 6
73.117 0.100 F#4 6
73.217 0.100 G#4 6
73.317 0.200 B3 5
73.517 0.100 A#3 5
73.917 0.200 B2 5
74.117 0.100 A#2 5
74.217 0.200 B1 5
74.417 0.100 A#1 5
74.817 0.400 B3 6
75.217 0.100 A#3 6
75.317 0.100 G#3 6
75.417 0.100 F#3 6
75.517 0.100 C#3 6
75.617 0.100 F#3 6
75.717 0.300 E3 6
76.017 0.100 E3 6
76.117 0.100 B2 6
76.217 0.100 E3 6
76.317 0.100 G#3 6
76.417 0.100 E3 6
76.517 0.100 G#3 6
76.617 0.100 B3 6
76.717 0.100 G#3 6
76.817 0.100 B3 6
76.917 0.300 D4 7
77.217 0.300 A3 7
77.517 0.300 C4 7
77.817 0.300 G3 7
78.117 1.200 A3 7
79.317 0.600 F1 9
79.917 0.600 C1 9
80.517 1.200 D1 9
81.717 0.600 F1 9
82.317 0.600 G1 9
82.917 0.900 A1 9
83.817 0.300 G1 9
84.117 0.900 A1 9
85.017 0.300 G1 9
85.317 0.900 A1 9
86.217 0.300 G1 9
86.517 0.200 A1 9
88.917 0.117 F#3 8
89.050 0.067 F#3 1
89.117 0.100 B3 8
89.217 0.600 F#4 5
89.817 0.100 D#4 7
89.917 0.100 C#4 7
90.017 0.100 B3 7
90.117 0.117 A3 9
90.250 0.067 A3 1
90.317 0.100 C#4 9
90.417 0.600 B3 5
91.017 0.117 A2 8
91.150 0.067 A2 1
91.217 0.100 C#3 8
91.317 0.300 B2 5
91.617 0.300 F#3 5
91.917 0.100 A3 4
92.017 0.100 E3 4
92.117 0.100 A3 5
92.217 0.100 E4 5
92.317 0.100 A3 6
92.417 0.100 E4 7
92.517 0.900 C#4 7
93.417 0.300 B2 5
93.717 1.200 A#2 6
94.917 0.300 D#2 8
95.217 0.300 G#3 5
95.517 0.400 F#3 5
95.917 0.100 D#3 8
96.017 0.100 B2 8
96.117 0.600 C#3 7
96.717 0.600 D#3 7
97.317 0.300 D#2 8
97.617 0.300 G#3 5
97.917 0.400 F#3 5
98.317 0.100 D#3 5
98.417 0.100 B2 5
98.517 0.300 E3 15
98.817 0.300 F#3 4
99.117 0.300 G#3 7
99.417 0.300 A#3 7
99.717 0.300 A3 7
100.017 0.400 E3 8
100.417 0.100 C#3 7
100.517 0.100 E3 7
100.617 0.100 A3 7
100.717 0.100 E3 7
100.817 0.100 A3 7
100.917 0.300 C#4 7
101.217 0.300 C#3 6
101.517 0.300 E3 7
101.817 0.300 A3 8
102.117 0.300 B3 8
102.417 0.400 F#3 8
102.817 0.100 E3 7
102.917 0.100 F#3 7
103.017 0.100 B3 7
103.117 0.100 F#3 7
103.217 0.100 B3 7
103.317 0.300 D#4 7
103.617 0.100 B2 1
103.717 0.100 F#2 2
103.817 0.100 B2 3
103.917 0.100 D#3 4
104.017 0.100 B2 5
104.117 0.100 D#3 6
104.217 0.300 F#3 7
104.517 0.200 C#4 7
104.717 2.200 C#2 10
106.917 0.200 B3 15
107.117 0.100 A#3 5
107.517 0.200 B2 5
107.717 0.100 A#2 5
107.817 0.200 B1 5
108.017 0.100 A#1 5
108.417 0.400 B3 6
108.817 0.100 A#3 6
108.917 0.100 G#3 6
109.017 0.100 F#3 6
109.117 0.100 C#3 6
109.217 0.100 F#3 6
109.317 0.300 E3 6
109.617 0.100 E3 6
109.717 0.100 B2 6
109.817 0.100 E3 6
109.917 0.100 G#3 6
110.017 0.100 E3 6
110.117 0.100 G#3 6
110.217 0.100 B3 6
110.317 0.100 G#3 6
110.417 0.100 B3 6
110.517 0.300 E3 6
110.817 0.100 G#3 6
110.917 0.100 E3 6
111.017 0.100 G#3 6
111.117 0.100 B3 6
111.217 0.100 G#3 6
111.317 0.100 B3 6
111.417 0.100 E4 6
111.517 0.100 F#4 6
111.617 0.100 G#4 6
111.717 0.200 B3 5
111.917 0.100 A#3 5
112.317 0.200 B2 5
112.517 0.100 A#2 5
112.617 0.200 B1 5
112.817 0.100 A#1 5
113.217 0.400 B3 6
113.617 0.100 A#3 6
113.717 0.100 G#3 6
113.817 0.100 F#3 6
113.917 0.100 C#3 6
114.017 0.100 F#3 6
114.117 0.300 E3 6
114.417 0.100 E3 6
114.517 0.100 B2 6
114.617 0.100 E3 6
114.717 0.100 G#3 6
114.817 0.100 E3 6
114.917 0.100 G#3 6
115.017 0.100 B3 6
115.117 0.100 G#3 6
115.217 0.100 B3 6
115.317 0.300 D4 7
115.617 0.300 A3 7
115.917 0.300 C4 7
116.217 0.300 G3 7
116.517 1.200 A3 7
117.717 0.600 F1 9
118.317 0.600 C1 9
118.917 1.200 D1 9
120.117 3.617 F1 9
Square2(344)
time dur note vol
0.000 0.117 A3 8
0.150 0.517 A3 1
0.667 0.117 A3 8
0.783 0.117 D3 8
0.900 0.100 A3 8
1.000 0.350 D4 8
1.350 0.117 A3 8
1.500 0.183 A3 1
1.683 0.333 G3 7
2.017 1.017 D3 7
3.033 0.133 F3 8
3.183 0.067 F3 1
3.250 0.450 A2 7
3.700 0.133 D3 8
3.850 0.533 D3 1
4.383 0.133 F3 8
4.533 0.517 F3 1
5.050 0.133 A#3 8
5.200 0.200 A#3 1
5.400 0.100 A#3 7
5.500 0.117 D4 7
5.617 0.117 F4 7
5.733 0.333 G4 7
6.067 0.783 E3 7
7.217 4.900 F#1 11
12.117 0.117 B3 15
12.250 0.067 B3 1
12.317 0.100 F#4 9
12.417 0.600 B4 6
13.017 0.100 A4 8
13.117 0.100 G#4 8
13.217 0.100 F#4 8
13.317 0.117 E4 9
13.450 0.067 E4 1
13.517 0.100 G#4 9
13.617 0.600 F#4 6
14.217 0.117 E3 9
14.350 0.067 E3 1
14.417 0.100 G#3 9
14.517 0.300 F#3 6
14.817 0.300 B3 6
15.117 0.100 E4 7
15.217 0.100 B3 7
15.317 0.100 E4 8
15.417 0.100 A4 8
15.517 0.100 E4 9
15.617 0.100 A4 10
15.717 0.900 F#4 8
16.617 0.300 E3 8
16.917 1.200 F#3 8
18.117 0.300 G#1 9
18.417 0.300 B3 6
18.717 0.400 A#3 5
19.117 0.100 G#3 15
19.217 0.100 F#3 15
19.317 0.600 G#3 8
19.917 0.600 A#3 8
20.517 0.300 G#1 9
20.817 0.300 B3 6
21.117 0.400 A#3 6
21.517 0.100 G#3 6
21.617 0.100 F#3 6
21.717 0.300 G#3 6
22.017 0.300 A#3 7
22.317 0.300 B3 9
22.617 0.600 C#4 10
23.217 0.300 A3 9
23.517 1.200 E3 8
24.717 0.300 A3 8
25.017 0.300 C#4 9
25.317 0.300 D#4 8
25.617 0.300 B3 8
25.917 1.200 F#3 8
27.117 0.300 B3 8
27.417 0.100 D#4 10
27.517 0.100 E4 11
27.617 0.100 F#4 11
27.717 0.200 G#4 8
27.917 2.200 C#1 11
30.117 0.200 E4 7
30.317 0.100 F#4 7
30.467 0.100 E4 2
30.583 0.117 F#4 15
30.717 0.200 E3 6
30.917 0.100 F#3 6
31.017 0.200 E2 6
31.217 0.100 F#2 6
31.367 0.100 E2 1
31.483 0.117 F2 15
31.617 0.500 F#4 9
32.117 0.100 C#4 9
32.217 0.100 A#3 9
32.317 0.100 F#3 9
32.417 0.100 A#3 9
32.517 1.200 G#3 8
33.717 0.600 B3 8
34.317 0.600 C#4 8
34.917 0.200 E4 7
35.117 0.100 F#4 7
35.267 0.100 E4 2
35.383 0.117 F#4 15
35.517 0.200 E3 6
35.717 0.100 F#3 6
35.817 0.200 E2 6
36.017 0.100 F#2 6
36.167 0.100 E2 1
36.283 0.117 F2 15
36.417 0.500 F#4 9
36.917 0.100 C#4 9
37.017 0.100 A#3 8
37.117 0.100 F#3 8
37.217 0.100 A#3 8
37.317 1.200 G#3 8
38.517 0.300 G4 10
38.817 0.100 F#4 10
38.917 0.100 E4 10
39.017 0.100 D4 10
39.117 0.300 F4 10
39.417 0.100 E4 10
39.517 0.100 D4 10
39.617 0.100 C4 10
39.717 1.200 D4 8
40.917 0.600 F3 7
41.517 0.600 C3 7
42.117 1.200 D3 7
43.317 0.600 F3 7
43.917 0.600 G3 7
44.517 0.900 A3 7
45.417 0.300 G3 7
45.717 0.900 A3 7
46.617 0.300 G3 7
46.917 0.900 A3 7
47.817 0.300 G3 7
48.117 0.200 A3 7
50.517 0.117 B3 9
50.650 0.067 B3 1
50.717 0.100 F#4 9
50.817 0.600 B4 6
51.417 0.100 A4 8
51.517 0.100 G#4 8
51.617 0.100 F#4 8
51.717 0.117 E4 9
51.850 0.067 E4 1
51.917 0.100 G#4 9
52.017 0.600 F#4 6
52.617 0.117 E3 9
52.750 0.067 E3 1
52.817 0.100 G#3 9
52.917 0.300 F#3 6
53.217 0.300 B3 6
53.517 0.100 E4 7
53.617 0.100 B3 7
53.717 0.100 E4 8
53.817 0.100 A4 8
53.917 0.100 E4 9
54.017 0.100 A4 10
54.117 0.900 F#4 8
55.017 0.300 E3 8
55.317 1.200 F#3 8
56.517 0.300 G#1 9
56.817 0.300 B3 6
57.117 0.400 A#3 5
57.517 0.100 G#3 15
57.617 0.100 F#3 15
57.717 0.600 G#3 8
58.317 0.600 A#3 8
58.917 0.300 G#1 9
59.217 0.300 B3 6
59.517 0.400 A#3 6
59.917 0.100 G#3 6
60.017 0.100 F#3 6
60.117 0.300 G#3 6
60.417 0.300 A#3 7
60.717 0.300 B3 9
61.017 0.600 C#4 10
61.617 0.300 A3 9
61.917 1.200 E3 8
63.117 0.300 A3 8
63.417 0.300 C#4 9
63.717 0.300 D#4 8
64.017 0.300 B3 8
64.317 1.200 F#3 8
65.517 0.300 B3 8
65.817 0.100 D#4 10
65.917 0.100 E4 11
66.017 0.100 F#4 11
66.117 0.200 G#4 8
66.317 2.200 C#1 11
68.517 0.200 E4 7
68.717 0.100 F#4 7
68.867 0.100 E4 2
68.983 0.117 F#4 15
69.117 0.200 E3 6
69.317 0.100 F#3 6
69.417 0.200 E2 6
69.617 0.100 F#2 6
69.767 0.100 E2 1
69.883 0.117 F2 15
70.017 0.500 F#4 9
70.517 0.100 C#4 9
70.617 0.100 A#3 9
70.717 0.100 F#3 9
70.817 0.100 A#3 9
70.917 1.200 G#3 8
72.117 0.600 B3 8
72.717 0.600 C#4 8
73.317 0.200 E4 7
73.517 0.100 F#4 7
73.667 0.100 E4 2
73.783 0.117 F#4 15
73.917 0.200 E3 6
74.117 0.100 F#3 6
74.217 0.200 E2 6
74.417 0.100 F#2 6
74.567 0.100 E2 1
74.683 0.117 F2 15
74.817 0.500 F#4 9
75.317 0.100 C#4 9
75.417 0.100 A#3 8
75.517 0.100 F#3 8
75.617 0.100 A#3 8
75.717 1.200 G#3 8
76.917 0.300 G4 10
77.217 0.100 F#4 10
77.317 0.100 E4 10
77.417 0.100 D4 10
77.517 0.300 F4 10
77.817 0.100 E4 10
77.917 0.100 D4 10
78.017 0.100 C4 10
78.117 1.200 D4 8
79.317 0.600 F3 7
79.917 0.600 C3 7
80.517 1.200 D3 7
81.717 0.600 F3 7
82.317 0.600 G3 7
82.917 0.900 A3 7
83.817 0.300 G3 7
84.117 0.900 A3 7
85.017 0.300 G3 7
85.317 0.900 A3 7
86.217 0.300 G3 7
86.517 0.200 A3 7
88.917 0.117 B3 9
89.050 0.067 B3 1
89.117 0.100 F#4 9
89.217 0.600 B4 6
89.817 0.100 A4 8
89.917 0.100 G#4 8
90.017 0.100 F#4 8
90.117 0.117 E4 9
90.250 0.067 E4 1
90.317 0.100 G#4 9
90.417 0.600 F#4 6
91.017 0.117 E3 9
91.150 0.067 E3 1
91.217 0.100 G#3 9
91.317 0.300 F#3 6
91.617 0.300 B3 6
91.917 0.100 E4 7
92.017 0.100 B3 7
92.117 0.100 E4 8
92.217 0.100 A4 8
92.317 0.100 E4 9
92.417 0.100 A4 10
92.517 0.900 F#4 8
93.417 0.300 E3 8
93.717 1.200 F#3 8
94.917 0.300 G#1 9
95.217 0.300 B3 6
95.517 0.400 A#3 5
95.917 0.100 G#3 15
96.017 0.100 F#3 15
96.117 0.600 G#3 8
96.717 0.600 A#3 8
97.317 0.300 G#1 9
97.617 0.300 B3 6
97.917 0.400 A#3 6
98.317 0.100 G#3 6
98.417 0.100 F#3 6
98.517 0.300 G#3 6
98.817 0.300 A#3 7
99.117 0.300 B3 9
99.417 0.600 C#4 10
100.017 0.300 A3 9
100.317 1.200 E3 8
101.517 0.300 A3 8
101.817 0.300 C#4 9
102.117 0.300 D#4 8
102.417 0.300 B3 8
102.717 1.200 F#3 8
103.917 0.300 B3 8
104.217 0.100 D#4 10
104.317 0.100 E4 11
104.417 0.100 F#4 11
104.517 0.200 G#4 8
104.717 2.200 C#1 11
106.917 0.200 E4 7
107.117 0.100 F#4 7
107.267 0.100 E4 2
107.383 0.117 F#4 15
107.517 0.200 E3 6
107.717 0.100 F#3 6
107.817 0.200 E2 6
108.017 0.100 F#2 6
108.167 0.100 E2 1
108.283 0.117 F2 15
108.417 0.500 F#4 9
108.917 0.100 C#4 9
109.017 0.100 A#3 9
109.117 0.100 F#3 9
109.217 0.100 A#3 9
109.317 1.200 G#3 8
110.517 0.600 B3 8
111.117 0.600 C#4 8
111.717 0.200 E4 7
111.917 0.100 F#4 7
112.067 0.100 E4 2
112.183 0.117 F#4 15
112.317 0.200 E3 6
112.517 0.100 F#3 6
112.617 0.200 E2 6
112.817 0.100 F#2 6
112.967 0.100 E2 1
113.083 0.117 F2 15
113.217 0.500 F#4 9
113.717 0.100 C#4 9
113.817 0.100 A#3 8
113.917 0.100 F#3 8
114.017 0.100 A#3 8
114.117 1.200 G#3 8
115.317 0.300 G4 10
115.617 0.100 F#4 10
115.717 0.100 E4 10
115.817 0.100 D4 10
115.917 0.300 F4 10
116.217 0.100 E4 10
116.317 0.100 D4 10
116.417 0.100 C4 10
116.517 1.200 D4 8
117.717 0.600 F3 7
118.317 0.600 C3 7
118.917 1.200 D3 7
120.117 3.617 F3 7
Triangle(856)
time dur note vol
0.333 0.067 D3 15
0.450 0.067 D2 15
0.550 0.067 A2 15
0.667 0.067 D3 15
0.783 0.067 D3 15
0.900 0.067 A3 15
1.000 0.350 D4 15
1.683 0.067 D3 15
1.800 0.067 D2 15
1.900 0.067 A2 15
2.017 0.067 D3 15
2.133 0.067 D3 15
2.250 0.067 A3 15
2.350 0.283 D4 15
2.700 0.100 G3 15
2.917 0.067 G3 15
3.033 0.100 A3 15
3.250 0.067 D3 15
3.367 0.067 D3 15
3.483 0.067 D3 15
3.600 0.067 D3 15
3.700 0.083 D3 15
3.933 0.067 D3 15
4.050 0.067 D3 15
4.150 0.067 D3 15
4.267 0.067 D3 15
4.383 0.083 D3 15
4.600 0.067 D3 15
4.717 0.067 D3 15
4.833 0.067 D3 15
4.950 0.067 D3 15
5.050 0.067 D3 15
5.283 0.067 D3 15
5.400 0.067 D3 15
5.500 0.067 D#3 15
5.617 0.067 D#3 15
5.733 0.217 E3 15
6.067 0.067 A2 15
6.183 0.067 A2 15
6.300 0.067 A2 15
6.400 0.400 A2 15
7.217 0.033 F#3 15
7.267 0.033 F#3 15
7.317 0.100 F#3 15
7.517 0.067 F#3 15
7.617 0.100 F#3 15
7.817 0.067 F#3 15
7.917 0.100 F#3 15
8.117 0.067 F#3 15
8.217 0.100 F#3 15
8.417 0.067 F#3 15
8.517 0.100 F#3 15
8.717 0.067 F#3 15
8.817 0.100 F#3 15
9.017 0.067 F#3 15
9.117 0.100 F#3 15
9.317 0.067 F#3 15
9.417 0.100 F#3 15
9.617 0.033 F#3 15
9.667 0.033 F#3 15
9.717 0.100 F#3 15
9.917 0.067 F#3 15
10.017 0.100 F#3 15
10.217 0.067 F#3 15
10.317 0.100 F#3 15
10.517 0.067 F#3 15
10.617 0.100 F#3 15
10.817 0.067 F#3 15
10.917 0.100 F#3 15
11.117 0.067 F#3 15
11.217 0.100 F#3 15
11.417 0.067 F#3 15
11.517 0.100 F#3 15
11.717 0.067 F#3 15
11.817 0.100 F#3 15
12.017 0.100 F#3 15
12.117 0.100 B2 15
12.317 0.067 B2 15
12.417 0.100 B2 15
12.617 0.067 B2 15
12.717 0.100 B2 15
12.917 0.067 B2 15
13.017 0.067 B2 15
13.117 0.067 F#2 15
13.217 0.067 B2 15
13.317 0.100 B2 15
13.517 0.067 B2 15
13.617 0.067 B2 15
13.717 0.067 F#2 15
13.817 0.067 B2 15
13.917 0.100 B2 15
14.117 0.067 B2 15
14.217 0.100 B2 15
14.417 0.067 B2 15
14.517 0.100 B2 15
14.717 0.067 B2 15
14.817 0.067 B1 15
14.917 0.067 F#2 15
15.017 0.067 B2 15
15.117 0.067 A1 15
15.217 0.067 E2 15
15.317 0.067 A2 15
15.417 0.067 E3 15
15.517 0.067 E3 15
15.617 0.067 E3 15
15.717 0.100 F#3 15
15.917 0.067 F#3 15
16.017 0.100 F#3 15
16.217 0.067 F#3 15
16.317 0.100 F#3 15
16.517 0.067 F#3 15
16.617 0.067 E3 15
16.717 0.067 E3 15
16.817 0.067 E3 15
16.917 0.100 F#3 15
17.117 0.067 F#3 15
17.217 0.100 F#3 15
17.417 0.067 F#3 15
17.517 0.100 F#3 15
17.717 0.067 F#3 15
17.817 0.067 F#2 15
17.917 0.067 B2 15
18.017 0.067 F#3 15
18.117 0.100 G#2 15
18.317 0.067 G#2 15
18.417 0.067 G#3 15
18.517 0.067 G#2 15
18.617 0.067 G#2 15
18.717 0.100 G#2 15
18.917 0.067 G#2 15
19.017 0.067 G#3 15
19.117 0.067 G#2 15
19.217 0.067 G#2 15
19.317 0.100 E3 15
19.517 0.067 E3 15
19.617 0.067 E3 15
19.717 0.067 E3 15
19.817 0.067 E3 15
19.917 0.100 F#3 15
20.117 0.067 F#3 15
20.217 0.067 F#3 15
20.317 0.067 F#3 15
20.417 0.067 F#3 15
20.517 0.100 G#2 15
20.717 0.067 G#2 15
20.817 0.067 G#3 15
20.917 0.067 G#2 15
21.017 0.067 G#2 15
21.117 0.100 G#2 15
21.317 0.067 G#2 15
21.417 0.067 G#3 15
21.517 0.067 G#2 15
21.617 0.067 G#2 15
21.717 0.117 E3 15
21.917 0.067 E3 15
22.017 0.117 F#2 15
22.217 0.067 F#2 15
22.317 0.117 G#2 15
22.517 0.067 G#2 15
22.617 0.117 A#2 15
22.817 0.067 A#2 15
22.917 0.100 A2 15
23.117 0.067 A2 15
23.217 0.067 A3 15
23.317 0.067 A2 15
23.417 0.067 A2 15
23.517 0.100 A2 15
23.717 0.067 A2 15
23.817 0.067 A3 15
23.917 0.067 A2 15
24.017 0.067 A2 15
24.117 0.100 A2 15
24.317 0.067 A2 15
24.417 0.067 A3 15
24.517 0.067 A2 15
24.617 0.067 A2 15
24.717 0.100 A2 15
24.917 0.067 A2 15
25.017 0.067 A3 15
25.117 0.067 A2 15
25.217 0.067 A2 15
25.317 0.100 B2 15
25.517 0.067 B2 15
25.617 0.067 B3 15
25.717 0.067 B2 15
25.817 0.067 B2 15
25.917 0.100 B2 15
26.117 0.067 B2 15
26.217 0.067 B3 15
26.317 0.067 B2 15
26.417 0.067 B2 15
26.517 0.067 B2 15
26.717 0.067 B2 15
26.817 0.067 B2 15
26.917 0.067 B2 15
27.017 0.067 B2 15
27.117 0.067 B2 15
27.217 0.067 B2 15
27.317 0.067 B2 15
27.417 0.067 B2 15
27.517 0.067 B2 15
27.617 0.067 B2 15
27.717 0.100 C#3 15
27.917 0.067 C#3 15
28.017 0.067 C#3 15
28.117 0.067 C#3 15
28.217 0.067 C#3 15
28.317 0.100 C#3 15
28.517 0.067 C#3 15
28.617 0.067 C#3 15
28.717 0.067 C#3 15
28.817 0.067 C#3 15
28.917 0.100 C#3 15
29.117 0.067 C#3 15
29.217 0.067 C#3 15
29.317 0.067 C#3 15
29.417 0.067 C#3 15
29.517 0.100 C#3 15
29.717 0.067 C#3 15
29.817 0.067 C#3 15
29.917 0.067 C#3 15
30.017 0.067 C#3 15
30.117 0.100 F#2 15
30.317 0.067 F#2 15
30.417 0.067 F#3 15
30.517 0.067 F#2 15
30.617 0.067 F#2 15
30.717 0.100 F#2 15
30.917 0.067 F#2 15
31.017 0.067 F#3 15
31.117 0.067 F#2 15
31.217 0.067 F#2 15
31.317 0.100 F#2 15
31.517 0.067 F#2 15
31.617 0.067 F#3 15
31.717 0.067 F#2 15
31.817 0.067 F#2 15
31.917 0.100 F#2 15
32.117 0.067 F#2 15
32.217 0.067 F#3 15
32.317 0.067 F#2 15
32.417 0.067 F#2 15
32.517 0.100 E3 15
32.717 0.067 E3 15
32.817 0.100 E3 15
33.017 0.067 E3 15
33.117 0.100 E3 15
33.317 0.067 E3 15
33.417 0.100 E3 15
33.617 0.067 E3 15
33.717 0.100 E3 15
33.917 0.067 E3 15
34.017 0.100 E3 15
34.217 0.067 E3 15
34.317 0.067 E3 15
34.517 0.067 E2 15
34.617 0.067 G#2 15
34.717 0.067 B2 15
34.817 0.067 E3 15
34.917 0.100 F#2 15
35.117 0.067 F#2 15
35.217 0.067 F#3 15
35.317 0.067 F#2 15
35.417 0.067 F#2 15
35.517 0.100 F#2 15
35.717 0.067 F#2 15
35.817 0.067 F#3 15
35.917 0.067 F#2 15
36.017 0.067 F#2 15
36.117 0.100 F#2 15
36.317 0.067 F#2 15
36.417 0.067 F#3 15
36.517 0.067 F#2 15
36.617 0.067 F#2 15
36.717 0.100 F#2 15
36.917 0.067 F#2 15
37.017 0.067 F#3 15
37.117 0.067 F#2 15
37.217 0.067 F#2 15
37.317 0.100 E3 15
37.517 0.067 E3 15
37.617 0.100 E3 15
37.817 0.067 E3 15
37.917 0.100 E3 15
38.117 0.067 E3 15
38.217 0.100 E3 15
38.417 0.067 E3 15
38.517 0.233 G3 15
38.817 0.233 D3 15
39.117 0.233 F3 15
39.417 0.217 C3 15
39.717 0.100 D3 15
39.917 0.067 D3 15
40.017 0.100 D3 15
40.217 0.067 D3 15
40.317 0.100 D3 15
40.517 0.067 D3 15
40.617 0.100 D3 15
40.817 0.067 D3 15
40.917 0.150 F3 15
41.117 0.150 F3 15
41.317 0.150 F3 15
41.517 0.150 C3 15
41.717 0.150 C3 15
41.917 0.150 C3 15
42.117 0.133 D3 15
42.317 0.067 D3 15
42.417 0.133 D3 15
42.617 0.067 D3 15
42.717 0.133 D3 15
42.917 0.067 D3 15
43.017 0.133 D3 15
43.217 0.067 D3 15
43.317 0.150 F3 15
43.517 0.150 F3 15
43.717 0.150 F3 15
43.917 0.150 G3 15
44.117 0.150 G3 15
44.317 0.150 G3 15
44.517 0.133 A3 15
44.717 0.067 A3 15
44.817 0.133 A3 15
45.017 0.067 A3 15
45.117 0.133 A3 15
45.317 0.067 A3 15
45.417 0.067 G3 15
45.517 0.067 G3 15
45.617 0.067 G3 15
45.717 0.133 A3 15
45.917 0.067 A3 15
46.017 0.133 A3 15
46.217 0.067 A3 15
46.317 0.133 A3 15
46.517 0.067 A3 15
46.617 0.067 G3 15
46.717 0.067 G3 15
46.817 0.067 G3 15
46.917 0.133 A3 15
47.117 0.067 A3 15
47.217 0.133 A3 15
47.417 0.067 A3 15
47.517 0.133 A3 15
47.717 0.067 A3 15
47.817 0.067 G3 15
47.917 0.067 G3 15
48.017 0.067 G3 15
48.117 0.200 A3 15
50.517 0.100 B2 15
50.717 0.067 B2 15
50.817 0.100 B2 15
51.017 0.067 B2 15
51.117 0.100 B2 15
51.317 0.067 B2 15
51.417 0.067 B2 15
51.517 0.067 F#2 15
51.617 0.067 B2 15
51.717 0.100 B2 15
51.917 0.067 B2 15
52.017 0.067 B2 15
52.117 0.067 F#2 15
52.217 0.067 B2 15
52.317 0.100 B2 15
52.517 0.067 B2 15
52.617 0.100 B2 15
52.817 0.067 B2 15
52.917 0.100 B2 15
53.117 0.067 B2 15
53.217 0.067 B1 15
53.317 0.067 F#2 15
53.417 0.067 B2 15
53.517 0.067 A1 15
53.617 0.067 E2 15
53.717 0.067 A2 15
53.817 0.067 E3 15
53.917 0.067 E3 15
54.017 0.067 E3 15
54.117 0.100 F#3 15
54.317 0.067 F#3 15
54.417 0.100 F#3 15
54.617 0.067 F#3 15
54.717 0.100 F#3 15
54.917 0.067 F#3 15
55.017 0.067 E3 15
55.117 0.067 E3 15
55.217 0.067 E3 15
55.317 0.100 F#3 15
55.517 0.067 F#3 15
55.617 0.100 F#3 15
55.817 0.067 F#3 15
55.917 0.100 F#3 15
56.117 0.067 F#3 15
56.217 0.067 F#2 15
56.317 0.067 B2 15
56.417 0.067 F#3 15
56.517 0.100 G#2 15
56.717 0.067 G#2 15
56.817 0.067 G#3 15
56.917 0.067 G#2 15
57.017 0.067 G#2 15
57.117 0.100 G#2 15
57.317 0.067 G#2 15
57.417 0.067 G#3 15
57.517 0.067 G#2 15
57.617 0.067 G#2 15
57.717 0.100 E3 15
57.917 0.067 E3 15
58.017 0.067 E3 15
58.117 0.067 E3 15
58.217 0.067 E3 15
58.317 0.100 F#3 15
58.517 0.067 F#3 15
58.617 0.067 F#3 15
58.717 0.067 F#3 15
58.817 0.067 F#3 15
58.917 0.100 G#2 15
59.117 0.067 G#2 15
59.217 0.067 G#3 15
59.317 0.067 G#2 15
59.417 0.067 G#2 15
59.517 0.100 G#2 15
59.717 0.067 G#2 15
59.817 0.067 G#3 15
59.917 0.067 G#2 15
60.017 0.067 G#2 15
60.117 0.117 E3 15
60.317 0.067 E3 15
60.417 0.117 F#2 15
60.617 0.067 F#2 15
60.717 0.117 G#2 15
60.917 0.067 G#2 15
61.017 0.117 A#2 15
61.217 0.067 A#2 15
61.317 0.100 A2 15
61.517 0.067 A2 15
61.617 0.067 A3 15
61.717 0.067 A2 15
61.817 0.067 A2 15
61.917 0.100 A2 15
62.117 0.067 A2 15
62.217 0.067 A3 15
62.317 0.067 A2 15
62.417 0.067 A2 15
62.517 0.100 A2 15
62.717 0.067 A2 15
62.817 0.067 A3 15
62.917 0.067 A2 15
63.017 0.067 A2 15
63.117 0.100 A2 15
63.317 0.067 A2 15
63.417 0.067 A3 15
63.517 0.067 A2 15
63.617 0.067 A2 15
63.717 0.100 B2 15
63.917 0.067 B2 15
64.017 0.067 B3 15
64.117 0.067 B2 15
64.217 0.067 B2 15
64.317 0.100 B2 15
64.517 0.067 B2 15
64.617 0.067 B3 15
64.717 0.067 B2 15
64.817 0.067 B2 15
64.917 0.067 B2 15
65.117 0.067 B2 15
65.217 0.067 B2 15
65.317 0.067 B2 15
65.417 0.067 B2 15
65.517 0.067 B2 15
65.617 0.067 B2 15
65.717 0.067 B2 15
65.817 0.067 B2 15
65.917 0.067 B2 15
66.017 0.067 B2 15
66.117 0.100 C#3 15
66.317 0.067 C#3 15
66.417 0.067 C#3 15
66.517 0.067 C#3 15
66.617 0.067 C#3 15
66.717 0.100 C#3 15
66.917 0.067 C#3 15
67.017 0.067 C#3 15
67.117 0.067 C#3 15
67.217 0.067 C#3 15
67.317 0.100 C#3 15
67.517 0.067 C#3 15
67.617 0.067 C#3 15
67.717 0.067 C#3 15
67.817 0.067 C#3 15
67.917 0.100 C#3 15
68.117 0.067 C#3 15
68.217 0.067 C#3 15
68.317 0.067 C#3 15
68.417 0.067 C#3 15
68.517 0.100 F#2 15
68.717 0.067 F#2 15
68.817 0.067 F#3 15
68.917 0.067 F#2 15
69.017 0.067 F#2 15
69.117 0.100 F#2 15
69.317 0.067 F#2 15
69.417 0.067 F#3 15
69.517 0.067 F#2 15
69.617 0.067 F#2 15
69.717 0.100 F#2 15
69.917 0.067 F#2 15
70.017 0.067 F#3 15
70.117 0.067 F#2 15
70.217 0.067 F#2 15
70.317 0.100 F#2 15
70.517 0.067 F#2 15
70.617 0.067 F#3 15
70.717 0.067 F#2 15
70.817 0.067 F#2 15
70.917 0.100 E3 15
71.117 0.067 E3 15
71.217 0.100 E3 15
71.417 0.067 E3 15
71.517 0.100 E3 15
71.717 0.067 E3 15
71.817 0.100 E3 15
72.017 0.067 E3 15
72.117 0.100 E3 15
72.317 0.067 E3 15
72.417 0.100 E3 15
72.617 0.067 E3 15
72.717 0.067 E3 15
72.917 0.067 E2 15
73.017 0.067 G#2 15
73.117 0.067 B2 15
73.217 0.067 E3 15
73.317 0.100 F#2 15
73.517 0.067 F#2 15
73.617 0.067 F#3 15
73.717 0.067 F#2 15
73.817 0.067 F#2 15
73.917 0.100 F#2 15
74.117 0.067 F#2 15
74.217 0.067 F#3 15
74.317 0.067 F#2 15
74.417 0.067 F#2 15
74.517 0.100 F#2 15
74.717 0.067 F#2 15
74.817 0.067 F#3 15
74.917 0.067 F#2 15
75.017 0.067 F#2 15
75.117 0.100 F#2 15
75.317 0.067 F#2 15
75.417 0.067 F#3 15
75.517 0.067 F#2 15
75.617 0.067 F#2 15
75.717 0.100 E3 15
75.917 0.067 E3 15
76.017 0.100 E3 15
76.217 0.067 E3 15
76.317 0.100 E3 15
76.517 0.067 E3 15
76.617 0.100 E3 15
76.817 0.067 E3 15
76.917 0.233 G3 15
77.217 0.233 D3 15
77.517 0.233 F3 15
77.817 0.217 C3 15
78.117 0.117 D3 15
78.317 0.067 D3 15
78.417 0.100 D3 15
78.617 0.067 D3 15
78.717 0.100 D3 15
78.917 0.067 D3 15
79.017 0.100 D3 15
79.217 0.067 D3 15
79.317 0.150 F3 15
79.517 0.150 F3 15
79.717 0.150 F3 15
79.917 0.150 C3 15
80.117 0.150 C3 15
80.317 0.150 C3 15
80.517 0.133 D3 15
80.717 0.067 D3 15
80.817 0.133 D3 15
81.017 0.067 D3 15
81.117 0.133 D3 15
81.317 0.067 D3 15
81.417 0.133 D3 15
81.617 0.067 D3 15
81.717 0.150 F3 15
81.917 0.150 F3 15
82.117 0.150 F3 15
82.317 0.150 G3 15
82.517 0.150 G3 15
82.717 0.150 G3 15
82.917 0.133 A3 15
83.117 0.067 A3 15
83.217 0.133 A3 15
83.417 0.067 A3 15
83.517 0.133 A3 15
83.717 0.067 A3 15
83.817 0.067 G3 15
83.917 0.067 G3 15
84.017 0.067 G3 15
84.117 0.133 A3 15
84.317 0.067 A3 15
84.417 0.133 A3 15
84.617 0.067 A3 15
84.717 0.133 A3 15
84.917 0.067 A3 15
85.017 0.067 G3 15
85.117 0.067 G3 15
85.217 0.067 G3 15
85.317 0.133 A3 15
85.517 0.067 A3 15
85.617 0.133 A3 15
85.817 0.067 A3 15
85.917 0.133 A3 15
86.117 0.067 A3 15
86.217 0.067 G3 15
86.317 0.067 G3 15
86.417 0.067 G3 15
86.517 0.200 A3 15
88.917 0.100 B2 15
89.117 0.067 B2 15
89.217 0.100 B2 15
89.417 0.067 B2 15
89.517 0.100 B2 15
89.717 0.067 B2 15
89.817 0.067 B2 15
89.917 0.067 F#2 15
90.017 0.067 B2 15
90.117 0.100 B2 15
90.317 0.067 B2 15
90.417 0.067 B2 15
90.517 0.067 F#2 15
90.617 0.067 B2 15
90.717 0.100 B2 15
90.917 0.067 B2 15
91.017 0.100 B2 15
91.217 0.067 B2 15
91.317 0.100 B2 15
91.517 0.067 B2 15
91.617 0.067 B1 15
91.717 0.067 F#2 15
91.817 0.067 B2 15
91.917 0.067 A1 15
92.017 0.067 E2 15
92.117 0.067 A2 15
92.217 0.067 E3 15
92.317 0.067 E3 15
92.417 0.067 E3 15
92.517 0.100 F#3 15
92.717 0.067 F#3 15
92.817 0.100 F#3 15
93.017 0.067 F#3 15
93.117 0.100 F#3 15
93.317 0.067 F#3 15
93.417 0.067 E3 15
93.517 0.067 E3 15
93.617 0.067 E3 15
93.717 0.100 F#3 15
93.917 0.067 F#3 15
94.017 0.100 F#3 15
94.217 0.067 F#3 15
94.317 0.100 F#3 15
94.517 0.067 F#3 15
94.617 0.067 F#2 15
94.717 0.067 B2 15
94.817 0.067 F#3 15
94.917 0.100 G#2 15
95.117 0.067 G#2 15
95.217 0.067 G#3 15
95.317 0.067 G#2 15
95.417 0.067 G#2 15
95.517 0.100 G#2 15
95.717 0.067 G#2 15
95.817 0.067 G#3 15
95.917 0.067 G#2 15
96.017 0.067 G#2 15
96.117 0.100 E3 15
96.317 0.067 E3 15
96.417 0.067 E3 15
96.517 0.067 E3 15
96.617 0.067 E3 15
96.717 0.100 F#3 15
96.917 0.067 F#3 15
97.017 0.067 F#3 15
97.117 0.067 F#3 15
97.217 0.067 F#3 15
97.317 0.100 G#2 15
97.517 0.067 G#2 15
97.617 0.067 G#3 15
97.717 0.067 G#2 15
97.817 0.067 G#2 15
97.917 0.100 G#2 15
98.117 0.067 G#2 15
98.217 0.067 G#3 15
98.317 0.067 G#2 15
98.417 0.067 G#2 15
98.517 0.117 E3 15
98.717 0.067 E3 15
98.817 0.117 F#2 15
99.017 0.067 F#2 15
99.117 0.117 G#2 15
99.317 0.067 G#2 15
99.417 0.117 A#2 15
99.617 0.067 A#2 15
99.717 0.100 A2 15
99.917 0.067 A2 15
100.017 0.067 A3 15
100.117 0.067 A2 15
100.217 0.067 A2 15
100.317 0.100 A2 15
100.517 0.067 A2 15
100.617 0.067 A3 15
100.717 0.067 A2 15
100.817 0.067 A2 15
100.917 0.100 A2 15
101.117 0.067 A2 15
101.217 0.067 A3 15
101.317 0.067 A2 15
101.417 0.067 A2 15
101.517 0.100 A2 15
101.717 0.067 A2 15
101.817 0.067 A3 15
101.917 0.067 A2 15
102.017 0.067 A2 15
102.117 0.100 B2 15
102.317 0.067 B2 15
102.417 0.067 B3 15
102.517 0.067 B2 15
102.617 0.067 B2 15
102.717 0.100 B2 15
102.917 0.067 B2 15
103.017 0.067 B3 15
103.117 0.067 B2 15
103.217 0.067 B2 15
103.317 0.067 B2 15
103.517 0.067 B2 15
103.617 0.067 B2 15
103.717 0.067 B2 15
103.817 0.067 B2 15
103.917 0.067 B2 15
104.017 0.067 B2 15
104.117 0.067 B2 15
104.217 0.067 B2 15
104.317 0.067 B2 15
104.417 0.067 B2 15
104.517 0.100 C#3 15
104.717 0.067 C#3 15
104.817 0.067 C#3 15
104.917 0.067 C#3 15
105.017 0.067 C#3 15
105.117 0.100 C#3 15
105.317 0.067 C#3 15
105.417 0.067 C#3 15
105.517 0.067 C#3 15
105.617 0.067 C#3 15
105.717 0.100 C#3 15
105.917 0.067 C#3 15
106.017 0.067 C#3 15
106.117 0.067 C#3 15
106.217 0.067 C#3 15
106.317 0.100 C#3 15
106.517 0.067 C#3 15
106.617 0.067 C#3 15
106.717 0.067 C#3 15
106.817 0.067 C#3 15
106.917 0.100 F#2 15
107.117 0.067 F#2 15
107.217 0.067 F#3 15
107.317 0.067 F#2 15
107.417 0.067 F#2 15
107.517 0.100 F#2 15
107.717 0.067 F#2 15
107.817 0.067 F#3 15
107.917 0.067 F#2 15
108.017 0.067 F#2 15
108.117 0.100 F#2 15
108.317 0.067 F#2 15
108.417 0.067 F#3 15
108.517 0.067 F#2 15
108.617 0.067 F#2 15
108.717 0.100 F#2 15
108.917 0.067 F#2 15
109.017 0.067 F#3 15
109.117 0.067 F#2 15
109.217 0.067 F#2 15
109.317 0.100 E3 15
109.517 0.067 E3 15
109.617 0.100 E3 15
109.817 0.067 E3 15
109.917 0.100 E3 15
110.117 0.067 E3 15
110.217 0.100 E3 15
110.417 0.067 E3 15
110.517 0.100 E3 15
110.717 0.067 E3 15
110.817 0.100 E3 15
111.017 0.067 E3 15
111.117 0.067 E3 15
111.317 0.067 E2 15
111.417 0.067 G#2 15
111.517 0.067 B2 15
111.617 0.067 E3 15
111.717 0.100 F#2 15
111.917 0.067 F#2 15
112.017 0.067 F#3 15
112.117 0.067 F#2 15
112.217 0.067 F#2 15
112.317 0.100 F#2 15
112.517 0.067 F#2 15
112.617 0.067 F#3 15
112.717 0.067 F#2 15
112.817 0.067 F#2 15
112.917 0.100 F#2 15
113.117 0.067 F#2 15
113.217 0.067 F#3 15
113.317 0.067 F#2 15
113.417 0.067 F#2 15
113.517 0.100 F#2 15
113.717 0.067 F#2 15
113.817 0.067 F#3 15
113.917 0.067 F#2 15
114.017 0.067 F#2 15
114.117 0.100 E3 15
114.317 0.067 E3 15
114.417 0.100 E3 15
114.617 0.067 E3 15
114.717 0.100 E3 15
114.917 0.067 E3 15
115.017 0.100 E3 15
115.217 0.067 E3 15
115.317 0.233 G3 15
115.617 0.233 D3 15
115.917 0.233 F3 15
116.217 0.233 C3 15
116.517 0.117 D3 15
116.717 0.067 D3 15
116.817 0.100 D3 15
117.017 0.067 D3 15
117.117 0.100 D3 15
117.317 0.067 D3 15
117.417 0.100 D3 15
117.617 0.067 D3 15
117.717 0.150 F3 15
117.917 0.150 F3 15
118.117 0.150 F3 15
118.317 0.150 C3 15
118.517 0.150 C3 15
118.717 0.150 C3 15
118.917 0.133 D3 15
119.117 0.067 D3 15
119.217 0.133 D3 15
119.417 0.067 D3 15
119.517 0.133 D3 15
119.717 0.067 D3 15
119.817 0.133 D3 15
120.017 0.067 D3 15
120.117 3.617 F3 15
Noise(1543)
time dur noise vol drum
0.017 0.017 7 7 snare_deep
0.033 0.017 8 5 tom_high
0.050 0.017 9 3 tom
0.067 0.033 10 2 tom_low
0.233 0.017 7 7 snare_deep
0.250 0.017 8 5 tom_high
0.267 0.033 9 3 tom
0.300 0.033 10 2 tom_low
0.683 0.017 7 7 snare_deep
0.700 0.017 8 5 tom_high
0.717 0.033 9 3 tom
0.750 0.033 10 2 tom_low
0.800 0.017 7 7 snare_deep
0.817 0.017 8 5 tom_high
0.833 0.017 9 3 tom
0.850 0.050 10 2 tom_low
0.917 0.017 7 7 snare_deep
0.933 0.017 8 5 tom_high
0.950 0.017 9 3 tom
0.967 0.033 10 2 tom_low
1.017 0.033 7 7 snare_deep
1.050 0.017 8 5 tom_high
1.067 0.017 9 3 tom
1.083 0.033 10 2 tom_low
1.367 0.017 7 7 snare_deep
1.383 0.017 8 5 tom_high
1.400 0.017 9 3 tom
1.417 0.033 10 2 tom_low
1.583 0.017 7 7 snare_deep
1.600 0.017 8 5 tom_high
1.617 0.033 9 3 tom
1.650 0.033 10 2 tom_low
1.917 0.033 7 7 snare_deep
1.950 0.017 8 5 tom_high
1.983 0.017 7 7 snare_deep
2.000 0.017 8 5 tom_high
2.033 0.017 7 7 snare_deep
2.050 0.017 8 5 tom_high
2.067 0.033 9 3 tom
2.100 0.033 10 2 tom_low
2.150 0.017 7 7 snare_deep
2.167 0.017 8 5 tom_high
2.183 0.017 9 3 tom
2.200 0.050 10 2 tom_low
2.267 0.017 7 7 snare_deep
2.283 0.017 8 5 tom_high
2.300 0.017 9 3 tom
2.317 0.033 10 2 tom_low
2.367 0.033 7 7 snare_deep
2.400 0.017 8 5 tom_high
2.417 0.017 9 3 tom
2.433 0.033 10 2 tom_low
2.717 0.017 7 7 snare_deep
2.733 0.017 8 5 tom_high
2.750 0.017 9 3 tom
2.767 0.033 10 2 tom_low
3.383 0.017 7 7 snare_deep
3.400 0.017 8 5 tom_high
3.417 0.033 9 3 tom
3.450 0.033 10 2 tom_low
3.500 0.017 7 7 snare_deep
3.517 0.017 8 5 tom_high
3.533 0.017 9 3 tom
3.550 0.050 10 2 tom_low
3.617 0.017 7 7 snare_deep
3.633 0.017 8 5 tom_high
3.650 0.017 9 3 tom
3.667 0.033 10 2 tom_low
4.067 0.017 7 7 snare_deep
4.083 0.017 8 5 tom_high
4.100 0.017 9 3 tom
4.117 0.033 10 2 tom_low
4.167 0.033 7 7 snare_deep
4.200 0.017 8 5 tom_high
4.217 0.017 9 3 tom
4.233 0.033 10 2 tom_low
4.283 0.017 7 7 snare_deep
4.300 0.017 8 5 tom_high
4.317 0.033 9 3 tom
4.350 0.033 10 2 tom_low
4.733 0.017 7 7 snare_deep
4.750 0.017 8 5 tom_high
4.767 0.033 9 3 tom
4.800 0.033 10 2 tom_low
4.850 0.017 7 7 snare_deep
4.867 0.017 8 5 tom_high
4.883 0.017 9 3 tom
4.900 0.050 10 2 tom_low
4.967 0.017 7 7 snare_deep
4.983 0.017 8 5 tom_high
5.000 0.017 9 3 tom
5.017 0.033 10 2 tom_low
5.300 0.017 7 7 snare_deep
5.317 0.017 8 5 tom_high
5.350 0.017 7 7 snare_deep
5.367 0.033 8 5 tom_high
5.417 0.017 7 7 snare_deep
5.433 0.017 8 5 tom_high
5.450 0.017 9 3 tom
5.467 0.033 10 2 tom_low
5.517 0.033 7 7 snare_deep
5.550 0.017 8 5 tom_high
5.567 0.017 9 3 tom
5.583 0.033 10 2 tom_low
5.633 0.017 7 7 snare_deep
5.650 0.017 8 5 tom_high
5.667 0.033 9 3 tom
5.700 0.033 10 2 tom_low
6.083 0.017 7 7 snare_deep
6.100 0.017 8 5 tom_high
6.117 0.033 9 3 tom
6.150 0.033 10 2 tom_low
6.200 0.017 7 7 snare_deep
6.217 0.017 8 5 tom_high
6.233 0.017 9 3 tom
6.250 0.050 10 2 tom_low
6.317 0.017 7 7 snare_deep
6.333 0.017 8 5 tom_high
6.350 0.017 9 3 tom
6.367 0.033 10 2 tom_low
6.417 0.033 7 7 snare_deep
6.450 0.017 8 5 tom_high
6.467 0.017 9 3 tom
6.483 0.033 10 2 tom_low
7.633 0.017 7 7 snare_deep
7.650 0.017 8 5 tom_high
7.667 0.017 9 3 tom
7.683 0.033 10 2 tom_low
8.233 0.017 7 7 snare_deep
8.250 0.017 8 5 tom_high
8.267 0.017 9 3 tom
8.283 0.033 10 2 tom_low
8.833 0.017 7 7 snare_deep
8.850 0.017 8 5 tom_high
8.867 0.017 9 3 tom
8.883 0.033 10 2 tom_low
9.433 0.017 7 7 snare_deep
9.450 0.017 8 5 tom_high
9.467 0.017 9 3 tom
9.483 0.033 10 2 tom_low
10.033 0.017 7 7 snare_deep
10.050 0.017 8 5 tom_high
10.067 0.017 9 3 tom
10.083 0.033 10 2 tom_low
10.633 0.017 7 7 snare_deep
10.650 0.017 8 5 tom_high
10.667 0.017 9 3 tom
10.683 0.033 10 2 tom_low
11.233 0.017 7 7 snare_deep
11.250 0.017 8 5 tom_high
11.267 0.017 9 3 tom
11.283 0.033 10 2 tom_low
11.533 0.017 7 7 snare_deep
11.550 0.017 8 5 tom_high
11.567 0.017 9 3 tom
11.583 0.033 10 2 tom_low
11.633 0.017 7 7 snare_deep
11.650 0.017 8 5 tom_high
11.667 0.017 9 3 tom
11.683 0.033 10 2 tom_low
11.733 0.017 7 7 snare_deep
11.750 0.017 8 5 tom_high
11.767 0.017 9 3 tom
11.783 0.033 10 2 tom_low
11.833 0.017 7 7 snare_deep
11.850 0.017 8 5 tom_high
11.867 0.017 9 3 tom
11.883 0.033 10 2 tom_low
11.933 0.017 7 7 snare_deep
11.950 0.017 8 5 tom_high
11.967 0.017 9 3 tom
11.983 0.033 10 2 tom_low
12.033 0.017 7 7 snare_deep
12.050 0.017 8 5 tom_high
12.067 0.017 9 3 tom
12.083 0.033 10 2 tom_low
12.433 0.017 7 7 snare_deep
12.450 0.017 8 5 tom_high
12.467 0.017 9 3 tom
12.483 0.033 10 2 tom_low
13.033 0.017 7 7 snare_deep
13.050 0.017 8 5 tom_high
13.067 0.017 9 3 tom
13.083 0.033 10 2 tom_low
13.633 0.017 7 7 snare_deep
13.650 0.017 8 5 tom_high
13.667 0.017 9 3 tom
13.683 0.033 10 2 tom_low
14.233 0.017 7 7 snare_deep
14.250 0.017 8 5 tom_high
14.267 0.017 9 3 tom
14.283 0.033 10 2 tom_low
14.833 0.017 7 7 snare_deep
14.850 0.017 8 5 tom_high
14.867 0.017 9 3 tom
14.883 0.033 10 2 tom_low
15.433 0.017 7 7 snare_deep
15.450 0.017 8 5 tom_high
15.467 0.017 9 3 tom
15.483 0.033 10 2 tom_low
16.033 0.017 7 7 snare_deep
16.050 0.017 8 5 tom_high
16.067 0.017 9 3 tom
16.083 0.033 10 2 tom_low
16.633 0.017 7 7 snare_deep
16.650 0.017 8 5 tom_high
16.667 0.017 9 3 tom
16.683 0.033 10 2 tom_low
17.233 0.017 7 7 snare_deep
17.250 0.017 8 5 tom_high
17.267 0.017 9 3 tom
17.283 0.033 10 2 tom_low
17.533 0.017 7 7 snare_deep
17.550 0.017 8 5 tom_high
17.567 0.017 9 3 tom
17.583 0.033 10 2 tom_low
17.633 0.017 7 7 snare_deep
17.650 0.017 8 5 tom_high
17.667 0.017 9 3 tom
17.683 0.033 10 2 tom_low
17.733 0.017 7 7 snare_deep
17.750 0.017 8 5 tom_high
17.767 0.017 9 3 tom
17.783 0.033 10 2 tom_low
17.833 0.017 7 7 snare_deep
17.850 0.017 8 5 tom_high
17.867 0.017 9 3 tom
17.883 0.033 10 2 tom_low
17.933 0.017 7 7 snare_deep
17.950 0.017 8 5 tom_high
17.967 0.017 9 3 tom
17.983 0.033 10 2 tom_low
18.033 0.017 7 7 snare_deep
18.050 0.017 8 5 tom_high
18.067 0.017 9 3 tom
18.083 0.033 10 2 tom_low
18.433 0.017 7 7 snare_deep
18.450 0.017 8 5 tom_high
18.467 0.017 9 3 tom
18.483 0.033 10 2 tom_low
19.033 0.017 7 7 snare_deep
19.050 0.017 8 5 tom_high
19.067 0.017 9 3 tom
19.083 0.033 10 2 tom_low
19.633 0.017 7 7 snare_deep
19.650 0.017 8 5 tom_high
19.667 0.017 9 3 tom
19.683 0.033 10 2 tom_low
20.233 0.017 7 7 snare_deep
20.250 0.017 8 5 tom_high
20.267 0.017 9 3 tom
20.283 0.033 10 2 tom_low
20.833 0.017 7 7 snare_deep
20.850 0.017 8 5 tom_high
20.867 0.017 9 3 tom
20.883 0.033 10 2 tom_low
21.433 0.017 7 7 snare_deep
21.450 0.017 8 5 tom_high
21.467 0.017 9 3 tom
21.483 0.033 10 2 tom_low
22.033 0.017 7 7 snare_deep
22.050 0.017 8 5 tom_high
22.067 0.017 9 3 tom
22.083 0.033 10 2 tom_low
22.333 0.017 7 7 snare_deep
22.350 0.017 8 5 tom_high
22.367 0.017 9 3 tom
22.383 0.033 10 2 tom_low
22.433 0.017 7 7 snare_deep
22.450 0.017 8 5 tom_high
22.467 0.017 9 3 tom
22.483 0.033 10 2 tom_low
22.533 0.017 7 7 snare_deep
22.550 0.017 8 5 tom_high
22.567 0.017 9 3 tom
22.583 0.033 10 2 tom_low
22.633 0.017 7 7 snare_deep
22.650 0.017 8 5 tom_high
22.667 0.017 9 3 tom
22.683 0.033 10 2 tom_low
22.733 0.017 7 7 snare_deep
22.750 0.017 8 5 tom_high
22.767 0.017 9 3 tom
22.783 0.033 10 2 tom_low
22.833 0.017 7 7 snare_deep
22.850 0.017 8 5 tom_high
22.867 0.017 9 3 tom
22.883 0.033 10 2 tom_low
23.233 0.017 7 7 snare_deep
23.250 0.017 8 5 tom_high
23.267 0.017 9 3 tom
23.283 0.033 10 2 tom_low
23.833 0.017 7 7 snare_deep
23.850 0.017 8 5 tom_high
23.867 0.017 9 3 tom
23.883 0.033 10 2 tom_low
24.433 0.017 7 7 snare_deep
24.450 0.017 8 5 tom_high
24.467 0.017 9 3 tom
24.483 0.033 10 2 tom_low
25.033 0.017 7 7 snare_deep
25.050 0.017 8 5 tom_high
25.067 0.017 9 3 tom
25.083 0.033 10 2 tom_low
25.633 0.017 7 7 snare_deep
25.650 0.017 8 5 tom_high
25.667 0.017 9 3 tom
25.683 0.033 10 2 tom_low
26.233 0.017 7 7 snare_deep
26.250 0.017 8 5 tom_high
26.267 0.017 9 3 tom
26.283 0.033 10 2 tom_low
26.833 0.017 7 7 snare_deep
26.850 0.017 8 5 tom_high
26.867 0.017 9 3 tom
26.883 0.033 10 2 tom_low
27.133 0.017 7 7 snare_deep
27.150 0.017 8 5 tom_high
27.167 0.017 9 3 tom
27.183 0.033 10 2 tom_low
27.233 0.017 7 7 snare_deep
27.250 0.017 8 5 tom_high
27.267 0.017 9 3 tom
27.283 0.033 10 2 tom_low
27.333 0.017 7 7 snare_deep
27.350 0.017 8 5 tom_high
27.367 0.017 9 3 tom
27.383 0.033 10 2 tom_low
27.433 0.017 7 7 snare_deep
27.450 0.017 8 5 tom_high
27.467 0.017 9 3 tom
27.483 0.033 10 2 tom_low
27.533 0.017 7 7 snare_deep
27.550 0.017 8 5 tom_high
27.567 0.017 9 3 tom
27.583 0.033 10 2 tom_low
27.633 0.017 7 7 snare_deep
27.650 0.017 8 5 tom_high
27.667 0.017 9 3 tom
27.683 0.033 10 2 tom_low
27.933 0.017 7 7 snare_deep
27.950 0.017 8 5 tom_high
27.967 0.017 9 3 tom
27.983 0.033 10 2 tom_low
28.033 0.017 7 7 snare_deep
28.050 0.017 8 5 tom_high
28.067 0.017 9 3 tom
28.083 0.033 10 2 tom_low
28.133 0.017 7 7 snare_deep
28.150 0.017 8 5 tom_high
28.167 0.017 9 3 tom
28.183 0.033 10 2 tom_low
28.233 0.017 7 7 snare_deep
28.250 0.017 8 5 tom_high
28.267 0.017 9 3 tom
28.283 0.033 10 2 tom_low
28.333 0.017 7 7 snare_deep
28.350 0.017 8 5 tom_high
28.367 0.017 9 3 tom
28.383 0.033 10 2 tom_low
28.533 0.017 7 7 snare_deep
28.550 0.017 8 5 tom_high
28.567 0.017 9 3 tom
28.583 0.033 10 2 tom_low
28.633 0.017 7 7 snare_deep
28.650 0.017 8 5 tom_high
28.667 0.017 9 3 tom
28.683 0.033 10 2 tom_low
28.733 0.017 7 7 snare_deep
28.750 0.017 8 5 tom_high
28.767 0.017 9 3 tom
28.783 0.033 10 2 tom_low
28.833 0.017 7 7 snare_deep
28.850 0.017 8 5 tom_high
28.867 0.017 9 3 tom
28.883 0.033 10 2 tom_low
29.133 0.017 7 7 snare_deep
29.150 0.017 8 5 tom_high
29.167 0.017 9 3 tom
29.183 0.033 10 2 tom_low
29.233 0.017 7 7 snare_deep
29.250 0.017 8 5 tom_high
29.267 0.017 9 3 tom
29.283 0.033 10 2 tom_low
29.333 0.017 7 7 snare_deep
29.350 0.017 8 5 tom_high
29.367 0.017 9 3 tom
29.383 0.033 10 2 tom_low
29.433 0.017 7 7 snare_deep
29.450 0.017 8 5 tom_high
29.467 0.017 9 3 tom
29.483 0.033 10 2 tom_low
29.533 0.017 7 7 snare_deep
29.550 0.017 8 5 tom_high
29.567 0.017 9 3 tom
29.583 0.033 10 2 tom_low
29.733 0.017 7 7 snare_deep
29.750 0.017 8 5 tom_high
29.767 0.017 9 3 tom
29.783 0.033 10 2 tom_low
29.933 0.017 7 7 snare_deep
29.950 0.017 8 5 tom_high
29.967 0.017 9 3 tom
29.983 0.033 10 2 tom_low
30.433 0.017 7 7 snare_deep
30.450 0.017 8 5 tom_high
30.467 0.017 9 3 tom
30.483 0.033 10 2 tom_low
31.033 0.017 7 7 snare_deep
31.050 0.017 8 5 tom_high
31.067 0.017 9 3 tom
31.083 0.033 10 2 tom_low
31.633 0.017 7 7 snare_deep
31.650 0.017 8 5 tom_high
31.667 0.017 9 3 tom
31.683 0.033 10 2 tom_low
32.233 0.017 7 7 snare_deep
32.250 0.017 8 5 tom_high
32.267 0.017 9 3 tom
32.283 0.033 10 2 tom_low
32.833 0.017 7 7 snare_deep
32.850 0.017 8 5 tom_high
32.867 0.017 9 3 tom
32.883 0.033 10 2 tom_low
33.433 0.017 7 7 snare_deep
33.450 0.017 8 5 tom_high
33.467 0.017 9 3 tom
33.483 0.033 10 2 tom_low
34.033 0.017 7 7 snare_deep
34.050 0.017 8 5 tom_high
34.067 0.017 9 3 tom
34.083 0.033 10 2 tom_low
34.633 0.017 7 7 snare_deep
34.650 0.017 8 5 tom_high
34.667 0.017 9 3 tom
34.683 0.033 10 2 tom_low
34.733 0.017 7 7 snare_deep
34.750 0.017 8 5 tom_high
34.767 0.017 9 3 tom
34.783 0.033 10 2 tom_low
34.833 0.017 7 7 snare_deep
34.850 0.017 8 5 tom_high
34.867 0.017 9 3 tom
34.883 0.033 10 2 tom_low
35.233 0.017 7 7 snare_deep
35.250 0.017 8 5 tom_high
35.267 0.017 9 3 tom
35.283 0.033 10 2 tom_low
35.833 0.017 7 7 snare_deep
35.850 0.017 8 5 tom_high
35.867 0.017 9 3 tom
35.883 0.033 10 2 tom_low
36.433 0.017 7 7 snare_deep
36.450 0.017 8 5 tom_high
36.467 0.017 9 3 tom
36.483 0.033 10 2 tom_low
37.033 0.017 7 7 snare_deep
37.050 0.017 8 5 tom_high
37.067 0.017 9 3 tom
37.083 0.033 10 2 tom_low
37.633 0.017 7 7 snare_deep
37.650 0.017 8 5 tom_high
37.667 0.017 9 3 tom
37.683 0.033 10 2 tom_low
38.233 0.017 7 7 snare_deep
38.250 0.017 8 5 tom_high
38.267 0.017 9 3 tom
38.283 0.033 10 2 tom_low
38.833 0.017 7 7 snare_deep
38.850 0.017 8 5 tom_high
38.867 0.017 9 3 tom
38.883 0.033 10 2 tom_low
38.933 0.017 7 7 snare_deep
38.950 0.017 8 5 tom_high
38.967 0.017 9 3 tom
38.983 0.033 10 2 tom_low
39.433 0.017 7 7 snare_deep
39.450 0.017 8 5 tom_high
39.467 0.017 9 3 tom
39.483 0.033 10 2 tom_low
39.533 0.017 7 7 snare_deep
39.550 0.017 8 5 tom_high
39.567 0.017 9 3 tom
39.583 0.033 10 2 tom_low
40.033 0.017 7 7 snare_deep
40.050 0.017 8 5 tom_high
40.067 0.017 9 3 tom
40.083 0.033 10 2 tom_low
40.633 0.017 7 7 snare_deep
40.650 0.017 8 5 tom_high
40.667 0.017 9 3 tom
40.683 0.033 10 2 tom_low
40.933 0.017 7 7 snare_deep
40.950 0.017 8 5 tom_high
40.967 0.017 9 3 tom
40.983 0.033 10 2 tom_low
41.133 0.017 7 7 snare_deep
41.150 0.017 8 5 tom_high
41.167 0.017 9 3 tom
41.183 0.033 10 2 tom_low
41.333 0.017 7 7 snare_deep
41.350 0.017 8 5 tom_high
41.367 0.017 9 3 tom
41.383 0.033 10 2 tom_low
41.533 0.017 7 7 snare_deep
41.550 0.017 8 5 tom_high
41.567 0.017 9 3 tom
41.583 0.033 10 2 tom_low
41.633 0.017 7 7 snare_deep
41.650 0.017 8 5 tom_high
41.667 0.017 9 3 tom
41.683 0.033 10 2 tom_low
41.733 0.017 7 7 snare_deep
41.750 0.017 8 5 tom_high
41.767 0.017 9 3 tom
41.783 0.033 10 2 tom_low
42.433 0.017 7 7 snare_deep
42.450 0.017 8 5 tom_high
42.467 0.017 9 3 tom
42.483 0.033 10 2 tom_low
43.033 0.017 7 7 snare_deep
43.050 0.017 8 5 tom_high
43.067 0.017 9 3 tom
43.083 0.033 10 2 tom_low
43.333 0.017 7 7 snare_deep
43.350 0.017 8 5 tom_high
43.367 0.017 9 3 tom
43.383 0.033 10 2 tom_low
43.533 0.017 7 7 snare_deep
43.550 0.017 8 5 tom_high
43.567 0.017 9 3 tom
43.583 0.033 10 2 tom_low
43.733 0.017 7 7 snare_deep
43.750 0.017 8 5 tom_high
43.767 0.017 9 3 tom
43.783 0.033 10 2 tom_low
43.933 0.017 7 7 snare_deep
43.950 0.017 8 5 tom_high
43.967 0.017 9 3 tom
43.983 0.033 10 2 tom_low
44.033 0.017 7 7 snare_deep
44.050 0.017 8 5 tom_high
44.067 0.017 9 3 tom
44.083 0.033 10 2 tom_low
44.133 0.017 7 7 snare_deep
44.150 0.017 8 5 tom_high
44.167 0.017 9 3 tom
44.183 0.033 10 2 tom_low
44.833 0.017 7 7 snare_deep
44.850 0.017 8 5 tom_high
44.867 0.017 9 3 tom
44.883 0.033 10 2 tom_low
45.033 0.017 7 7 snare_deep
45.050 0.017 8 5 tom_high
45.067 0.017 9 3 tom
45.083 0.033 10 2 tom_low
45.133 0.017 7 7 snare_deep
45.150 0.017 8 5 tom_high
45.167 0.017 9 3 tom
45.183 0.033 10 2 tom_low
45.233 0.017 7 7 snare_deep
45.250 0.017 8 5 tom_high
45.267 0.017 9 3 tom
45.283 0.033 10 2 tom_low
45.333 0.017 7 7 snare_deep
45.350 0.017 8 5 tom_high
45.367 0.017 9 3 tom
45.383 0.033 10 2 tom_low
46.033 0.017 7 7 snare_deep
46.050 0.017 8 5 tom_high
46.067 0.017 9 3 tom
46.083 0.033 10 2 tom_low
46.233 0.017 7 7 snare_deep
46.250 0.017 8 5 tom_high
46.267 0.017 9 3 tom
46.283 0.033 10 2 tom_low
46.333 0.017 7 7 snare_deep
46.350 0.017 8 5 tom_high
46.367 0.017 9 3 tom
46.383 0.033 10 2 tom_low
46.433 0.017 7 7 snare_deep
46.450 0.017 8 5 tom_high
46.467 0.017 9 3 tom
46.483 0.033 10 2 tom_low
46.533 0.017 7 7 snare_deep
46.550 0.017 8 5 tom_high
46.567 0.017 9 3 tom
46.583 0.033 10 2 tom_low
47.233 0.017 7 7 snare_deep
47.250 0.017 8 5 tom_high
47.267 0.017 9 3 tom
47.283 0.033 10 2 tom_low
47.433 0.017 7 7 snare_deep
47.450 0.017 8 5 tom_high
47.467 0.017 9 3 tom
47.483 0.033 10 2 tom_low
47.533 0.017 7 7 snare_deep
47.550 0.017 8 5 tom_high
47.567 0.017 9 3 tom
47.583 0.033 10 2 tom_low
47.633 0.017 7 7 snare_deep
47.650 0.017 8 5 tom_high
47.667 0.017 9 3 tom
47.683 0.033 10 2 tom_low
47.733 0.017 7 7 snare_deep
47.750 0.017 8 5 tom_high
47.767 0.017 9 3 tom
47.783 0.033 10 2 tom_low
48.333 0.017 7 7 snare_deep
48.350 0.017 8 5 tom_high
48.367 0.017 9 3 tom
48.383 0.033 10 2 tom_low
48.433 0.017 7 7 snare_deep
48.450 0.017 8 5 tom_high
48.467 0.017 9 3 tom
48.483 0.033 10 2 tom_low
48.533 0.017 7 7 snare_deep
48.550 0.017 8 5 tom_high
48.567 0.017 9 3 tom
48.583 0.033 10 2 tom_low
48.633 0.017 7 7 snare_deep
48.650 0.017 8 5 tom_high
48.667 0.017 9 3 tom
48.683 0.033 10 2 tom_low
48.733 0.017 7 7 snare_deep
48.750 0.017 8 5 tom_high
48.767 0.017 9 3 tom
48.783 0.033 10 2 tom_low
48.933 0.017 7 7 snare_deep
48.950 0.017 8 5 tom_high
48.967 0.017 9 3 tom
48.983 0.033 10 2 tom_low
49.033 0.017 7 7 snare_deep
49.050 0.017 8 5 tom_high
49.067 0.017 9 3 tom
49.083 0.033 10 2 tom_low
49.133 0.017 7 7 snare_deep
49.150 0.017 8 5 tom_high
49.167 0.017 9 3 tom
49.183 0.033 10 2 tom_low
49.233 0.017 7 7 snare_deep
49.250 0.017 8 5 tom_high
49.267 0.017 9 3 tom
49.283 0.033 10 2 tom_low
49.333 0.017 7 7 snare_deep
49.350 0.017 8 5 tom_high
49.367 0.017 9 3 tom
49.383 0.033 10 2 tom_low
49.533 0.017 7 7 snare_deep
49.550 0.017 8 5 tom_high
49.567 0.017 9 3 tom
49.583 0.033 10 2 tom_low
49.633 0.017 7 7 snare_deep
49.650 0.017 8 5 tom_high
49.667 0.017 9 3 tom
49.683 0.033 10 2 tom_low
49.733 0.017 7 7 snare_deep
49.750 0.017 8 5 tom_high
49.767 0.017 9 3 tom
49.783 0.033 10 2 tom_low
49.833 0.017 7 7 snare_deep
49.850 0.017 8 5 tom_high
49.867 0.017 9 3 tom
49.883 0.033 10 2 tom_low
49.933 0.017 7 7 snare_deep
49.950 0.017 8 5 tom_high
49.967 0.017 9 3 tom
49.983 0.033 10 2 tom_low
50.133 0.017 7 7 snare_deep
50.150 0.017 8 5 tom_high
50.167 0.017 9 3 tom
50.183 0.033 10 2 tom_low
50.233 0.017 7 7 snare_deep
50.250 0.017 8 5 tom_high
50.267 0.017 9 3 tom
50.283 0.033 10 2 tom_low
50.333 0.017 7 7 snare_deep
50.350 0.017 8 5 tom_high
50.367 0.017 9 3 tom
50.383 0.033 10 2 tom_low
50.433 0.017 7 7 snare_deep
50.450 0.017 8 5 tom_high
50.467 0.017 9 3 tom
50.483 0.033 10 2 tom_low
50.833 0.017 7 7 snare_deep
50.850 0.017 8 5 tom_high
50.867 0.017 9 3 tom
50.883 0.033 10 2 tom_low
51.433 0.017 7 7 snare_deep
51.450 0.017 8 5 tom_high
51.467 0.017 9 3 tom
51.483 0.033 10 2 tom_low
52.033 0.017 7 7 snare_deep
52.050 0.017 8 5 tom_high
52.067 0.017 9 3 tom
52.083 0.033 10 2 tom_low
52.633 0.017 7 7 snare_deep
52.650 0.017 8 5 tom_high
52.667 0.017 9 3 tom
52.683 0.033 10 2 tom_low
53.233 0.017 7 7 snare_deep
53.250 0.017 8 5 tom_high
53.267 0.017 9 3 tom
53.283 0.033 10 2 tom_low
53.833 0.017 7 7 snare_deep
53.850 0.017 8 5 tom_high
53.867 0.017 9 3 tom
53.883 0.033 10 2 tom_low
54.433 0.017 7 7 snare_deep
54.450 0.017 8 5 tom_high
54.467 0.017 9 3 tom
54.483 0.033 10 2 tom_low
55.033 0.017 7 7 snare_deep
55.050 0.017 8 5 tom_high
55.067 0.017 9 3 tom
55.083 0.033 10 2 tom_low
55.633 0.017 7 7 snare_deep
55.650 0.017 8 5 tom_high
55.667 0.017 9 3 tom
55.683 0.033 10 2 tom_low
55.933 0.017 7 7 snare_deep
55.950 0.017 8 5 tom_high
55.967 0.017 9 3 tom
55.983 0.033 10 2 tom_low
56.033 0.017 7 7 snare_deep
56.050 0.017 8 5 tom_high
56.067 0.017 9 3 tom
56.083 0.033 10 2 tom_low
56.133 0.017 7 7 snare_deep
56.150 0.017 8 5 tom_high
56.167 0.017 9 3 tom
56.183 0.033 10 2 tom_low
56.233 0.017 7 7 snare_deep
56.250 0.017 8 5 tom_high
56.267 0.017 9 3 tom
56.283 0.033 10 2 tom_low
56.333 0.017 7 7 snare_deep
56.350 0.017 8 5 tom_high
56.367 0.017 9 3 tom
56.383 0.033 10 2 tom_low
56.433 0.017 7 7 snare_deep
56.450 0.017 8 5 tom_high
56.467 0.017 9 3 tom
56.483 0.033 10 2 tom_low
56.833 0.017 7 7 snare_deep
56.850 0.017 8 5 tom_high
56.867 0.017 9 3 tom
56.883 0.033 10 2 tom_low
57.433 0.017 7 7 snare_deep
57.450 0.017 8 5 tom_high
57.467 0.017 9 3 tom
57.483 0.033 10 2 tom_low
58.033 0.017 7 7 snare_deep
58.050 0.017 8 5 tom_high
58.067 0.017 9 3 tom
58.083 0.033 10 2 tom_low
58.633 0.017 7 7 snare_deep
58.650 0.017 8 5 tom_high
58.667 0.017 9 3 tom
58.683 0.033 10 2 tom_low
59.233 0.017 7 7 snare_deep
59.250 0.017 8 5 tom_high
59.267 0.017 9 3 tom
59.283 0.033 10 2 tom_low
59.833 0.017 7 7 snare_deep
59.850 0.017 8 5 tom_high
59.867 0.017 9 3 tom
59.883 0.033 10 2 tom_low
60.433 0.017 7 7 snare_deep
60.450 0.017 8 5 tom_high
60.467 0.017 9 3 tom
60.483 0.033 10 2 tom_low
60.733 0.017 7 7 snare_deep
60.750 0.017 8 5 tom_high
60.767 0.017 9 3 tom
60.783 0.033 10 2 tom_low
60.833 0.017 7 7 snare_deep
60.850 0.017 8 5 tom_high
60.867 0.017 9 3 tom
60.883 0.033 10 2 tom_low
60.933 0.017 7 7 snare_deep
60.950 0.017 8 5 tom_high
60.967 0.017 9 3 tom
60.983 0.033 10 2 tom_low
61.033 0.017 7 7 snare_deep
61.050 0.017 8 5 tom_high
61.067 0.017 9 3 tom
61.083 0.033 10 2 tom_low
61.133 0.017 7 7 snare_deep
61.150 0.017 8 5 tom_high
61.167 0.017 9 3 tom
61.183 0.033 10 2 tom_low
61.233 0.017 7 7 snare_deep
61.250 0.017 8 5 tom_high
61.267 0.017 9 3 tom
61.283 0.033 10 2 tom_low
61.633 0.017 7 7 snare_deep
61.650 0.017 8 5 tom_high
61.667 0.017 9 3 tom
61.683 0.033 10 2 tom_low
62.233 0.017 7 7 snare_deep
62.250 0.017 8 5 tom_high
62.267 0.017 9 3 tom
62.283 0.033 10 2 tom_low
62.833 0.017 7 7 snare_deep
62.850 0.017 8 5 tom_high
62.867 0.017 9 3 tom
62.883 0.033 10 2 tom_low
63.433 0.017 7 7 snare_deep
63.450 0.017 8 5 tom_high
63.467 0.017 9 3 tom
63.483 0.033 10 2 tom_low
64.033 0.017 7 7 snare_deep
64.050 0.017 8 5 tom_high
64.067 0.017 9 3 tom
64.083 0.033 10 2 tom_low
64.633 0.017 7 7 snare_deep
64.650 0.017 8 5 tom_high
64.667 0.017 9 3 tom
64.683 0.033 10 2 tom_low
65.233 0.017 7 7 snare_deep
65.250 0.017 8 5 tom_high
65.267 0.017 9 3 tom
65.283 0.033 10 2 tom_low
65.533 0.017 7 7 snare_deep
65.550 0.017 8 5 tom_high
65.567 0.017 9 3 tom
65.583 0.033 10 2 tom_low
65.633 0.017 7 7 snare_deep
65.650 0.017 8 5 tom_high
65.667 0.017 9 3 tom
65.683 0.033 10 2 tom_low
65.733 0.017 7 7 snare_deep
65.750 0.017 8 5 tom_high
65.767 0.017 9 3 tom
65.783 0.033 10 2 tom_low
65.833 0.017 7 7 snare_deep
65.850 0.017 8 5 tom_high
65.867 0.017 9 3 tom
65.883 0.033 10 2 tom_low
65.933 0.017 7 7 snare_deep
65.950 0.017 8 5 tom_high
65.967 0.017 9 3 tom
65.983 0.033 10 2 tom_low
66.033 0.017 7 7 snare_deep
66.050 0.017 8 5 tom_high
66.067 0.017 9 3 tom
66.083 0.033 10 2 tom_low
66.333 0.017 7 7 snare_deep
66.350 0.017 8 5 tom_high
66.367 0.017 9 3 tom
66.383 0.033 10 2 tom_low
66.433 0.017 7 7 snare_deep
66.450 0.017 8 5 tom_high
66.467 0.017 9 3 tom
66.483 0.033 10 2 tom_low
66.533 0.017 7 7 snare_deep
66.550 0.017 8 5 tom_high
66.567 0.017 9 3 tom
66.583 0.033 10 2 tom_low
66.633 0.017 7 7 snare_deep
66.650 0.017 8 5 tom_high
66.667 0.017 9 3 tom
66.683 0.033 10 2 tom_low
66.733 0.017 7 7 snare_deep
66.750 0.017 8 5 tom_high
66.767 0.017 9 3 tom
66.783 0.033 10 2 tom_low
66.933 0.017 7 7 snare_deep
66.950 0.017 8 5 tom_high
66.967 0.017 9 3 tom
66.983 0.033 10 2 tom_low
67.033 0.017 7 7 snare_deep
67.050 0.017 8 5 tom_high
67.067 0.017 9 3 tom
67.083 0.033 10 2 tom_low
67.133 0.017 7 7 snare_deep
67.150 0.017 8 5 tom_high
67.167 0.017 9 3 tom
67.183 0.033 10 2 tom_low
67.233 0.017 7 7 snare_deep
67.250 0.017 8 5 tom_high
67.267 0.017 9 3 tom
67.283 0.033 10 2 tom_low
67.533 0.017 7 7 snare_deep
67.550 0.017 8 5 tom_high
67.567 0.017 9 3 tom
67.583 0.033 10 2 tom_low
67.633 0.017 7 7 snare_deep
67.650 0.017 8 5 tom_high
67.667 0.017 9 3 tom
67.683 0.033 10 2 tom_low
67.733 0.017 7 7 snare_deep
67.750 0.017 8 5 tom_high
67.767 0.017 9 3 tom
67.783 0.033 10 2 tom_low
67.833 0.017 7 7 snare_deep
67.850 0.017 8 5 tom_high
67.867 0.017 9 3 tom
67.883 0.033 10 2 tom_low
67.933 0.017 7 7 snare_deep
67.950 0.017 8 5 tom_high
67.967 0.017 9 3 tom
67.983 0.033 10 2 tom_low
68.133 0.017 7 7 snare_deep
68.150 0.017 8 5 tom_high
68.167 0.017 9 3 tom
68.183 0.033 10 2 tom_low
68.333 0.017 7 7 snare_deep
68.350 0.017 8 5 tom_high
68.367 0.017 9 3 tom
68.383 0.033 10 2 tom_low
68.833 0.017 7 7 snare_deep
68.850 0.017 8 5 tom_high
68.867 0.017 9 3 tom
68.883 0.033 10 2 tom_low
69.433 0.017 7 7 snare_deep
69.450 0.017 8 5 tom_high
69.467 0.017 9 3 tom
69.483 0.033 10 2 tom_low
70.033 0.017 7 7 snare_deep
70.050 0.017 8 5 tom_high
70.067 0.017 9 3 tom
70.083 0.033 10 2 tom_low
70.633 0.017 7 7 snare_deep
70.650 0.017 8 5 tom_high
70.667 0.017 9 3 tom
70.683 0.033 10 2 tom_low
71.233 0.017 7 7 snare_deep
71.250 0.017 8 5 tom_high
71.267 0.017 9 3 tom
71.283 0.033 10 2 tom_low
71.833 0.017 7 7 snare_deep
71.850 0.017 8 5 tom_high
71.867 0.017 9 3 tom
71.883 0.033 10 2 tom_low
72.433 0.017 7 7 snare_deep
72.450 0.017 8 5 tom_high
72.467 0.017 9 3 tom
72.483 0.033 10 2 tom_low
73.033 0.017 7 7 snare_deep
73.050 0.017 8 5 tom_high
73.067 0.017 9 3 tom
73.083 0.033 10 2 tom_low
73.133 0.017 7 7 snare_deep
73.150 0.017 8 5 tom_high
73.167 0.017 9 3 tom
73.183 0.033 10 2 tom_low
73.233 0.017 7 7 snare_deep
73.250 0.017 8 5 tom_high
73.267 0.017 9 3 tom
73.283 0.033 10 2 tom_low
73.633 0.017 7 7 snare_deep
73.650 0.017 8 5 tom_high
73.667 0.017 9 3 tom
73.683 0.033 10 2 tom_low
74.233 0.017 7 7 snare_deep
74.250 0.017 8 5 tom_high
74.267 0.017 9 3 tom
74.283 0.033 10 2 tom_low
74.833 0.017 7 7 snare_deep
74.850 0.017 8 5 tom_high
74.867 0.017 9 3 tom
74.883 0.033 10 2 tom_low
75.433 0.017 7 7 snare_deep
75.450 0.017 8 5 tom_high
75.467 0.017 9 3 tom
75.483 0.033 10 2 tom_low
76.033 0.017 7 7 snare_deep
76.050 0.017 8 5 tom_high
76.067 0.017 9 3 tom
76.083 0.033 10 2 tom_low
76.633 0.017 7 7 snare_deep
76.650 0.017 8 5 tom_high
76.667 0.017 9 3 tom
76.683 0.033 10 2 tom_low
77.233 0.017 7 7 snare_deep
77.250 0.017 8 5 tom_high
77.267 0.017 9 3 tom
77.283 0.033 10 2 tom_low
77.333 0.017 7 7 snare_deep
77.350 0.017 8 5 tom_high
77.367 0.017 9 3 tom
77.383 0.033 10 2 tom_low
77.833 0.017 7 7 snare_deep
77.850 0.017 8 5 tom_high
77.867 0.017 9 3 tom
77.883 0.033 10 2 tom_low
77.933 0.017 7 7 snare_deep
77.950 0.017 8 5 tom_high
77.967 0.017 9 3 tom
77.983 0.033 10 2 tom_low
78.433 0.017 7 7 snare_deep
78.450 0.017 8 5 tom_high
78.467 0.017 9 3 tom
78.483 0.033 10 2 tom_low
79.033 0.017 7 7 snare_deep
79.050 0.017 8 5 tom_high
79.067 0.017 9 3 tom
79.083 0.033 10 2 tom_low
79.333 0.017 7 7 snare_deep
79.350 0.017 8 5 tom_high
79.367 0.017 9 3 tom
79.383 0.033 10 2 tom_low
79.533 0.017 7 7 snare_deep
79.550 0.017 8 5 tom_high
79.567 0.017 9 3 tom
79.583 0.033 10 2 tom_low
79.733 0.017 7 7 snare_deep
79.750 0.017 8 5 tom_high
79.767 0.017 9 3 tom
79.783 0.033 10 2 tom_low
79.933 0.017 7 7 snare_deep
79.950 0.017 8 5 tom_high
79.967 0.017 9 3 tom
79.983 0.033 10 2 tom_low
80.033 0.017 7 7 snare_deep
80.050 0.017 8 5 tom_high
80.067 0.017 9 3 tom
80.083 0.033 10 2 tom_low
80.133 0.017 7 7 snare_deep
80.150 0.017 8 5 tom_high
80.167 0.017 9 3 tom
80.183 0.033 10 2 tom_low
80.833 0.017 7 7 snare_deep
80.850 0.017 8 5 tom_high
80.867 0.017 9 3 tom
80.883 0.033 10 2 tom_low
81.433 0.017 7 7 snare_deep
81.450 0.017 8 5 tom_high
81.467 0.017 9 3 tom
81.483 0.033 10 2 tom_low
81.733 0.017 7 7 snare_deep
81.750 0.017 8 5 tom_high
81.767 0.017 9 3 tom
81.783 0.033 10 2 tom_low
81.933 0.017 7 7 snare_deep
81.950 0.017 8 5 tom_high
81.967 0.017 9 3 tom
81.983 0.033 10 2 tom_low
82.133 0.017 7 7 snare_deep
82.150 0.017 8 5 tom_high
82.167 0.017 9 3 tom
82.183 0.033 10 2 tom_low
82.333 0.017 7 7 snare_deep
82.350 0.017 8 5 tom_high
82.367 0.017 9 3 tom
82.383 0.033 10 2 tom_low
82.433 0.017 7 7 snare_deep
82.450 0.017 8 5 tom_high
82.467 0.017 9 3 tom
82.483 0.033 10 2 tom_low
82.533 0.017 7 7 snare_deep
82.550 0.017 8 5 tom_high
82.567 0.017 9 3 tom
82.583 0.033 10 2 tom_low
83.233 0.017 7 7 snare_deep
83.250 0.017 8 5 tom_high
83.267 0.017 9 3 tom
83.283 0.033 10 2 tom_low
83.433 0.017 7 7 snare_deep
83.450 0.017 8 5 tom_high
83.467 0.017 9 3 tom
83.483 0.033 10 2 tom_low
83.533 0.017 7 7 snare_deep
83.550 0.017 8 5 tom_high
83.567 0.017 9 3 tom
83.583 0.033 10 2 tom_low
83.633 0.017 7 7 snare_deep
83.650 0.017 8 5 tom_high
83.667 0.017 9 3 tom
83.683 0.033 10 2 tom_low
83.733 0.017 7 7 snare_deep
83.750 0.017 8 5 tom_high
83.767 0.017 9 3 tom
83.783 0.033 10 2 tom_low
84.433 0.017 7 7 snare_deep
84.450 0.017 8 5 tom_high
84.467 0.017 9 3 tom
84.483 0.033 10 2 tom_low
84.633 0.017 7 7 snare_deep
84.650 0.017 8 5 tom_high
84.667 0.017 9 3 tom
84.683 0.033 10 2 tom_low
84.733 0.017 7 7 snare_deep
84.750 0.017 8 5 tom_high
84.767 0.017 9 3 tom
84.783 0.033 10 2 tom_low
84.833 0.017 7 7 snare_deep
84.850 0.017 8 5 tom_high
84.867 0.017 9 3 tom
84.883 0.033 10 2 tom_low
84.933 0.017 7 7 snare_deep
84.950 0.017 8 5 tom_high
84.967 0.017 9 3 tom
84.983 0.033 10 2 tom_low
85.633 0.017 7 7 snare_deep
85.650 0.017 8 5 tom_high
85.667 0.017 9 3 tom
85.683 0.033 10 2 tom_low
85.833 0.017 7 7 snare_deep
85.850 0.017 8 5 tom_high
85.867 0.017 9 3 tom
85.883 0.033 10 2 tom_low
85.933 0.017 7 7 snare_deep
85.950 0.017 8 5 tom_high
85.967 0.017 9 3 tom
85.983 0.033 10 2 tom_low
86.033 0.017 7 7 snare_deep
86.050 0.017 8 5 tom_high
86.067 0.017 9 3 tom
86.083 0.033 10 2 tom_low
86.133 0.017 7 7 snare_deep
86.150 0.017 8 5 tom_high
86.167 0.017 9 3 tom
86.183 0.033 10 2 tom_low
86.733 0.017 7 7 snare_deep
86.750 0.017 8 5 tom_high
86.767 0.017 9 3 tom
86.783 0.033 10 2 tom_low
86.833 0.017 7 7 snare_deep
86.850 0.017 8 5 tom_high
86.867 0.017 9 3 tom
86.883 0.033 10 2 tom_low
86.933 0.017 7 7 snare_deep
86.950 0.017 8 5 tom_high
86.967 0.017 9 3 tom
86.983 0.033 10 2 tom_low
87.033 0.017 7 7 snare_deep
87.050 0.017 8 5 tom_high
87.067 0.017 9 3 tom
87.083 0.033 10 2 tom_low
87.133 0.017 7 7 snare_deep
87.150 0.017 8 5 tom_high
87.167 0.017 9 3 tom
87.183 0.033 10 2 tom_low
87.333 0.017 7 7 snare_deep
87.350 0.017 8 5 tom_high
87.367 0.017 9 3 tom
87.383 0.033 10 2 tom_low
87.433 0.017 7 7 snare_deep
87.450 0.017 8 5 tom_high
87.467 0.017 9 3 tom
87.483 0.033 10 2 tom_low
87.533 0.017 7 7 snare_deep
87.550 0.017 8 5 tom_high
87.567 0.017 9 3 tom
87.583 0.033 10 2 tom_low
87.633 0.017 7 7 snare_deep
87.650 0.017 8 5 tom_high
87.667 0.017 9 3 tom
87.683 0.033 10 2 tom_low
87.733 0.017 7 7 snare_deep
87.750 0.017 8 5 tom_high
87.767 0.017 9 3 tom
87.783 0.033 10 2 tom_low
87.933 0.017 7 7 snare_deep
87.950 0.017 8 5 tom_high
87.967 0.017 9 3 tom
87.983 0.033 10 2 tom_low
88.033 0.017 7 7 snare_deep
88.050 0.017 8 5 tom_high
88.067 0.017 9 3 tom
88.083 0.033 10 2 tom_low
88.133 0.017 7 7 snare_deep
88.150 0.017 8 5 tom_high
88.167 0.017 9 3 tom
88.183 0.033 10 2 tom_low
88.233 0.017 7 7 snare_deep
88.250 0.017 8 5 tom_high
88.267 0.017 9 3 tom
88.283 0.033 10 2 tom_low
88.333 0.017 7 7 snare_deep
88.350 0.017 8 5 tom_high
88.367 0.017 9 3 tom
88.383 0.033 10 2 tom_low
88.533 0.017 7 7 snare_deep
88.550 0.017 8 5 tom_high
88.567 0.017 9 3 tom
88.583 0.033 10 2 tom_low
88.633 0.017 7 7 snare_deep
88.650 0.017 8 5 tom_high
88.667 0.017 9 3 tom
88.683 0.033 10 2 tom_low
88.733 0.017 7 7 snare_deep
88.750 0.017 8 5 tom_high
88.767 0.017 9 3 tom
88.783 0.033 10 2 tom_low
88.833 0.017 7 7 snare_deep
88.850 0.017 8 5 tom_high
88.867 0.017 9 3 tom
88.883 0.033 10 2 tom_low
89.233 0.017 7 7 snare_deep
89.250 0.017 8 5 tom_high
89.267 0.017 9 3 tom
89.283 0.033 10 2 tom_low
89.833 0.017 7 7 snare_deep
89.850 0.017 8 5 tom_high
89.867 0.017 9 3 tom
89.883 0.033 10 2 tom_low
90.433 0.017 7 7 snare_deep
90.450 0.017 8 5 tom_high
90.467 0.017 9 3 tom
90.483 0.033 10 2 tom_low
91.033 0.017 7 7 snare_deep
91.050 0.017 8 5 tom_high
91.067 0.017 9 3 tom
91.083 0.033 10 2 tom_low
91.633 0.017 7 7 snare_deep
91.650 0.017 8 5 tom_high
91.667 0.017 9 3 tom
91.683 0.033 10 2 tom_low
92.233 0.017 7 7 snare_deep
92.250 0.017 8 5 tom_high
92.267 0.017 9 3 tom
92.283 0.033 10 2 tom_low
92.833 0.017 7 7 snare_deep
92.850 0.017 8 5 tom_high
92.867 0.017 9 3 tom
92.883 0.033 10 2 tom_low
93.433 0.017 7 7 snare_deep
93.450 0.017 8 5 tom_high
93.467 0.017 9 3 tom
93.483 0.033 10 2 tom_low
94.033 0.017 7 7 snare_deep
94.050 0.017 8 5 tom_high
94.067 0.017 9 3 tom
94.083 0.033 10 2 tom_low
94.333 0.017 7 7 snare_deep
94.350 0.017 8 5 tom_high
94.367 0.017 9 3 tom
94.383 0.033 10 2 tom_low
94.433 0.017 7 7 snare_deep
94.450 0.017 8 5 tom_high
94.467 0.017 9 3 tom
94.483 0.033 10 2 tom_low
94.533 0.017 7 7 snare_deep
94.550 0.017 8 5 tom_high
94.567 0.017 9 3 tom
94.583 0.033 10 2 tom_low
94.633 0.017 7 7 snare_deep
94.650 0.017 8 5 tom_high
94.667 0.017 9 3 tom
94.683 0.033 10 2 tom_low
94.733 0.017 7 7 snare_deep
94.750 0.017 8 5 tom_high
94.767 0.017 9 3 tom
94.783 0.033 10 2 tom_low
94.833 0.017 7 7 snare_deep
94.850 0.017 8 5 tom_high
94.867 0.017 9 3 tom
94.883 0.033 10 2 tom_low
95.233 0.017 7 7 snare_deep
95.250 0.017 8 5 tom_high
95.267 0.017 9 3 tom
95.283 0.033 10 2 tom_low
95.833 0.017 7 7 snare_deep
95.850 0.017 8 5 tom_high
95.867 0.017 9 3 tom
95.883 0.033 10 2 tom_low
96.433 0.017 7 7 snare_deep
96.450 0.017 8 5 tom_high
96.467 0.017 9 3 tom
96.483 0.033 10 2 tom_low
97.033 0.017 7 7 snare_deep
97.050 0.017 8 5 tom_high
97.067 0.017 9 3 tom
97.083 0.033 10 2 tom_low
97.633 0.017 7 7 snare_deep
97.650 0.017 8 5 tom_high
97.667 0.017 9 3 tom
97.683 0.033 10 2 tom_low
98.233 0.017 7 7 snare_deep
98.250 0.017 8 5 tom_high
98.267 0.017 9 3 tom
98.283 0.033 10 2 tom_low
98.833 0.017 7 7 snare_deep
98.850 0.017 8 5 tom_high
98.867 0.017 9 3 tom
98.883 0.033 10 2 tom_low
99.133 0.017 7 7 snare_deep
99.150 0.017 8 5 tom_high
99.167 0.017 9 3 tom
99.183 0.033 10 2 tom_low
99.233 0.017 7 7 snare_deep
99.250 0.017 8 5 tom_high
99.267 0.017 9 3 tom
99.283 0.033 10 2 tom_low
99.333 0.017 7 7 snare_deep
99.350 0.017 8 5 tom_high
99.367 0.017 9 3 tom
99.383 0.033 10 2 tom_low
99.433 0.017 7 7 snare_deep
99.450 0.017 8 5 tom_high
99.467 0.017 9 3 tom
99.483 0.033 10 2 tom_low
99.533 0.017 7 7 snare_deep
99.550 0.017 8 5 tom_high
99.567 0.017 9 3 tom
99.583 0.033 10 2 tom_low
99.633 0.017 7 7 snare_deep
99.650 0.017 8 5 tom_high
99.667 0.017 9 3 tom
99.683 0.033 10 2 tom_low
100.033 0.017 7 7 snare_deep
100.050 0.017 8 5 tom_high
100.067 0.017 9 3 tom
100.083 0.033 10 2 tom_low
100.633 0.017 7 7 snare_deep
100.650 0.017 8 5 tom_high
100.667 0.017 9 3 tom
100.683 0.033 10 2 tom_low
101.233 0.017 7 7 snare_deep
101.250 0.017 8 5 tom_high
101.267 0.017 9 3 tom
101.283 0.033 10 2 tom_low
101.833 0.017 7 7 snare_deep
101.850 0.017 8 5 tom_high
101.867 0.017 9 3 tom
101.883 0.033 10 2 tom_low
102.433 0.017 7 7 snare_deep
102.450 0.017 8 5 tom_high
102.467 0.017 9 3 tom
102.483 0.033 10 2 tom_low
103.033 0.017 7 7 snare_deep
103.050 0.017 8 5 tom_high
103.067 0.017 9 3 tom
103.083 0.033 10 2 tom_low
103.633 0.017 7 7 snare_deep
103.650 0.017 8 5 tom_high
103.667 0.017 9 3 tom
103.683 0.033 10 2 tom_low
103.933 0.017 7 7 snare_deep
103.950 0.017 8 5 tom_high
103.967 0.017 9 3 tom
103.983 0.033 10 2 tom_low
104.033 0.017 7 7 snare_deep
104.050 0.017 8 5 tom_high
104.067 0.017 9 3 tom
104.083 0.033 10 2 tom_low
104.133 0.017 7 7 snare_deep
104.150 0.017 8 5 tom_high
104.167 0.017 9 3 tom
104.183 0.033 10 2 tom_low
104.233 0.017 7 7 snare_deep
104.250 0.017 8 5 tom_high
104.267 0.017 9 3 tom
104.283 0.033 10 2 tom_low
104.333 0.017 7 7 snare_deep
104.350 0.017 8 5 tom_high
104.367 0.017 9 3 tom
104.383 0.033 10 2 tom_low
104.433 0.017 7 7 snare_deep
104.450 0.017 8 5 tom_high
104.467 0.017 9 3 tom
104.483 0.033 10 2 tom_low
104.733 0.017 7 7 snare_deep
104.750 0.017 8 5 tom_high
104.767 0.017 9 3 tom
104.783 0.033 10 2 tom_low
104.833 0.017 7 7 snare_deep
104.850 0.017 8 5 tom_high
104.867 0.017 9 3 tom
104.883 0.033 10 2 tom_low
104.933 0.017 7 7 snare_deep
104.950 0.017 8 5 tom_high
104.967 0.017 9 3 tom
104.983 0.033 10 2 tom_low
105.033 0.017 7 7 snare_deep
105.050 0.017 8 5 tom_high
105.067 0.017 9 3 tom
105.083 0.033 10 2 tom_low
105.133 0.017 7 7 snare_deep
105.150 0.017 8 5 tom_high
105.167 0.017 9 3 tom
105.183 0.033 10 2 tom_low
105.333 0.017 7 7 snare_deep
105.350 0.017 8 5 tom_high
105.367 0.017 9 3 tom
105.383 0.033 10 2 tom_low
105.433 0.017 7 7 snare_deep
105.450 0.017 8 5 tom_high
105.467 0.017 9 3 tom
105.483 0.033 10 2 tom_low
105.533 0.017 7 7 snare_deep
105.550 0.017 8 5 tom_high
105.567 0.017 9 3 tom
105.583 0.033 10 2 tom_low
105.633 0.017 7 7 snare_deep
105.650 0.017 8 5 tom_high
105.667 0.017 9 3 tom
105.683 0.033 10 2 tom_low
105.933 0.017 7 7 snare_deep
105.950 0.017 8 5 tom_high
105.967 0.017 9 3 tom
105.983 0.033 10 2 tom_low
106.033 0.017 7 7 snare_deep
106.050 0.017 8 5 tom_high
106.067 0.017 9 3 tom
106.083 0.033 10 2 tom_low
106.133 0.017 7 7 snare_deep
106.150 0.017 8 5 tom_high
106.167 0.017 9 3 tom
106.183 0.033 10 2 tom_low
106.233 0.017 7 7 snare_deep
106.250 0.017 8 5 tom_high
106.267 0.017 9 3 tom
106.283 0.033 10 2 tom_low
106.333 0.017 7 7 snare_deep
106.350 0.017 8 5 tom_high
106.367 0.017 9 3 tom
106.383 0.033 10 2 tom_low
106.533 0.017 7 7 snare_deep
106.550 0.017 8 5 tom_high
106.567 0.017 9 3 tom
106.583 0.033 10 2 tom_low
106.733 0.017 7 7 snare_deep
106.750 0.017 8 5 tom_high
106.767 0.017 9 3 tom
106.783 0.033 10 2 tom_low
107.233 0.017 7 7 snare_deep
107.250 0.017 8 5 tom_high
107.267 0.017 9 3 tom
107.283 0.033 10 2 tom_low
107.833 0.017 7 7 snare_deep
107.850 0.017 8 5 tom_high
107.867 0.017 9 3 tom
107.883 0.033 10 2 tom_low
108.433 0.017 7 7 snare_deep
108.450 0.017 8 5 tom_high
108.467 0.017 9 3 tom
108.483 0.033 10 2 tom_low
109.033 0.017 7 7 snare_deep
109.050 0.017 8 5 tom_high
109.067 0.017 9 3 tom
109.083 0.033 10 2 tom_low
109.633 0.017 7 7 snare_deep
109.650 0.017 8 5 tom_high
109.667 0.017 9 3 tom
109.683 0.033 10 2 tom_low
110.233 0.017 7 7 snare_deep
110.250 0.017 8 5 tom_high
110.267 0.017 9 3 tom
110.283 0.033 10 2 tom_low
110.833 0.017 7 7 snare_deep
110.850 0.017 8 5 tom_high
110.867 0.017 9 3 tom
110.883 0.033 10 2 tom_low
111.433 0.017 7 7 snare_deep
111.450 0.017 8 5 tom_high
111.467 0.017 9 3 tom
111.483 0.033 10 2 tom_low
111.533 0.017 7 7 snare_deep
111.550 0.017 8 5 tom_high
111.567 0.017 9 3 tom
111.583 0.033 10 2 tom_low
111.633 0.017 7 7 snare_deep
111.650 0.017 8 5 tom_high
111.667 0.017 9 3 tom
111.683 0.033 10 2 tom_low
112.033 0.017 7 7 snare_deep
112.050 0.017 8 5 tom_high
112.067 0.017 9 3 tom
112.083 0.033 10 2 tom_low
112.633 0.017 7 7 snare_deep
112.650 0.017 8 5 tom_high
112.667 0.017 9 3 tom
112.683 0.033 10 2 tom_low
113.233 0.017 7 7 snare_deep
113.250 0.017 8 5 tom_high
113.267 0.017 9 3 tom
113.283 0.033 10 2 tom_low
113.833 0.017 7 7 snare_deep
113.850 0.017 8 5 tom_high
113.867 0.017 9 3 tom
113.883 0.033 10 2 tom_low
114.433 0.017 7 7 snare_deep
114.450 0.017 8 5 tom_high
114.467 0.017 9 3 tom
114.483 0.033 10 2 tom_low
115.033 0.017 7 7 snare_deep
115.050 0.017 8 5 tom_high
115.067 0.017 9 3 tom
115.083 0.033 10 2 tom_low
115.633 0.017 7 7 snare_deep
115.650 0.017 8 5 tom_high
115.667 0.017 9 3 tom
115.683 0.033 10 2 tom_low
115.733 0.017 7 7 snare_deep
115.750 0.017 8 5 tom_high
115.767 0.017 9 3 tom
115.783 0.033 10 2 tom_low
116.233 0.017 7 7 snare_deep
116.250 0.017 8 5 tom_high
116.267 0.017 9 3 tom
116.283 0.033 10 2 tom_low
116.333 0.017 7 7 snare_deep
116.350 0.017 8 5 tom_high
116.367 0.017 9 3 tom
116.383 0.033 10 2 tom_low
116.833 0.017 7 7 snare_deep
116.850 0.017 8 5 tom_high
116.867 0.017 9 3 tom
116.883 0.033 10 2 tom_low
117.433 0.017 7 7 snare_deep
117.450 0.017 8 5 tom_high
117.467 0.017 9 3 tom
117.483 0.033 10 2 tom_low
117.733 0.017 7 7 snare_deep
117.750 0.017 8 5 tom_high
117.767 0.017 9 3 tom
117.783 0.033 10 2 tom_low
117.933 0.017 7 7 snare_deep
117.950 0.017 8 5 tom_high
117.967 0.017 9 3 tom
117.983 0.033 10 2 tom_low
118.133 0.017 7 7 snare_deep
118.150 0.017 8 5 tom_high
118.167 0.017 9 3 tom
118.183 0.033 10 2 tom_low
118.333 0.017 7 7 snare_deep
118.350 0.017 8 5 tom_high
118.367 0.017 9 3 tom
118.383 0.033 10 2 tom_low
118.433 0.017 7 7 snare_deep
118.450 0.017 8 5 tom_high
118.467 0.017 9 3 tom
118.483 0.033 10 2 tom_low
118.533 0.017 7 7 snare_deep
118.550 0.017 8 5 tom_high
118.567 0.017 9 3 tom
118.583 0.033 10 2 tom_low
119.233 0.017 7 7 snare_deep
119.250 0.017 8 5 tom_high
119.267 0.017 9 3 tom
119.283 0.033 10 2 tom_low
119.833 0.017 7 7 snare_deep
119.850 0.017 8 5 tom_high
119.867 0.017 9 3 tom
119.883 0.033 10 2 tom_low
120.133 0.017 7 7 snare_deep
120.150 0.017 8 5 tom_high
120.167 3.567 9 3 tom
DPCM(843)
time dur note vol
0.000 0.033 C4 15
0.217 0.033 C4 15
0.333 0.033 C4 15
0.667 0.033 C4 15
0.783 0.033 C4 15
0.900 0.033 C4 15
1.000 0.033 C4 15
1.350 0.033 C4 15
1.567 0.033 C4 15
1.683 0.033 C4 15
1.900 0.033 C4 15
1.967 0.033 C4 15
2.017 0.033 C4 15
2.133 0.033 C4 15
2.250 0.033 C4 15
2.350 0.033 C4 15
2.700 0.033 C4 15
3.033 0.033 C4 15
3.250 0.033 C4 15
3.367 0.033 C4 15
3.483 0.033 C4 15
3.600 0.033 C4 15
3.700 0.033 C4 15
3.933 0.033 C4 15
4.050 0.033 C4 15
4.150 0.033 C4 15
4.267 0.033 C4 15
4.383 0.033 C4 15
4.600 0.033 C4 15
4.717 0.033 C4 15
4.833 0.033 C4 15
4.950 0.033 C4 15
5.050 0.033 C4 15
5.283 0.033 C4 15
5.333 0.033 C4 15
5.400 0.033 C4 15
5.500 0.033 C4 15
5.617 0.033 C4 15
5.733 0.033 C4 15
5.950 0.033 C4 15
6.067 0.033 C4 15
6.183 0.033 C4 15
6.300 0.033 C4 15
6.400 0.033 C4 15
7.317 0.033 C4 15
7.517 0.033 C4 15
7.617 0.033 C4 15
7.817 0.033 C4 15
7.917 0.033 C4 15
8.117 0.033 C4 15
8.217 0.033 C4 15
8.417 0.033 C4 15
8.517 0.033 C4 15
8.717 0.033 C4 15
8.817 0.033 C4 15
9.017 0.033 C4 15
9.117 0.033 C4 15
9.317 0.033 C4 15
9.417 0.033 C4 15
9.717 0.033 C4 15
9.917 0.033 C4 15
10.017 0.033 C4 15
10.217 0.033 C4 15
10.317 0.033 C4 15
10.517 0.033 C4 15
10.617 0.033 C4 15
10.817 0.033 C4 15
10.917 0.033 C4 15
11.117 0.033 C4 15
11.217 0.033 C4 15
11.417 0.033 C4 15
11.517 0.033 C4 15
11.617 0.033 C4 15
11.717 0.033 C4 15
11.817 0.033 C4 15
11.917 0.033 C4 15
12.017 0.033 C4 15
12.117 0.033 C4 15
12.317 0.033 C4 15
12.417 0.033 C4 15
12.617 0.033 C4 15
12.717 0.033 C4 15
12.917 0.033 C4 15
13.017 0.033 C4 15
13.217 0.033 C4 15
13.317 0.033 C4 15
13.517 0.033 C4 15
13.617 0.033 C4 15
13.817 0.033 C4 15
13.917 0.033 C4 15
14.117 0.033 C4 15
14.217 0.033 C4 15
14.517 0.033 C4 15
14.717 0.033 C4 15
14.817 0.033 C4 15
15.017 0.033 C4 15
15.117 0.033 C4 15
15.317 0.033 C4 15
15.417 0.033 C4 15
15.617 0.033 C4 15
15.717 0.033 C4 15
15.917 0.033 C4 15
16.017 0.033 C4 15
16.217 0.033 C4 15
16.317 0.033 C4 15
16.517 0.033 C4 15
16.617 0.033 C4 15
16.817 0.033 C4 15
16.917 0.033 C4 15
17.117 0.033 C4 15
17.217 0.033 C4 15
17.417 0.033 C4 15
17.517 0.033 C4 15
17.617 0.033 C4 15
17.717 0.033 C4 15
17.817 0.033 C4 15
17.917 0.033 C4 15
18.017 0.033 C4 15
18.117 0.033 C4 15
18.317 0.033 C4 15
18.417 0.033 C4 15
18.617 0.033 C4 15
18.717 0.033 C4 15
18.917 0.033 C4 15
19.017 0.033 C4 15
19.217 0.033 C4 15
19.317 0.033 C4 15
19.517 0.033 C4 15
19.617 0.033 C4 15
19.817 0.033 C4 15
19.917 0.033 C4 15
20.117 0.033 C4 15
20.217 0.033 C4 15
20.517 0.033 C4 15
20.717 0.033 C4 15
20.817 0.033 C4 15
21.017 0.033 C4 15
21.117 0.033 C4 15
21.317 0.033 C4 15
21.417 0.033 C4 15
21.617 0.033 C4 15
21.717 0.033 C4 15
21.917 0.033 C4 15
22.017 0.033 C4 15
22.217 0.033 C4 15
22.317 0.033 C4 15
22.417 0.033 C4 15
22.517 0.033 C4 15
22.617 0.033 C4 15
22.717 0.033 C4 15
22.817 0.033 C4 15
22.917 0.033 C4 15
23.117 0.033 C4 15
23.217 0.033 C4 15
23.417 0.033 C4 15
23.517 0.033 C4 15
23.717 0.033 C4 15
23.817 0.033 C4 15
24.017 0.033 C4 15
24.117 0.033 C4 15
24.317 0.033 C4 15
24.417 0.033 C4 15
24.617 0.033 C4 15
24.717 0.033 C4 15
24.917 0.033 C4 15
25.017 0.033 C4 15
25.217 0.033 C4 15
25.317 0.033 C4 15
25.517 0.033 C4 15
25.617 0.033 C4 15
25.817 0.033 C4 15
25.917 0.033 C4 15
26.117 0.033 C4 15
26.217 0.033 C4 15
26.417 0.033 C4 15
26.517 0.033 C4 15
26.717 0.033 C4 15
26.817 0.033 C4 15
27.017 0.033 C4 15
27.117 0.033 C4 15
27.217 0.033 C4 15
27.317 0.033 C4 15
27.417 0.033 C4 15
27.517 0.033 C4 15
27.617 0.033 C4 15
27.717 0.033 C4 15
27.917 0.033 C4 15
28.017 0.033 C4 15
28.117 0.033 C4 15
28.217 0.033 C4 15
28.317 0.033 C4 15
28.517 0.033 C4 15
28.617 0.033 C4 15
28.717 0.033 C4 15
28.817 0.033 C4 15
28.917 0.033 C4 15
29.117 0.033 C4 15
29.217 0.033 C4 15
29.317 0.033 C4 15
29.417 0.033 C4 15
29.517 0.033 C4 15
29.717 0.033 C4 15
29.917 0.033 C4 15
30.117 0.033 C4 15
30.317 0.033 C4 15
30.417 0.033 C4 15
30.617 0.033 C4 15
30.717 0.033 C4 15
30.917 0.033 C4 15
31.017 0.033 C4 15
31.217 0.033 C4 15
31.317 0.033 C4 15
31.517 0.033 C4 15
31.617 0.033 C4 15
31.817 0.033 C4 15
31.917 0.033 C4 15
32.117 0.033 C4 15
32.217 0.033 C4 15
32.517 0.033 C4 15
32.717 0.033 C4 15
32.817 0.033 C4 15
33.017 0.033 C4 15
33.117 0.033 C4 15
33.317 0.033 C4 15
33.417 0.033 C4 15
33.617 0.033 C4 15
33.717 0.033 C4 15
33.917 0.033 C4 15
34.017 0.033 C4 15
34.217 0.033 C4 15
34.317 0.033 C4 15
34.517 0.033 C4 15
34.617 0.033 C4 15
34.717 0.033 C4 15
34.817 0.033 C4 15
34.917 0.033 C4 15
35.117 0.033 C4 15
35.217 0.033 C4 15
35.417 0.033 C4 15
35.517 0.033 C4 15
35.717 0.033 C4 15
35.817 0.033 C4 15
36.017 0.033 C4 15
36.117 0.033 C4 15
36.317 0.033 C4 15
36.417 0.033 C4 15
36.617 0.033 C4 15
36.717 0.033 C4 15
36.917 0.033 C4 15
37.017 0.033 C4 15
37.317 0.033 C4 15
37.517 0.033 C4 15
37.617 0.033 C4 15
37.817 0.033 C4 15
37.917 0.033 C4 15
38.117 0.033 C4 15
38.217 0.033 C4 15
38.417 0.033 C4 15
38.517 0.033 C4 15
38.717 0.033 C4 15
38.817 0.033 C4 15
38.917 0.033 C4 15
39.017 0.033 C4 15
39.117 0.033 C4 15
39.317 0.033 C4 15
39.417 0.033 C4 15
39.517 0.033 C4 15
39.617 0.033 C4 15
39.717 0.033 C4 15
39.917 0.033 C4 15
40.017 0.033 C4 15
40.217 0.033 C4 15
40.317 0.033 C4 15
40.517 0.033 C4 15
40.617 0.033 C4 15
40.817 0.033 C4 15
40.917 0.033 C4 15
41.117 0.033 C4 15
41.317 0.033 C4 15
41.417 0.033 C4 15
41.517 0.033 C4 15
41.617 0.033 C4 15
41.717 0.033 C4 15
41.817 0.033 C4 15
41.917 0.033 C4 15
42.017 0.033 C4 15
42.117 0.033 C4 15
42.317 0.033 C4 15
42.417 0.033 C4 15
42.617 0.033 C4 15
42.717 0.033 C4 15
42.917 0.033 C4 15
43.017 0.033 C4 15
43.217 0.033 C4 15
43.317 0.033 C4 15
43.517 0.033 C4 15
43.717 0.033 C4 15
43.817 0.033 C4 15
43.917 0.033 C4 15
44.017 0.033 C4 15
44.117 0.033 C4 15
44.217 0.033 C4 15
44.317 0.033 C4 15
44.417 0.033 C4 15
44.517 0.033 C4 15
44.717 0.033 C4 15
44.817 0.033 C4 15
45.017 0.033 C4 15
45.117 0.033 C4 15
45.217 0.033 C4 15
45.317 0.033 C4 15
45.417 0.033 C4 15
45.617 0.033 C4 15
45.717 0.033 C4 15
45.917 0.033 C4 15
46.017 0.033 C4 15
46.217 0.033 C4 15
46.317 0.033 C4 15
46.417 0.033 C4 15
46.517 0.033 C4 15
46.617 0.033 C4 15
46.817 0.033 C4 15
46.917 0.033 C4 15
47.117 0.033 C4 15
47.217 0.033 C4 15
47.417 0.033 C4 15
47.517 0.033 C4 15
47.617 0.033 C4 15
47.717 0.033 C4 15
47.817 0.033 C4 15
48.017 0.033 C4 15
48.117 0.033 C4 15
48.317 0.033 C4 15
48.417 0.033 C4 15
48.517 0.033 C4 15
48.617 0.033 C4 15
48.717 0.033 C4 15
48.917 0.033 C4 15
49.017 0.033 C4 15
49.117 0.033 C4 15
49.217 0.033 C4 15
49.317 0.033 C4 15
49.517 0.033 C4 15
49.617 0.033 C4 15
49.717 0.033 C4 15
49.817 0.033 C4 15
49.917 0.033 C4 15
50.117 0.033 C4 15
50.217 0.033 C4 15
50.317 0.033 C4 15
50.417 0.033 C4 15
50.517 0.033 C4 15
50.717 0.033 C4 15
50.817 0.033 C4 15
51.017 0.033 C4 15
51.117 0.033 C4 15
51.317 0.033 C4 15
51.417 0.033 C4 15
51.617 0.033 C4 15
51.717 0.033 C4 15
51.917 0.033 C4 15
52.017 0.033 C4 15
52.217 0.033 C4 15
52.317 0.033 C4 15
52.517 0.033 C4 15
52.617 0.033 C4 15
52.917 0.033 C4 15
53.117 0.033 C4 15
53.217 0.033 C4 15
53.417 0.033 C4 15
53.517 0.033 C4 15
53.717 0.033 C4 15
53.817 0.033 C4 15
54.017 0.033 C4 15
54.117 0.033 C4 15
54.317 0.033 C4 15
54.417 0.033 C4 15
54.617 0.033 C4 15
54.717 0.033 C4 15
54.917 0.033 C4 15
55.017 0.033 C4 15
55.217 0.033 C4 15
55.317 0.033 C4 15
55.517 0.033 C4 15
55.617 0.033 C4 15
55.817 0.033 C4 15
55.917 0.033 C4 15
56.017 0.033 C4 15
56.117 0.033 C4 15
56.217 0.033 C4 15
56.317 0.033 C4 15
56.417 0.033 C4 15
56.517 0.033 C4 15
56.717 0.033 C4 15
56.817 0.033 C4 15
57.017 0.033 C4 15
57.117 0.033 C4 15
57.317 0.033 C4 15
57.417 0.033 C4 15
57.617 0.033 C4 15
57.717 0.033 C4 15
57.917 0.033 C4 15
58.017 0.033 C4 15
58.217 0.033 C4 15
58.317 0.033 C4 15
58.517 0.033 C4 15
58.617 0.033 C4 15
58.917 0.033 C4 15
59.117 0.033 C4 15
59.217 0.033 C4 15
59.417 0.033 C4 15
59.517 0.033 C4 15
59.717 0.033 C4 15
59.817 0.033 C4 15
60.017 0.033 C4 15
60.117 0.033 C4 15
60.317 0.033 C4 15
60.417 0.033 C4 15
60.617 0.033 C4 15
60.717 0.033 C4 15
60.817 0.033 C4 15
60.917 0.033 C4 15
61.017 0.033 C4 15
61.117 0.033 C4 15
61.217 0.033 C4 15
61.317 0.033 C4 15
61.517 0.033 C4 15
61.617 0.033 C4 15
61.817 0.033 C4 15
61.917 0.033 C4 15
62.117 0.033 C4 15
62.217 0.033 C4 15
62.417 0.033 C4 15
62.517 0.033 C4 15
62.717 0.033 C4 15
62.817 0.033 C4 15
63.017 0.033 C4 15
63.117 0.033 C4 15
63.317 0.033 C4 15
63.417 0.033 C4 15
63.617 0.033 C4 15
63.717 0.033 C4 15
63.917 0.033 C4 15
64.017 0.033 C4 15
64.217 0.033 C4 15
64.317 0.033 C4 15
64.517 0.033 C4 15
64.617 0.033 C4 15
64.817 0.033 C4 15
64.917 0.033 C4 15
65.117 0.033 C4 15
65.217 0.033 C4 15
65.417 0.033 C4 15
65.517 0.033 C4 15
65.617 0.033 C4 15
65.717 0.033 C4 15
65.817 0.033 C4 15
65.917 0.033 C4 15
66.017 0.033 C4 15
66.117 0.033 C4 15
66.317 0.033 C4 15
66.417 0.033 C4 15
66.517 0.033 C4 15
66.617 0.033 C4 15
66.717 0.033 C4 15
66.917 0.033 C4 15
67.017 0.033 C4 15
67.117 0.033 C4 15
67.217 0.033 C4 15
67.317 0.033 C4 15
67.517 0.033 C4 15
67.617 0.033 C4 15
67.717 0.033 C4 15
67.817 0.033 C4 15
67.917 0.033 C4 15
68.117 0.033 C4 15
68.317 0.033 C4 15
68.517 0.033 C4 15
68.717 0.033 C4 15
68.817 0.033 C4 15
69.017 0.033 C4 15
69.117 0.033 C4 15
69.317 0.033 C4 15
69.417 0.033 C4 15
69.617 0.033 C4 15
69.717 0.033 C4 15
69.917 0.033 C4 15
70.017 0.033 C4 15
70.217 0.033 C4 15
70.317 0.033 C4 15
70.517 0.033 C4 15
70.617 0.033 C4 15
70.917 0.033 C4 15
71.117 0.033 C4 15
71.217 0.033 C4 15
71.417 0.033 C4 15
71.517 0.033 C4 15
71.717 0.033 C4 15
71.817 0.033 C4 15
72.017 0.033 C4 15
72.117 0.033 C4 15
72.317 0.033 C4 15
72.417 0.033 C4 15
72.617 0.033 C4 15
72.717 0.033 C4 15
72.917 0.033 C4 15
73.017 0.033 C4 15
73.117 0.033 C4 15
73.217 0.033 C4 15
73.317 0.033 C4 15
73.517 0.033 C4 15
73.617 0.033 C4 15
73.817 0.033 C4 15
73.917 0.033 C4 15
74.117 0.033 C4 15
74.217 0.033 C4 15
74.417 0.033 C4 15
74.517 0.033 C4 15
74.717 0.033 C4 15
74.817 0.033 C4 15
75.017 0.033 C4 15
75.117 0.033 C4 15
75.317 0.033 C4 15
75.417 0.033 C4 15
75.717 0.033 C4 15
75.917 0.033 C4 15
76.017 0.033 C4 15
76.217 0.033 C4 15
76.317 0.033 C4 15
76.517 0.033 C4 15
76.617 0.033 C4 15
76.817 0.033 C4 15
76.917 0.033 C4 15
77.117 0.033 C4 15
77.217 0.033 C4 15
77.317 0.033 C4 15
77.417 0.033 C4 15
77.517 0.033 C4 15
77.717 0.033 C4 15
77.817 0.033 C4 15
77.917 0.033 C4 15
78.017 0.033 C4 15
78.117 0.033 C4 15
78.317 0.033 C4 15
78.417 0.033 C4 15
78.617 0.033 C4 15
78.717 0.033 C4 15
78.917 0.033 C4 15
79.017 0.033 C4 15
79.217 0.033 C4 15
79.317 0.033 C4 15
79.517 0.033 C4 15
79.717 0.033 C4 15
79.817 0.033 C4 15
79.917 0.033 C4 15
80.017 0.033 C4 15
80.117 0.033 C4 15
80.217 0.033 C4 15
80.317 0.033 C4 15
80.417 0.033 C4 15
80.517 0.033 C4 15
80.717 0.033 C4 15
80.817 0.033 C4 15
81.017 0.033 C4 15
81.117 0.033 C4 15
81.317 0.033 C4 15
81.417 0.033 C4 15
81.617 0.033 C4 15
81.717 0.033 C4 15
81.917 0.033 C4 15
82.117 0.033 C4 15
82.217 0.033 C4 15
82.317 0.033 C4 15
82.417 0.033 C4 15
82.517 0.033 C4 15
82.617 0.033 C4 15
82.717 0.033 C4 15
82.817 0.033 C4 15
82.917 0.033 C4 15
83.117 0.033 C4 15
83.217 0.033 C4 15
83.417 0.033 C4 15
83.517 0.033 C4 15
83.617 0.033 C4 15
83.717 0.033 C4 15
83.817 0.033 C4 15
84.017 0.033 C4 15
84.117 0.033 C4 15
84.317 0.033 C4 15
84.417 0.033 C4 15
84.617 0.033 C4 15
84.717 0.033 C4 15
84.817 0.033 C4 15
84.917 0.033 C4 15
85.017 0.033 C4 15
85.217 0.033 C4 15
85.317 0.033 C4 15
85.517 0.033 C4 15
85.617 0.033 C4 15
85.817 0.033 C4 15
85.917 0.033 C4 15
86.017 0.033 C4 15
86.117 0.033 C4 15
86.217 0.033 C4 15
86.417 0.033 C4 15
86.517 0.033 C4 15
86.717 0.033 C4 15
86.817 0.033 C4 15
86.917 0.033 C4 15
87.017 0.033 C4 15
87.117 0.033 C4 15
87.317 0.033 C4 15
87.417 0.033 C4 15
87.517 0.033 C4 15
87.617 0.033 C4 15
87.717 0.033 C4 15
87.917 0.033 C4 15
88.017 0.033 C4 15
88.117 0.033 C4 15
88.217 0.033 C4 15
88.317 0.033 C4 15
88.517 0.033 C4 15
88.617 0.033 C4 15
88.717 0.033 C4 15
88.817 0.033 C4 15
88.917 0.033 C4 15
89.117 0.033 C4 15
89.217 0.033 C4 15
89.417 0.033 C4 15
89.517 0.033 C4 15
89.717 0.033 C4 15
89.817 0.033 C4 15
90.017 0.033 C4 15
90.117 0.033 C4 15
90.317 0.033 C4 15
90.417 0.033 C4 15
90.617 0.033 C4 15
90.717 0.033 C4 15
90.917 0.033 C4 15
91.017 0.033 C4 15
91.317 0.033 C4 15
91.517 0.033 C4 15
91.617 0.033 C4 15
91.817 0.033 C4 15
91.917 0.033 C4 15
92.117 0.033 C4 15
92.217 0.033 C4 15
92.417 0.033 C4 15
92.517 0.033 C4 15
92.717 0.033 C4 15
92.817 0.033 C4 15
93.017 0.033 C4 15
93.117 0.033 C4 15
93.317 0.033 C4 15
93.417 0.033 C4 15
93.617 0.033 C4 15
93.717 0.033 C4 15
93.917 0.033 C4 15
94.017 0.033 C4 15
94.217 0.033 C4 15
94.317 0.033 C4 15
94.417 0.033 C4 15
94.517 0.033 C4 15
94.617 0.033 C4 15
94.717 0.033 C4 15
94.817 0.033 C4 15
94.917 0.033 C4 15
95.117 0.033 C4 15
95.217 0.033 C4 15
95.417 0.033 C4 15
95.517 0.033 C4 15
95.717 0.033 C4 15
95.817 0.033 C4 15
96.017 0.033 C4 15
96.117 0.033 C4 15
96.317 0.033 C4 15
96.417 0.033 C4 15
96.617 0.033 C4 15
96.717 0.033 C4 15
96.917 0.033 C4 15
97.017 0.033 C4 15
97.317 0.033 C4 15
97.517 0.033 C4 15
97.617 0.033 C4 15
97.817 0.033 C4 15
97.917 0.033 C4 15
98.117 0.033 C4 15
98.217 0.033 C4 15
98.417 0.033 C4 15
98.517 0.033 C4 15
98.717 0.033 C4 15
98.817 0.033 C4 15
99.017 0.033 C4 15
99.117 0.033 C4 15
99.217 0.033 C4 15
99.317 0.033 C4 15
99.417 0.033 C4 15
99.517 0.033 C4 15
99.617 0.033 C4 15
99.717 0.033 C4 15
99.917 0.033 C4 15
100.017 0.033 C4 15
100.217 0.033 C4 15
100.317 0.033 C4 15
100.517 0.033 C4 15
100.617 0.033 C4 15
100.817 0.033 C4 15
100.917 0.033 C4 15
101.117 0.033 C4 15
101.217 0.033 C4 15
101.417 0.033 C4 15
101.517 0.033 C4 15
101.717 0.033 C4 15
101.817 0.033 C4 15
102.017 0.033 C4 15
102.117 0.033 C4 15
102.317 0.033 C4 15
102.417 0.033 C4 15
102.617 0.033 C4 15
102.717 0.033 C4 15
102.917 0.033 C4 15
103.017 0.033 C4 15
103.217 0.033 C4 15
103.317 0.033 C4 15
103.517 0.033 C4 15
103.617 0.033 C4 15
103.817 0.033 C4 15
103.917 0.033 C4 15
104.017 0.033 C4 15
104.117 0.033 C4 15
104.217 0.033 C4 15
104.317 0.033 C4 15
104.417 0.033 C4 15
104.517 0.033 C4 15
104.717 0.033 C4 15
104.817 0.033 C4 15
104.917 0.033 C4 15
105.017 0.033 C4 15
105.117 0.033 C4 15
105.317 0.033 C4 15
105.417 0.033 C4 15
105.517 0.033 C4 15
105.617 0.033 C4 15
105.717 0.033 C4 15
105.917 0.033 C4 15
106.017 0.033 C4 15
106.117 0.033 C4 15
106.217 0.033 C4 15
106.317 0.033 C4 15
106.517 0.033 C4 15
106.717 0.033 C4 15
106.917 0.033 C4 15
107.117 0.033 C4 15
107.217 0.033 C4 15
107.417 0.033 C4 15
107.517 0.033 C4 15
107.717 0.033 C4 15
107.817 0.033 C4 15
108.017 0.033 C4 15
108.117 0.033 C4 15
108.317 0.033 C4 15
108.417 0.033 C4 15
108.617 0.033 C4 15
108.717 0.033 C4 15
108.917 0.033 C4 15
109.017 0.033 C4 15
109.317 0.033 C4 15
109.517 0.033 C4 15
109.617 0.033 C4 15
109.817 0.033 C4 15
109.917 0.033 C4 15
110.117 0.033 C4 15
110.217 0.033 C4 15
110.417 0.033 C4 15
110.517 0.033 C4 15
110.717 0.033 C4 15
110.817 0.033 C4 15
111.017 0.033 C4 15
111.117 0.033 C4 15
111.317 0.033 C4 15
111.417 0.033 C4 15
111.517 0.033 C4 15
111.617 0.033 C4 15
111.717 0.033 C4 15
111.917 0.033 C4 15
112.017 0.033 C4 15
112.217 0.033 C4 15
112.317 0.033 C4 15
112.517 0.033 C4 15
112.617 0.033 C4 15
112.817 0.033 C4 15
112.917 0.033 C4 15
113.117 0.033 C4 15
113.217 0.033 C4 15
113.417 0.033 C4 15
113.517 0.033 C4 15
113.717 0.033 C4 15
113.817 0.033 C4 15
114.117 0.033 C4 15
114.317 0.033 C4 15
114.417 0.033 C4 15
114.617 0.033 C4 15
114.717 0.033 C4 15
114.917 0.033 C4 15
115.017 0.033 C4 15
115.217 0.033 C4 15
115.317 0.033 C4 15
115.517 0.033 C4 15
115.617 0.033 C4 15
115.717 0.033 C4 15
115.817 0.033 C4 15
115.917 0.033 C4 15
116.117 0.033 C4 15
116.217 0.033 C4 15
116.317 0.033 C4 15
116.417 0.033 C4 15
116.517 0.033 C4 15
116.717 0.033 C4 15
116.817 0.033 C4 15
117.017 0.033 C4 15
117.117 0.033 C4 15
117.317 0.033 C4 15
117.417 0.033 C4 15
117.617 0.033 C4 15
117.717 0.033 C4 15
117.917 0.033 C4 15
118.117 0.033 C4 15
118.217 0.033 C4 15
118.317 0.033 C4 15
118.417 0.033 C4 15
118.517 0.033 C4 15
118.617 0.033 C4 15
118.717 0.033 C4 15
118.817 0.033 C4 15
118.917 0.033 C4 15
119.117 0.033 C4 15
119.217 0.033 C4 15
119.417 0.033 C4 15
119.517 0.033 C4 15
119.717 0.033 C4 15
119.817 0.033 C4 15
120.017 0.033 C4 15
120.117 0.033 C4 15