Jackal.nsf track=7 framerate=60
Square1(234)
time dur note vol
0.017 1.033 E4 1
1.067 0.100 E4 1
1.167 0.233 G3 4
1.400 0.350 C4 4
1.750 0.117 G4 4
1.867 1.517 F4 15
3.400 0.333 F4 15
3.750 1.317 G#4 1
5.083 0.467 G#4 1
5.550 0.133 F4 4
5.683 0.117 G4 15
5.817 0.100 G4 1
5.917 1.600 E4 4
7.533 0.100 E4 1
7.650 1.083 E4 15
8.750 0.117 E4 1
8.867 0.233 G3 4
9.100 0.367 C4 4
9.467 0.133 G4 4
9.600 1.583 F4 15
11.200 0.350 F4 15
11.567 1.333 G#4 1
12.917 0.483 G#4 1
13.400 0.117 F4 4
13.517 0.117 G4 15
13.650 0.117 G4 1
13.767 1.583 E4 4
15.367 0.117 E4 1
15.483 1.950 G4 2
17.433 0.250 A#4 6
17.700 0.100 A#4 1
17.800 1.233 F4 6
19.050 0.217 F4 1
19.267 1.117 C5 6
20.383 0.367 A#4 6
20.750 0.367 G#4 6
21.117 0.233 G4 6
21.350 0.500 A#2 12
21.850 0.483 G#2 12
22.333 0.500 G2 12
22.833 0.483 F2 12
23.317 1.967 G4 3
25.283 0.233 A#4 6
25.533 0.117 A#4 1
25.650 1.217 F4 6
26.883 0.100 F4 1
26.983 0.133 D4 6
27.117 0.117 F4 6
27.233 0.367 G#4 6
27.617 0.117 G#4 1
27.733 0.367 F4 6
28.100 0.117 D#4 6
28.217 0.483 D4 6
28.700 0.500 F4 6
29.200 0.733 E4 6
29.933 1.217 E3 7
31.150 1.117 E4 6
32.283 0.100 E4 1
32.383 0.250 G3 4
32.633 0.367 C4 4
33.000 0.117 G4 4
33.117 1.450 F4 15
34.567 0.117 E4 15
34.683 0.133 F4 15
34.817 0.117 G4 15
34.933 0.017 A4 15
34.950 0.133 C5 15
35.083 1.333 G#4 6
36.433 0.483 G#4 1
36.917 0.117 F4 4
37.033 0.133 G4 15
37.183 0.100 G4 1
37.283 1.583 E4 4
38.883 1.217 E4 1
40.117 0.100 E4 1
40.217 0.250 G3 4
40.467 0.367 C4 4
40.833 0.117 G4 4
40.950 1.467 F4 15
42.417 0.117 E4 15
42.533 0.117 F4 15
42.650 0.133 G4 15
42.783 0.017 A4 15
42.800 0.117 C5 15
42.917 1.350 G#4 6
44.283 0.467 G#4 1
44.750 0.133 F4 4
44.883 0.117 G4 15
45.017 0.100 G4 1
45.117 1.600 E4 4
46.733 0.100 E4 1
46.833 1.967 G4 2
48.800 0.233 A#4 6
49.067 0.100 A#4 1
49.167 1.217 F4 6
50.400 0.233 F4 1
50.633 1.100 C5 6
51.733 0.367 A#4 6
52.100 0.367 G#4 6
52.467 0.250 G4 6
52.717 0.483 A#2 12
53.200 0.500 G#2 12
53.700 0.483 G2 12
54.183 0.500 F2 12
54.683 1.950 G4 3
56.633 0.250 A#4 6
56.900 0.100 A#4 1
57.000 1.233 F4 6
58.250 0.100 F4 1
58.350 0.117 D4 6
58.467 0.133 F4 6
58.600 0.367 G#4 6
58.983 0.100 G#4 1
59.083 0.367 F4 6
59.450 0.133 D#4 6
59.583 0.483 D4 6
60.067 0.483 F4 6
60.550 0.733 E4 6
61.283 1.233 E3 7
62.517 1.100 E4 6
63.633 0.100 E4 1
63.733 0.250 G3 4
63.983 0.367 C4 4
64.350 0.133 G4 4
64.483 1.450 F4 15
65.933 0.117 E4 15
66.050 0.117 F4 15
66.167 0.133 G4 15
66.300 0.017 A4 15
66.317 0.117 C5 15
66.433 1.350 G#4 6
67.800 0.467 G#4 1
68.267 0.133 F4 4
68.400 0.117 G4 15
68.533 0.100 G4 1
68.633 1.600 E4 4
70.250 1.217 E4 1
71.483 0.100 E4 1
71.583 0.250 G3 4
71.833 0.367 C4 4
72.200 0.117 G4 4
72.317 1.450 F4 15
73.767 0.117 E4 15
73.883 0.133 F4 15
74.017 0.117 G4 15
74.133 0.017 A4 15
74.150 0.133 C5 15
74.283 1.333 G#4 6
75.633 0.483 G#4 1
76.117 0.117 F4 4
76.233 0.133 G4 15
76.383 0.100 G4 1
76.483 1.583 E4 4
78.083 0.117 E4 1
78.200 1.950 G4 2
80.150 0.250 A#4 6
80.417 0.100 A#4 1
80.517 1.233 F4 6
81.767 0.233 F4 1
82.000 1.100 C5 6
83.100 0.367 A#4 6
83.467 0.367 G#4 6
83.833 0.250 G4 6
84.083 0.483 A#2 12
84.567 0.483 G#2 12
85.050 0.500 G2 12
85.550 0.483 F2 12
86.033 1.967 G4 3
88.000 0.233 A#4 6
88.267 0.100 A#4 1
88.367 1.217 F4 6
89.600 0.117 F4 1
89.717 0.117 D4 6
89.833 0.117 F4 6
89.950 0.367 G#4 6
90.333 0.117 G#4 1
90.450 0.367 F4 6
90.817 0.117 D#4 6
90.933 0.500 D4 6
91.433 0.483 F4 6
91.917 0.733 E4 6
92.650 1.233 E3 7
93.883 1.100 E4 6
95.000 0.100 E4 1
95.100 0.250 G3 4
95.350 0.367 C4 4
95.717 0.117 G4 4
95.833 1.450 F4 15
97.283 0.133 E4 15
97.417 0.117 F4 15
97.533 0.117 G4 15
97.650 0.017 A4 15
97.667 0.133 C5 15
97.800 1.350 G#4 6
99.167 0.467 G#4 1
99.633 0.117 F4 4
99.750 0.133 G4 15
99.900 0.100 G4 1
100.000 1.600 E4 4
101.617 1.200 E4 1
102.833 0.100 E4 1
102.933 0.250 G3 4
103.183 0.367 C4 4
103.550 0.133 G4 4
103.683 1.450 F4 15
105.133 0.117 E4 15
105.250 0.117 F4 15
105.367 0.133 G4 15
105.500 0.017 A4 15
105.517 0.117 C5 15
105.633 1.350 G#4 6
107.000 0.467 G#4 1
107.467 0.133 F4 4
107.600 0.117 G4 15
107.733 0.100 G4 1
107.833 1.600 E4 4
109.450 0.100 E4 1
109.550 1.967 G4 2
111.517 0.250 A#4 6
111.783 0.100 A#4 1
111.883 1.233 F4 6
113.133 0.217 F4 1
113.350 1.100 C5 6
114.450 0.367 A#4 6
114.817 0.367 G#4 6
115.183 0.250 G4 6
115.433 0.500 A#2 12
115.933 0.483 G#2 12
116.417 0.483 G2 12
116.900 0.500 F2 12
Square2(261)
time dur note vol
0.017 1.033 G4 1
1.067 0.100 G4 1
1.167 0.233 C4 4
1.400 0.350 G4 4
1.750 0.117 C5 4
1.867 1.517 A4 15
3.400 0.217 A4 15
3.617 0.117 C5 15
3.750 1.317 F5 1
5.083 0.100 F5 1
5.183 0.367 E5 4
5.550 0.133 D5 4
5.683 0.117 E5 15
5.817 0.100 E5 1
5.917 1.600 C5 4
7.533 0.100 C5 1
7.650 1.083 G4 15
8.750 0.117 G4 1
8.867 0.233 C4 4
9.100 0.367 G4 4
9.467 0.133 C5 4
9.600 1.583 A4 15
11.200 0.233 A4 15
11.433 0.117 C5 15
11.567 1.333 F5 1
12.917 0.117 F5 1
13.033 0.367 E5 4
13.400 0.117 D5 4
13.517 0.117 E5 15
13.650 0.117 E5 1
13.767 1.583 C5 4
15.367 0.117 C5 1
15.483 1.333 D#5 2
16.817 0.367 D5 6
17.183 0.250 D#5 6
17.433 0.250 F5 6
17.700 0.100 F5 1
17.800 1.233 A#4 6
19.050 0.217 A#4 1
19.267 0.133 F5 6
19.400 0.983 G#5 2
20.383 0.367 G5 6
20.750 0.367 F5 6
21.117 0.233 D#5 6
21.350 1.967 F5 4
23.317 1.350 D#5 2
24.667 0.367 D5 6
25.033 0.250 D#5 6
25.283 0.233 F5 6
25.533 0.117 F5 1
25.650 1.217 A#4 6
26.883 0.100 A#4 1
26.983 0.133 G4 6
27.117 0.117 A#4 6
27.233 0.367 C5 6
27.617 0.117 C5 15
27.733 0.367 G#4 6
28.100 0.117 G4 6
28.217 0.483 F4 6
28.700 0.500 A#4 6
29.200 0.733 C5 6
29.933 1.217 C4 7
31.150 1.117 G4 4
32.283 0.100 G4 1
32.383 0.250 C4 4
32.633 0.367 G4 4
33.000 0.117 C5 4
33.117 1.217 A4 15
34.333 0.133 F4 8
34.467 0.117 E4 8
34.583 0.133 F4 8
34.717 0.117 G4 8
34.833 0.117 A4 8
34.950 0.133 C5 8
35.083 1.333 F5 15
36.433 0.117 F5 1
36.550 0.367 E5 4
36.917 0.117 D5 4
37.033 0.133 E5 15
37.183 0.100 E5 1
37.283 1.583 C5 4
38.883 0.117 C5 1
39.000 1.100 G4 4
40.117 0.100 G4 1
40.217 0.250 C4 4
40.467 0.367 G4 4
40.833 0.117 C5 4
40.950 1.233 A4 15
42.183 0.117 F4 8
42.300 0.133 E4 8
42.433 0.117 F4 8
42.550 0.117 G4 8
42.667 0.133 A4 8
42.800 0.117 C5 8
42.917 1.350 F5 15
44.283 0.100 F5 1
44.383 0.367 E5 4
44.750 0.133 D5 4
44.883 0.117 E5 15
45.017 0.100 E5 1
45.117 1.600 C5 4
46.733 0.100 C5 1
46.833 1.350 D#5 2
48.183 0.367 D5 6
48.550 0.250 D#5 6
48.800 0.233 F5 6
49.067 0.100 F5 1
49.167 1.217 A#4 6
50.400 0.233 A#4 1
50.633 0.117 F5 6
50.750 0.983 G#5 2
51.733 0.367 G5 6
52.100 0.367 F5 6
52.467 0.250 D#5 6
52.717 1.967 F5 4
54.683 1.333 D#5 2
56.017 0.367 D5 6
56.383 0.250 D#5 6
56.633 0.250 F5 6
56.900 0.100 F5 1
57.000 1.233 A#4 6
58.250 0.100 A#4 1
58.350 0.117 G4 6
58.467 0.133 A#4 6
58.600 0.367 C5 6
58.983 0.100 C5 15
59.083 0.367 G#4 6
59.450 0.133 G4 6
59.583 0.483 F4 6
60.067 0.483 A#4 6
60.550 0.733 C5 6
61.283 1.233 C4 7
62.517 1.100 G4 4
63.633 0.100 G4 1
63.733 0.250 C4 4
63.983 0.367 G4 4
64.350 0.133 C5 4
64.483 1.217 A4 15
65.700 0.117 F4 8
65.817 0.133 E4 8
65.950 0.117 F4 8
66.067 0.117 G4 8
66.183 0.133 A4 8
66.317 0.117 C5 8
66.433 1.350 F5 15
67.800 0.100 F5 1
67.900 0.367 E5 4
68.267 0.133 D5 4
68.400 0.117 E5 15
68.533 0.100 E5 1
68.633 1.600 C5 4
70.250 0.100 C5 1
70.350 1.117 G4 4
71.483 0.100 G4 1
71.583 0.250 C4 4
71.833 0.367 G4 4
72.200 0.117 C5 4
72.317 1.217 A4 15
73.533 0.133 F4 8
73.667 0.117 E4 8
73.783 0.133 F4 8
73.917 0.117 G4 8
74.033 0.117 A4 8
74.150 0.133 C5 8
74.283 1.333 F5 15
75.633 0.117 F5 1
75.750 0.367 E5 4
76.117 0.117 D5 4
76.233 0.133 E5 15
76.383 0.100 E5 1
76.483 1.583 C5 4
78.083 0.117 C5 1
78.200 1.350 D#5 2
79.550 0.367 D5 6
79.917 0.233 D#5 6
80.150 0.250 F5 6
80.417 0.100 F5 1
80.517 1.233 A#4 6
81.767 0.233 A#4 1
82.000 0.117 F5 6
82.117 0.983 G#5 2
83.100 0.367 G5 6
83.467 0.367 F5 6
83.833 0.250 D#5 6
84.083 1.950 F5 4
86.033 1.350 D#5 2
87.383 0.367 D5 6
87.750 0.250 D#5 6
88.000 0.233 F5 6
88.267 0.100 F5 1
88.367 1.217 A#4 6
89.600 0.117 A#4 1
89.717 0.117 G4 6
89.833 0.117 A#4 6
89.950 0.367 C5 6
90.333 0.117 C5 15
90.450 0.367 G#4 6
90.817 0.117 G4 6
90.933 0.500 F4 6
91.433 0.483 A#4 6
91.917 0.733 C5 6
92.650 1.233 C4 7
93.883 1.100 G4 4
95.000 0.100 G4 1
95.100 0.250 C4 4
95.350 0.367 G4 4
95.717 0.117 C5 4
95.833 1.233 A4 15
97.067 0.117 F4 8
97.183 0.117 E4 8
97.300 0.133 F4 8
97.433 0.117 G4 8
97.550 0.117 A4 8
97.667 0.133 C5 8
97.800 1.350 F5 15
99.167 0.100 F5 1
99.267 0.367 E5 4
99.633 0.117 D5 4
99.750 0.133 E5 15
99.900 0.100 E5 1
100.000 1.600 C5 4
101.617 0.100 C5 1
101.717 1.100 G4 4
102.833 0.100 G4 1
102.933 0.250 C4 4
103.183 0.367 G4 4
103.550 0.133 C5 4
103.683 1.217 A4 15
104.900 0.117 F4 8
105.017 0.133 E4 8
105.150 0.117 F4 8
105.267 0.117 G4 8
105.383 0.133 A4 8
105.517 0.117 C5 8
105.633 1.350 F5 15
107.000 0.100 F5 1
107.100 0.367 E5 4
107.467 0.133 D5 4
107.600 0.117 E5 15
107.733 0.100 E5 1
107.833 1.600 C5 4
109.450 0.100 C5 1
109.550 1.350 D#5 2
110.900 0.367 D5 6
111.267 0.250 D#5 6
111.517 0.250 F5 6
111.783 0.100 F5 1
111.883 1.233 A#4 6
113.133 0.217 A#4 1
113.350 0.133 F5 6
113.483 0.967 G#5 2
114.450 0.367 G5 6
114.817 0.367 F5 6
115.183 0.250 D#5 6
Triangle(674)
time dur note vol
0.000 0.200 C4 15
0.350 0.083 C3 15
0.467 0.067 C3 15
0.583 0.067 C4 15
0.700 0.067 C4 15
0.817 0.067 C4 15
0.933 0.150 C3 15
1.167 0.267 C4 15
1.867 0.200 C4 15
2.217 0.067 C3 15
2.333 0.067 C3 15
2.450 0.083 C4 15
2.567 0.083 C4 15
2.683 0.083 C4 15
2.800 0.150 C3 15
3.033 0.267 C4 15
3.733 0.200 C4 15
4.083 0.067 C3 15
4.200 0.067 C3 15
4.333 0.067 C4 15
4.450 0.067 C4 15
4.567 0.067 C4 15
4.700 0.150 C3 15
4.933 0.267 C4 15
5.683 0.200 C4 15
6.050 0.067 C3 15
6.167 0.067 C3 15
6.283 0.067 C4 15
6.417 0.067 C4 15
6.533 0.067 C4 15
6.650 0.150 C3 15
6.900 0.267 C4 15
7.633 0.200 C4 15
8.000 0.083 C3 15
8.133 0.067 C3 15
8.250 0.067 C4 15
8.367 0.067 C4 15
8.500 0.067 C4 15
8.617 0.150 C3 15
8.867 0.267 C4 15
9.600 0.200 C4 15
9.967 0.067 C3 15
10.083 0.083 C3 15
10.217 0.083 C4 15
10.333 0.083 C4 15
10.450 0.083 C4 15
10.583 0.150 C3 15
10.817 0.267 C4 15
11.550 0.200 C4 15
11.917 0.067 C3 15
12.050 0.067 C3 15
12.167 0.067 C4 15
12.283 0.067 C4 15
12.417 0.067 C4 15
12.533 0.150 C3 15
12.783 0.267 C4 15
13.517 0.167 C4 15
13.883 0.067 C3 15
14.000 0.067 C3 15
14.133 0.067 C4 15
14.250 0.067 C4 15
14.367 0.067 C4 15
14.500 0.133 C3 15
14.733 0.133 C4 15
14.983 0.133 D3 15
15.233 0.083 D4 15
15.350 0.083 D4 15
15.483 0.083 D#3 15
15.717 0.083 D#4 15
15.850 0.083 D#4 15
15.967 0.083 D#3 15
16.217 0.083 D#4 15
16.333 0.083 D#4 15
16.450 0.083 D#3 15
16.700 0.083 D#4 15
16.817 0.083 D#4 15
16.950 0.083 G3 15
17.067 0.083 F#3 15
17.183 0.083 G3 15
17.317 0.083 G#3 15
17.433 0.083 A#3 15
17.683 0.083 A#4 15
17.800 0.083 A#3 15
17.933 0.083 A#3 15
18.167 0.083 A#4 15
18.300 0.083 A#3 15
18.417 0.083 A#3 15
18.667 0.083 A#4 15
18.783 0.083 A#3 15
18.900 0.083 A#3 15
19.150 0.083 A#4 15
19.267 0.083 A#3 15
19.400 0.083 G#3 15
19.633 0.083 G#4 15
19.767 0.083 G#3 15
19.883 0.083 G#3 15
20.133 0.083 G#4 15
20.250 0.083 G#3 15
20.383 0.083 D#4 15
20.617 0.083 D#5 15
20.750 0.083 D#4 15
20.867 0.083 D#4 15
21.117 0.083 G3 15
21.233 0.083 G#3 15
21.350 0.083 A#3 15
21.600 0.083 A#4 15
21.717 0.083 A#3 15
21.850 0.083 G#3 15
22.083 0.083 G#4 15
22.217 0.083 G#3 15
22.333 0.083 G3 15
22.583 0.083 G4 15
22.700 0.083 G3 15
22.833 0.083 F3 15
23.067 0.083 F4 15
23.200 0.083 F3 15
23.317 0.083 D#3 15
23.567 0.083 D#4 15
23.683 0.083 D#4 15
23.800 0.083 D#3 15
24.050 0.083 D#4 15
24.167 0.083 D#4 15
24.300 0.083 D#3 15
24.533 0.083 D#4 15
24.667 0.083 D#4 15
24.783 0.083 G3 15
24.917 0.083 F#3 15
25.033 0.083 G3 15
25.150 0.083 G#3 15
25.283 0.083 A#3 15
25.517 0.083 A#4 15
25.650 0.083 A#3 15
25.767 0.083 A#3 15
26.017 0.083 A#4 15
26.133 0.083 A#3 15
26.250 0.083 A#3 15
26.500 0.083 A#4 15
26.617 0.083 A#3 15
26.750 0.083 A#3 15
26.983 0.083 F4 15
27.117 0.083 G4 15
27.233 0.500 G#4 15
27.967 0.117 G#3 15
28.217 0.733 A#3 15
29.200 0.483 C4 15
29.933 0.083 C4 15
30.050 0.083 C4 15
30.183 0.083 C4 15
30.417 0.083 C4 15
30.667 0.083 C4 15
30.917 0.083 C4 15
31.150 0.083 C4 15
31.400 0.083 C4 15
31.517 0.083 C4 15
31.650 0.083 E4 15
31.883 0.083 E4 15
32.017 0.083 E4 15
32.133 0.083 G4 15
32.383 0.083 G4 15
32.500 0.083 G4 15
32.633 0.083 E4 15
32.867 0.083 E4 15
33.000 0.083 E4 15
33.117 0.083 F4 15
33.367 0.083 F4 15
33.483 0.083 F4 15
33.600 0.083 C4 15
33.850 0.083 C4 15
33.967 0.083 C4 15
34.100 0.083 A3 15
34.333 0.083 A3 15
34.467 0.083 A3 15
34.583 0.083 F3 15
34.833 0.083 F3 15
34.950 0.083 F3 15
35.083 0.083 G#3 15
35.317 0.083 G#3 15
35.450 0.083 G#3 15
35.567 0.083 C4 15
35.817 0.083 C4 15
35.933 0.083 C4 15
36.050 0.083 F4 15
36.300 0.083 F4 15
36.417 0.083 F4 15
36.550 0.083 C4 15
36.783 0.083 C4 15
36.917 0.083 C4 15
37.033 0.083 C4 15
37.283 0.083 C4 15
37.400 0.083 C4 15
37.533 0.083 G3 15
37.767 0.083 G3 15
37.900 0.083 G3 15
38.017 0.083 C4 15
38.267 0.083 C4 15
38.383 0.083 C4 15
38.500 0.083 D4 15
38.750 0.083 D4 15
38.867 0.083 D4 15
39.000 0.083 C4 15
39.233 0.083 C4 15
39.367 0.083 C4 15
39.483 0.083 E4 15
39.733 0.083 E4 15
39.850 0.083 E4 15
39.983 0.083 G4 15
40.217 0.083 G4 15
40.350 0.083 G4 15
40.467 0.083 E4 15
40.717 0.083 E4 15
40.833 0.083 E4 15
40.950 0.083 F4 15
41.200 0.083 F4 15
41.317 0.083 F4 15
41.450 0.083 C4 15
41.683 0.083 C4 15
41.817 0.083 C4 15
41.933 0.083 A3 15
42.183 0.083 A3 15
42.300 0.083 A3 15
42.433 0.083 F3 15
42.667 0.083 F3 15
42.800 0.083 F3 15
42.917 0.083 G#3 15
43.167 0.083 G#3 15
43.283 0.083 G#3 15
43.400 0.083 C4 15
43.650 0.083 C4 15
43.767 0.083 C4 15
43.900 0.083 F4 15
44.133 0.083 F4 15
44.267 0.083 F4 15
44.383 0.083 C4 15
44.633 0.083 C4 15
44.750 0.083 C4 15
44.883 0.083 C4 15
45.117 0.083 C4 15
45.250 0.083 C4 15
45.367 0.083 G3 15
45.617 0.083 G3 15
45.733 0.083 G3 15
45.850 0.083 C4 15
46.100 0.083 C4 15
46.217 0.083 C4 15
46.350 0.083 D4 15
46.583 0.083 D4 15
46.717 0.083 D4 15
46.833 0.083 D#3 15
47.083 0.083 D#4 15
47.200 0.083 D#4 15
47.333 0.083 D#3 15
47.567 0.083 D#4 15
47.700 0.083 D#4 15
47.817 0.083 D#3 15
48.067 0.083 D#4 15
48.183 0.083 D#4 15
48.300 0.083 G3 15
48.433 0.083 F#3 15
48.550 0.083 G3 15
48.667 0.083 G#3 15
48.800 0.083 A#3 15
49.033 0.083 A#4 15
49.167 0.083 A#3 15
49.283 0.083 A#3 15
49.533 0.083 A#4 15
49.650 0.083 A#3 15
49.783 0.083 A#3 15
50.017 0.083 A#4 15
50.150 0.083 A#3 15
50.267 0.083 A#3 15
50.517 0.083 A#4 15
50.633 0.083 A#3 15
50.750 0.083 G#3 15
51.000 0.083 G#4 15
51.117 0.083 G#3 15
51.250 0.083 G#3 15
51.483 0.083 G#4 15
51.617 0.083 G#3 15
51.733 0.083 D#4 15
51.983 0.083 D#5 15
52.100 0.083 D#4 15
52.233 0.083 D#4 15
52.467 0.083 G3 15
52.600 0.083 G#3 15
52.717 0.083 A#3 15
52.967 0.083 A#4 15
53.083 0.083 A#3 15
53.200 0.083 G#3 15
53.450 0.083 G#4 15
53.567 0.083 G#3 15
53.700 0.083 G3 15
53.933 0.083 G4 15
54.067 0.083 G3 15
54.183 0.083 F3 15
54.433 0.083 F4 15
54.550 0.083 F3 15
54.683 0.083 D#3 15
54.917 0.083 D#4 15
55.050 0.083 D#4 15
55.167 0.083 D#3 15
55.417 0.083 D#4 15
55.533 0.083 D#4 15
55.650 0.083 D#3 15
55.900 0.083 D#4 15
56.017 0.083 D#4 15
56.150 0.083 G3 15
56.267 0.083 F#3 15
56.383 0.083 G3 15
56.517 0.083 G#3 15
56.633 0.083 A#3 15
56.883 0.083 A#4 15
57.000 0.083 A#3 15
57.133 0.083 A#3 15
57.367 0.083 A#4 15
57.500 0.083 A#3 15
57.617 0.083 A#3 15
57.867 0.083 A#4 15
57.983 0.083 A#3 15
58.100 0.083 A#3 15
58.350 0.083 F4 15
58.467 0.083 G4 15
58.600 0.483 G#4 15
59.333 0.117 G#3 15
59.583 0.733 A#3 15
60.550 0.500 C4 15
61.283 0.083 C4 15
61.417 0.083 C4 15
61.533 0.083 C4 15
61.783 0.083 C4 15
62.033 0.083 C4 15
62.267 0.083 C4 15
62.517 0.083 C4 15
62.767 0.083 C4 15
62.883 0.083 C4 15
63.000 0.083 E4 15
63.250 0.083 E4 15
63.367 0.083 E4 15
63.500 0.083 G4 15
63.733 0.083 G4 15
63.867 0.083 G4 15
63.983 0.083 E4 15
64.233 0.083 E4 15
64.350 0.083 E4 15
64.483 0.083 F4 15
64.717 0.083 F4 15
64.850 0.083 F4 15
64.967 0.083 C4 15
65.217 0.083 C4 15
65.333 0.083 C4 15
65.450 0.083 A3 15
65.700 0.083 A3 15
65.817 0.083 A3 15
65.950 0.083 F3 15
66.183 0.083 F3 15
66.317 0.083 F3 15
66.433 0.083 G#3 15
66.683 0.083 G#3 15
66.800 0.083 G#3 15
66.933 0.083 C4 15
67.167 0.083 C4 15
67.300 0.083 C4 15
67.417 0.083 F4 15
67.667 0.083 F4 15
67.783 0.083 F4 15
67.900 0.083 C4 15
68.150 0.083 C4 15
68.267 0.083 C4 15
68.400 0.083 C4 15
68.633 0.083 C4 15
68.767 0.083 C4 15
68.883 0.083 G3 15
69.133 0.083 G3 15
69.250 0.083 G3 15
69.383 0.083 C4 15
69.617 0.083 C4 15
69.750 0.083 C4 15
69.867 0.083 D4 15
70.117 0.083 D4 15
70.233 0.083 D4 15
70.350 0.083 C4 15
70.600 0.083 C4 15
70.717 0.083 C4 15
70.850 0.083 E4 15
71.083 0.083 E4 15
71.217 0.083 E4 15
71.333 0.083 G4 15
71.583 0.083 G4 15
71.700 0.083 G4 15
71.833 0.083 E4 15
72.067 0.083 E4 15
72.200 0.083 E4 15
72.317 0.083 F4 15
72.567 0.083 F4 15
72.683 0.083 F4 15
72.800 0.083 C4 15
73.050 0.083 C4 15
73.167 0.083 C4 15
73.300 0.083 A3 15
73.533 0.083 A3 15
73.667 0.083 A3 15
73.783 0.083 F3 15
74.033 0.083 F3 15
74.150 0.083 F3 15
74.283 0.083 G#3 15
74.517 0.083 G#3 15
74.650 0.083 G#3 15
74.767 0.083 C4 15
75.017 0.083 C4 15
75.133 0.083 C4 15
75.250 0.083 F4 15
75.500 0.083 F4 15
75.617 0.083 F4 15
75.750 0.083 C4 15
75.983 0.083 C4 15
76.117 0.083 C4 15
76.233 0.083 C4 15
76.483 0.083 C4 15
76.600 0.083 C4 15
76.733 0.083 G3 15
76.967 0.083 G3 15
77.100 0.083 G3 15
77.217 0.083 C4 15
77.467 0.083 C4 15
77.583 0.083 C4 15
77.700 0.083 D4 15
77.950 0.083 D4 15
78.067 0.083 D4 15
78.200 0.083 D#3 15
78.433 0.083 D#4 15
78.567 0.083 D#4 15
78.683 0.083 D#3 15
78.933 0.083 D#4 15
79.050 0.083 D#4 15
79.183 0.083 D#3 15
79.417 0.083 D#4 15
79.550 0.083 D#4 15
79.667 0.083 G3 15
79.783 0.083 F#3 15
79.917 0.083 G3 15
80.033 0.083 G#3 15
80.150 0.083 A#3 15
80.400 0.083 A#4 15
80.517 0.083 A#3 15
80.650 0.083 A#3 15
80.883 0.083 A#4 15
81.017 0.083 A#3 15
81.133 0.083 A#3 15
81.383 0.083 A#4 15
81.500 0.083 A#3 15
81.633 0.083 A#3 15
81.867 0.083 A#4 15
82.000 0.083 A#3 15
82.117 0.083 G#3 15
82.367 0.083 G#4 15
82.483 0.083 G#3 15
82.600 0.083 G#3 15
82.850 0.083 G#4 15
82.967 0.083 G#3 15
83.100 0.083 D#4 15
83.333 0.083 D#5 15
83.467 0.083 D#4 15
83.583 0.083 D#4 15
83.833 0.083 G3 15
83.950 0.083 G#3 15
84.083 0.083 A#3 15
84.317 0.083 A#4 15
84.450 0.083 A#3 15
84.567 0.083 G#3 15
84.817 0.083 G#4 15
84.933 0.083 G#3 15
85.050 0.083 G3 15
85.300 0.083 G4 15
85.417 0.083 G3 15
85.550 0.083 F3 15
85.783 0.083 F4 15
85.917 0.083 F3 15
86.033 0.083 D#3 15
86.283 0.083 D#4 15
86.400 0.083 D#4 15
86.533 0.083 D#3 15
86.767 0.083 D#4 15
86.900 0.083 D#4 15
87.017 0.083 D#3 15
87.267 0.083 D#4 15
87.383 0.083 D#4 15
87.500 0.083 G3 15
87.633 0.083 F#3 15
87.750 0.083 G3 15
87.867 0.083 G#3 15
88.000 0.083 A#3 15
88.233 0.083 A#4 15
88.367 0.083 A#3 15
88.483 0.083 A#3 15
88.733 0.083 A#4 15
88.850 0.083 A#3 15
88.983 0.083 A#3 15
89.217 0.083 A#4 15
89.350 0.083 A#3 15
89.467 0.083 A#3 15
89.717 0.083 F4 15
89.833 0.083 G4 15
89.950 0.500 G#4 15
90.683 0.117 G#3 15
90.933 0.733 A#3 15
91.917 0.483 C4 15
92.650 0.083 C4 15
92.767 0.083 C4 15
92.900 0.083 C4 15
93.133 0.083 C4 15
93.383 0.083 C4 15
93.633 0.083 C4 15
93.883 0.083 C4 15
94.117 0.083 C4 15
94.250 0.083 C4 15
94.367 0.083 E4 15
94.617 0.083 E4 15
94.733 0.083 E4 15
94.850 0.083 G4 15
95.100 0.083 G4 15
95.217 0.083 G4 15
95.350 0.083 E4 15
95.583 0.083 E4 15
95.717 0.083 E4 15
95.833 0.083 F4 15
96.083 0.083 F4 15
96.200 0.083 F4 15
96.333 0.083 C4 15
96.567 0.083 C4 15
96.700 0.083 C4 15
96.817 0.083 A3 15
97.067 0.083 A3 15
97.183 0.083 A3 15
97.300 0.083 F3 15
97.550 0.083 F3 15
97.667 0.083 F3 15
97.800 0.083 G#3 15
98.033 0.083 G#3 15
98.167 0.083 G#3 15
98.283 0.083 C4 15
98.533 0.083 C4 15
98.650 0.083 C4 15
98.783 0.083 F4 15
99.017 0.083 F4 15
99.150 0.083 F4 15
99.267 0.083 C4 15
99.517 0.083 C4 15
99.633 0.083 C4 15
99.750 0.083 C4 15
100.000 0.083 C4 15
100.117 0.083 C4 15
100.250 0.083 G3 15
100.483 0.083 G3 15
100.617 0.083 G3 15
100.733 0.083 C4 15
100.983 0.083 C4 15
101.100 0.083 C4 15
101.233 0.083 D4 15
101.467 0.083 D4 15
101.600 0.083 D4 15
101.717 0.083 C4 15
101.967 0.083 C4 15
102.083 0.083 C4 15
102.200 0.083 E4 15
102.450 0.083 E4 15
102.567 0.083 E4 15
102.700 0.083 G4 15
102.933 0.083 G4 15
103.067 0.083 G4 15
103.183 0.083 E4 15
103.433 0.083 E4 15
103.550 0.083 E4 15
103.683 0.083 F4 15
103.917 0.083 F4 15
104.050 0.083 F4 15
104.167 0.083 C4 15
104.417 0.083 C4 15
104.533 0.083 C4 15
104.650 0.083 A3 15
104.900 0.083 A3 15
105.017 0.083 A3 15
105.150 0.083 F3 15
105.383 0.083 F3 15
105.517 0.083 F3 15
105.633 0.083 G#3 15
105.883 0.083 G#3 15
106.000 0.083 G#3 15
106.133 0.083 C4 15
106.367 0.083 C4 15
106.500 0.083 C4 15
106.617 0.083 F4 15
106.867 0.083 F4 15
106.983 0.083 F4 15
107.100 0.083 C4 15
107.350 0.083 C4 15
107.467 0.083 C4 15
107.600 0.083 C4 15
107.833 0.083 C4 15
107.967 0.083 C4 15
108.083 0.083 G3 15
108.333 0.083 G3 15
108.450 0.083 G3 15
108.583 0.083 C4 15
108.817 0.083 C4 15
108.950 0.083 C4 15
109.067 0.083 D4 15
109.317 0.083 D4 15
109.433 0.083 D4 15
109.550 0.083 D#3 15
109.800 0.083 D#4 15
109.917 0.083 D#4 15
110.050 0.083 D#3 15
110.283 0.083 D#4 15
110.417 0.083 D#4 15
110.533 0.083 D#3 15
110.783 0.083 D#4 15
110.900 0.083 D#4 15
111.033 0.083 G3 15
111.150 0.083 F#3 15
111.267 0.083 G3 15
111.400 0.083 G#3 15
111.517 0.083 A#3 15
111.767 0.083 A#4 15
111.883 0.083 A#3 15
112.000 0.083 A#3 15
112.250 0.083 A#4 15
112.367 0.083 A#3 15
112.500 0.083 A#3 15
112.733 0.083 A#4 15
112.867 0.083 A#3 15
112.983 0.083 A#3 15
113.233 0.083 A#4 15
113.350 0.083 A#3 15
113.483 0.083 G#3 15
113.717 0.083 G#4 15
113.850 0.083 G#3 15
113.967 0.083 G#3 15
114.217 0.083 G#4 15
114.333 0.083 G#3 15
114.450 0.083 D#4 15
114.700 0.083 D#5 15
114.817 0.083 D#4 15
114.950 0.083 D#4 15
115.183 0.083 G3 15
115.317 0.083 G#3 15
115.433 0.083 A#3 15
115.683 0.083 A#4 15
115.800 0.083 A#3 15
115.933 0.083 G#3 15
116.167 0.083 G#4 15
116.300 0.083 G#3 15
116.417 0.083 G3 15
116.667 0.083 G4 15
116.783 0.083 G3 15
116.900 0.083 F3 15
117.150 0.083 F4 15
117.267 0.083 F3 15
117.400 0.083 D#3 15
117.633 0.083 D#4 15
117.767 0.083 D#4 15
117.883 0.083 D#3 15
118.133 0.083 D#4 15
118.250 0.083 D#4 15
118.383 0.083 D#3 15
118.617 0.083 D#4 15
118.750 0.083 D#4 15
118.867 0.083 G3 15
118.983 0.083 F#3 15
119.117 0.083 G3 15
119.233 0.083 G#3 15
119.350 0.083 A#3 15
119.600 0.083 A#4 15
119.717 0.083 A#3 15
119.850 0.083 A#3 15
120.083 0.083 A#4 15
Noise(1312)
time dur noise vol drum
0.367 0.017 9 6 tom_rumble
0.383 0.017 10 2 kick_heavy
0.400 0.033 13 15 roar_ultra_low
0.483 0.017 7 7 explosion_distant
0.500 0.017 8 5 tom_low
0.517 0.017 9 3 tom_rumble
0.533 0.033 10 2 kick_heavy
0.600 0.017 9 6 tom_rumble
0.617 0.017 10 2 kick_heavy
0.633 0.033 13 15 roar_ultra_low
0.833 0.017 9 6 tom_rumble
0.850 0.017 10 2 kick_heavy
0.867 0.033 13 15 roar_ultra_low
1.417 0.017 7 7 explosion_distant
1.433 0.017 8 5 tom_low
1.450 0.017 9 3 tom_rumble
1.467 0.033 10 2 kick_heavy
2.233 0.017 9 6 tom_rumble
2.250 0.017 10 2 kick_heavy
2.267 0.033 13 15 roar_ultra_low
2.350 0.017 7 7 explosion_distant
2.367 0.017 8 5 tom_low
2.383 0.017 9 3 tom_rumble
2.400 0.033 10 2 kick_heavy
2.467 0.017 9 6 tom_rumble
2.483 0.017 10 2 kick_heavy
2.500 0.033 13 15 roar_ultra_low
2.700 0.017 9 6 tom_rumble
2.717 0.017 10 2 kick_heavy
2.733 0.033 13 15 roar_ultra_low
3.283 0.017 7 7 explosion_distant
3.300 0.017 8 5 tom_low
3.317 0.017 9 3 tom_rumble
3.333 0.033 10 2 kick_heavy
4.100 0.017 9 6 tom_rumble
4.117 0.017 10 2 kick_heavy
4.133 0.033 13 15 roar_ultra_low
4.217 0.017 7 7 explosion_distant
4.233 0.033 8 5 tom_low
4.267 0.017 9 3 tom_rumble
4.283 0.033 10 2 kick_heavy
4.350 0.017 9 6 tom_rumble
4.367 0.017 10 2 kick_heavy
4.383 0.033 13 15 roar_ultra_low
4.583 0.033 9 6 tom_rumble
4.617 0.017 10 2 kick_heavy
4.633 0.033 13 15 roar_ultra_low
5.200 0.017 7 7 explosion_distant
5.217 0.017 8 5 tom_low
5.233 0.017 9 3 tom_rumble
5.250 0.033 10 2 kick_heavy
6.067 0.017 9 6 tom_rumble
6.083 0.017 10 2 kick_heavy
6.100 0.033 13 15 roar_ultra_low
6.183 0.017 7 7 explosion_distant
6.200 0.017 8 5 tom_low
6.217 0.017 9 3 tom_rumble
6.233 0.033 10 2 kick_heavy
6.300 0.017 9 6 tom_rumble
6.317 0.017 10 2 kick_heavy
6.333 0.050 13 15 roar_ultra_low
6.550 0.017 9 6 tom_rumble
6.567 0.017 10 2 kick_heavy
6.583 0.033 13 15 roar_ultra_low
6.917 0.017 7 7 explosion_distant
6.933 0.017 8 5 tom_low
6.950 0.017 9 3 tom_rumble
6.967 0.033 10 2 kick_heavy
7.167 0.017 7 7 explosion_distant
7.183 0.017 8 5 tom_low
7.200 0.017 9 3 tom_rumble
7.217 0.033 10 2 kick_heavy
7.417 0.017 7 7 explosion_distant
7.433 0.017 8 5 tom_low
7.450 0.017 9 3 tom_rumble
7.467 0.033 10 2 kick_heavy
7.533 0.017 7 7 explosion_distant
7.550 0.017 8 5 tom_low
7.567 0.017 9 3 tom_rumble
7.583 0.033 10 2 kick_heavy
8.017 0.017 9 6 tom_rumble
8.033 0.017 10 2 kick_heavy
8.050 0.033 13 15 roar_ultra_low
8.150 0.017 7 7 explosion_distant
8.167 0.017 8 5 tom_low
8.183 0.017 9 3 tom_rumble
8.200 0.033 10 2 kick_heavy
8.267 0.017 9 6 tom_rumble
8.283 0.017 10 2 kick_heavy
8.300 0.033 13 15 roar_ultra_low
8.517 0.017 9 6 tom_rumble
8.533 0.017 10 2 kick_heavy
8.550 0.033 13 15 roar_ultra_low
9.117 0.017 7 7 explosion_distant
9.133 0.033 8 5 tom_low
9.167 0.017 9 3 tom_rumble
9.183 0.033 10 2 kick_heavy
9.367 0.017 9 6 tom_rumble
9.383 0.017 10 2 kick_heavy
9.400 0.033 13 15 roar_ultra_low
9.483 0.033 9 6 tom_rumble
9.517 0.017 10 2 kick_heavy
9.533 0.033 13 15 roar_ultra_low
9.983 0.017 9 6 tom_rumble
10.000 0.017 10 2 kick_heavy
10.017 0.033 13 15 roar_ultra_low
10.100 0.017 7 7 explosion_distant
10.117 0.017 8 5 tom_low
10.133 0.017 9 3 tom_rumble
10.150 0.033 10 2 kick_heavy
10.233 0.017 9 6 tom_rumble
10.250 0.017 10 2 kick_heavy
10.267 0.033 13 15 roar_ultra_low
10.467 0.017 9 6 tom_rumble
10.483 0.017 10 2 kick_heavy
10.500 0.033 13 15 roar_ultra_low
11.083 0.017 7 7 explosion_distant
11.100 0.017 8 5 tom_low
11.117 0.017 9 3 tom_rumble
11.133 0.033 10 2 kick_heavy
11.333 0.017 9 6 tom_rumble
11.350 0.017 10 2 kick_heavy
11.367 0.033 13 15 roar_ultra_low
11.450 0.017 9 6 tom_rumble
11.467 0.017 10 2 kick_heavy
11.483 0.033 13 15 roar_ultra_low
11.933 0.033 9 6 tom_rumble
11.967 0.017 10 2 kick_heavy
11.983 0.033 13 15 roar_ultra_low
12.067 0.017 7 7 explosion_distant
12.083 0.017 8 5 tom_low
12.100 0.017 9 3 tom_rumble
12.117 0.033 10 2 kick_heavy
12.183 0.017 9 6 tom_rumble
12.200 0.017 10 2 kick_heavy
12.217 0.033 13 15 roar_ultra_low
12.433 0.017 9 6 tom_rumble
12.450 0.017 10 2 kick_heavy
12.467 0.033 13 15 roar_ultra_low
13.050 0.017 7 7 explosion_distant
13.067 0.017 8 5 tom_low
13.083 0.017 9 3 tom_rumble
13.100 0.033 10 2 kick_heavy
13.283 0.017 9 6 tom_rumble
13.300 0.017 10 2 kick_heavy
13.317 0.050 13 15 roar_ultra_low
13.417 0.017 9 6 tom_rumble
13.433 0.017 10 2 kick_heavy
13.450 0.033 13 15 roar_ultra_low
13.900 0.017 9 6 tom_rumble
13.917 0.017 10 2 kick_heavy
13.933 0.033 13 15 roar_ultra_low
14.017 0.017 7 7 explosion_distant
14.033 0.033 8 5 tom_low
14.067 0.017 9 3 tom_rumble
14.083 0.033 10 2 kick_heavy
14.150 0.017 9 6 tom_rumble
14.167 0.017 10 2 kick_heavy
14.183 0.033 13 15 roar_ultra_low
14.383 0.033 9 6 tom_rumble
14.417 0.017 10 2 kick_heavy
14.433 0.033 13 15 roar_ultra_low
15.000 0.017 7 7 explosion_distant
15.017 0.017 8 5 tom_low
15.033 0.017 9 3 tom_rumble
15.050 0.033 10 2 kick_heavy
15.250 0.017 7 7 explosion_distant
15.267 0.017 8 5 tom_low
15.283 0.017 9 3 tom_rumble
15.300 0.033 10 2 kick_heavy
15.367 0.017 7 7 explosion_distant
15.383 0.017 8 5 tom_low
15.400 0.017 9 3 tom_rumble
15.417 0.050 10 2 kick_heavy
15.867 0.017 9 6 tom_rumble
15.883 0.017 10 2 kick_heavy
15.900 0.033 13 15 roar_ultra_low
15.983 0.017 7 7 explosion_distant
16.000 0.017 8 5 tom_low
16.017 0.017 9 3 tom_rumble
16.033 0.033 10 2 kick_heavy
16.350 0.017 9 6 tom_rumble
16.367 0.017 10 2 kick_heavy
16.383 0.033 13 15 roar_ultra_low
16.833 0.033 9 6 tom_rumble
16.867 0.017 10 2 kick_heavy
16.883 0.033 13 15 roar_ultra_low
16.967 0.017 7 7 explosion_distant
16.983 0.017 8 5 tom_low
17.000 0.017 9 3 tom_rumble
17.017 0.033 10 2 kick_heavy
17.333 0.017 9 6 tom_rumble
17.350 0.017 10 2 kick_heavy
17.367 0.033 13 15 roar_ultra_low
17.817 0.017 9 6 tom_rumble
17.833 0.017 10 2 kick_heavy
17.850 0.033 13 15 roar_ultra_low
17.950 0.017 7 7 explosion_distant
17.967 0.017 8 5 tom_low
17.983 0.017 9 3 tom_rumble
18.000 0.033 10 2 kick_heavy
18.317 0.017 9 6 tom_rumble
18.333 0.017 10 2 kick_heavy
18.350 0.033 13 15 roar_ultra_low
18.800 0.017 9 6 tom_rumble
18.817 0.017 10 2 kick_heavy
18.833 0.033 13 15 roar_ultra_low
18.917 0.017 7 7 explosion_distant
18.933 0.033 8 5 tom_low
18.967 0.017 9 3 tom_rumble
18.983 0.033 10 2 kick_heavy
19.283 0.033 9 6 tom_rumble
19.317 0.017 10 2 kick_heavy
19.333 0.033 13 15 roar_ultra_low
19.783 0.017 9 6 tom_rumble
19.800 0.017 10 2 kick_heavy
19.817 0.033 13 15 roar_ultra_low
19.900 0.017 7 7 explosion_distant
19.917 0.017 8 5 tom_low
19.933 0.017 9 3 tom_rumble
19.950 0.033 10 2 kick_heavy
20.267 0.017 9 6 tom_rumble
20.283 0.017 10 2 kick_heavy
20.300 0.033 13 15 roar_ultra_low
20.767 0.017 9 6 tom_rumble
20.783 0.017 10 2 kick_heavy
20.800 0.033 13 15 roar_ultra_low
20.883 0.017 7 7 explosion_distant
20.900 0.017 8 5 tom_low
20.917 0.017 9 3 tom_rumble
20.933 0.033 10 2 kick_heavy
21.250 0.017 9 6 tom_rumble
21.267 0.017 10 2 kick_heavy
21.283 0.033 13 15 roar_ultra_low
21.367 0.017 7 7 explosion_distant
21.383 0.033 8 5 tom_low
21.417 0.017 9 3 tom_rumble
21.433 0.033 10 2 kick_heavy
21.867 0.017 7 7 explosion_distant
21.883 0.017 8 5 tom_low
21.900 0.017 9 3 tom_rumble
21.917 0.033 10 2 kick_heavy
22.350 0.017 7 7 explosion_distant
22.367 0.017 8 5 tom_low
22.383 0.017 9 3 tom_rumble
22.400 0.033 10 2 kick_heavy
22.850 0.017 7 7 explosion_distant
22.867 0.017 8 5 tom_low
22.883 0.017 9 3 tom_rumble
22.900 0.033 10 2 kick_heavy
22.967 0.017 7 7 explosion_distant
22.983 0.017 8 5 tom_low
23.000 0.017 9 3 tom_rumble
23.017 0.033 10 2 kick_heavy
23.083 0.017 7 7 explosion_distant
23.100 0.017 8 5 tom_low
23.117 0.017 9 3 tom_rumble
23.133 0.050 10 2 kick_heavy
23.217 0.017 7 7 explosion_distant
23.233 0.017 8 5 tom_low
23.250 0.017 9 3 tom_rumble
23.267 0.033 10 2 kick_heavy
23.700 0.017 9 6 tom_rumble
23.717 0.017 10 2 kick_heavy
23.733 0.033 13 15 roar_ultra_low
23.817 0.017 7 7 explosion_distant
23.833 0.033 8 5 tom_low
23.867 0.017 9 3 tom_rumble
23.883 0.033 10 2 kick_heavy
24.183 0.033 9 6 tom_rumble
24.217 0.017 10 2 kick_heavy
24.233 0.033 13 15 roar_ultra_low
24.683 0.017 9 6 tom_rumble
24.700 0.017 10 2 kick_heavy
24.717 0.033 13 15 roar_ultra_low
24.800 0.017 7 7 explosion_distant
24.817 0.017 8 5 tom_low
24.833 0.017 9 3 tom_rumble
24.850 0.033 10 2 kick_heavy
25.167 0.017 9 6 tom_rumble
25.183 0.017 10 2 kick_heavy
25.200 0.033 13 15 roar_ultra_low
25.667 0.017 9 6 tom_rumble
25.683 0.017 10 2 kick_heavy
25.700 0.033 13 15 roar_ultra_low
25.783 0.017 7 7 explosion_distant
25.800 0.017 8 5 tom_low
25.817 0.017 9 3 tom_rumble
25.833 0.033 10 2 kick_heavy
26.150 0.017 9 6 tom_rumble
26.167 0.017 10 2 kick_heavy
26.183 0.033 13 15 roar_ultra_low
26.633 0.033 9 6 tom_rumble
26.667 0.017 10 2 kick_heavy
26.683 0.033 13 15 roar_ultra_low
26.767 0.017 7 7 explosion_distant
26.783 0.017 8 5 tom_low
26.800 0.017 9 3 tom_rumble
26.817 0.033 10 2 kick_heavy
27.017 0.017 7 7 explosion_distant
27.033 0.017 8 5 tom_low
27.050 0.017 9 3 tom_rumble
27.067 0.033 10 2 kick_heavy
27.133 0.017 7 7 explosion_distant
27.150 0.017 8 5 tom_low
27.167 0.017 9 3 tom_rumble
27.183 0.033 10 2 kick_heavy
27.617 0.017 9 6 tom_rumble
27.633 0.017 10 2 kick_heavy
27.650 0.033 13 15 roar_ultra_low
27.750 0.017 7 7 explosion_distant
27.767 0.017 8 5 tom_low
27.783 0.017 9 3 tom_rumble
27.800 0.033 10 2 kick_heavy
28.600 0.017 9 6 tom_rumble
28.617 0.017 10 2 kick_heavy
28.633 0.033 13 15 roar_ultra_low
28.717 0.017 7 7 explosion_distant
28.733 0.033 8 5 tom_low
28.767 0.017 9 3 tom_rumble
28.783 0.033 10 2 kick_heavy
28.967 0.017 7 7 explosion_distant
28.983 0.017 8 5 tom_low
29.000 0.017 9 3 tom_rumble
29.017 0.033 10 2 kick_heavy
29.700 0.017 7 7 explosion_distant
29.717 0.017 8 5 tom_low
29.733 0.017 9 3 tom_rumble
29.750 0.033 10 2 kick_heavy
30.683 0.017 7 7 explosion_distant
30.700 0.017 8 5 tom_low
30.717 0.017 9 3 tom_rumble
30.733 0.033 10 2 kick_heavy
30.933 0.017 7 7 explosion_distant
30.950 0.017 8 5 tom_low
30.967 0.017 9 3 tom_rumble
30.983 0.033 10 2 kick_heavy
31.050 0.017 7 7 explosion_distant
31.067 0.017 8 5 tom_low
31.083 0.017 9 3 tom_rumble
31.100 0.033 10 2 kick_heavy
31.417 0.017 9 6 tom_rumble
31.433 0.017 10 2 kick_heavy
31.450 0.033 13 15 roar_ultra_low
31.667 0.017 7 7 explosion_distant
31.683 0.017 8 5 tom_low
31.700 0.017 9 3 tom_rumble
31.717 0.033 10 2 kick_heavy
32.033 0.017 9 6 tom_rumble
32.050 0.017 10 2 kick_heavy
32.067 0.033 13 15 roar_ultra_low
32.400 0.017 9 6 tom_rumble
32.417 0.017 10 2 kick_heavy
32.433 0.033 13 15 roar_ultra_low
32.650 0.017 7 7 explosion_distant
32.667 0.017 8 5 tom_low
32.683 0.017 9 3 tom_rumble
32.700 0.033 10 2 kick_heavy
33.017 0.017 9 6 tom_rumble
33.033 0.017 10 2 kick_heavy
33.050 0.033 13 15 roar_ultra_low
33.383 0.017 9 6 tom_rumble
33.400 0.017 10 2 kick_heavy
33.417 0.033 13 15 roar_ultra_low
33.617 0.017 7 7 explosion_distant
33.633 0.033 8 5 tom_low
33.667 0.017 9 3 tom_rumble
33.683 0.033 10 2 kick_heavy
33.983 0.033 9 6 tom_rumble
34.017 0.017 10 2 kick_heavy
34.033 0.033 13 15 roar_ultra_low
34.367 0.017 9 6 tom_rumble
34.383 0.017 10 2 kick_heavy
34.400 0.033 13 15 roar_ultra_low
34.600 0.017 7 7 explosion_distant
34.617 0.017 8 5 tom_low
34.633 0.017 9 3 tom_rumble
34.650 0.033 10 2 kick_heavy
34.967 0.017 9 6 tom_rumble
34.983 0.017 10 2 kick_heavy
35.000 0.033 13 15 roar_ultra_low
35.333 0.017 9 6 tom_rumble
35.350 0.017 10 2 kick_heavy
35.367 0.050 13 15 roar_ultra_low
35.583 0.017 7 7 explosion_distant
35.600 0.017 8 5 tom_low
35.617 0.017 9 3 tom_rumble
35.633 0.033 10 2 kick_heavy
35.950 0.017 9 6 tom_rumble
35.967 0.017 10 2 kick_heavy
35.983 0.033 13 15 roar_ultra_low
36.317 0.017 9 6 tom_rumble
36.333 0.017 10 2 kick_heavy
36.350 0.033 13 15 roar_ultra_low
36.567 0.017 7 7 explosion_distant
36.583 0.017 8 5 tom_low
36.600 0.017 9 3 tom_rumble
36.617 0.033 10 2 kick_heavy
36.933 0.017 9 6 tom_rumble
36.950 0.017 10 2 kick_heavy
36.967 0.033 13 15 roar_ultra_low
37.300 0.017 9 6 tom_rumble
37.317 0.017 10 2 kick_heavy
37.333 0.033 13 15 roar_ultra_low
37.550 0.017 7 7 explosion_distant
37.567 0.017 8 5 tom_low
37.583 0.017 9 3 tom_rumble
37.600 0.033 10 2 kick_heavy
37.917 0.017 9 6 tom_rumble
37.933 0.017 10 2 kick_heavy
37.950 0.033 13 15 roar_ultra_low
38.283 0.017 9 6 tom_rumble
38.300 0.017 10 2 kick_heavy
38.317 0.033 13 15 roar_ultra_low
38.517 0.017 7 7 explosion_distant
38.533 0.033 8 5 tom_low
38.567 0.017 9 3 tom_rumble
38.583 0.033 10 2 kick_heavy
38.767 0.017 7 7 explosion_distant
38.783 0.017 8 5 tom_low
38.800 0.017 9 3 tom_rumble
38.817 0.033 10 2 kick_heavy
38.883 0.033 7 7 explosion_distant
38.917 0.017 8 5 tom_low
38.933 0.017 9 3 tom_rumble
38.950 0.033 10 2 kick_heavy
39.267 0.017 9 6 tom_rumble
39.283 0.017 10 2 kick_heavy
39.300 0.033 13 15 roar_ultra_low
39.500 0.017 7 7 explosion_distant
39.517 0.017 8 5 tom_low
39.533 0.017 9 3 tom_rumble
39.550 0.033 10 2 kick_heavy
39.867 0.017 9 6 tom_rumble
39.883 0.017 10 2 kick_heavy
39.900 0.033 13 15 roar_ultra_low
40.233 0.017 9 6 tom_rumble
40.250 0.017 10 2 kick_heavy
40.267 0.050 13 15 roar_ultra_low
40.483 0.017 7 7 explosion_distant
40.500 0.017 8 5 tom_low
40.517 0.017 9 3 tom_rumble
40.533 0.033 10 2 kick_heavy
40.850 0.017 9 6 tom_rumble
40.867 0.017 10 2 kick_heavy
40.883 0.033 13 15 roar_ultra_low
41.217 0.017 9 6 tom_rumble
41.233 0.017 10 2 kick_heavy
41.250 0.033 13 15 roar_ultra_low
41.467 0.017 7 7 explosion_distant
41.483 0.017 8 5 tom_low
41.500 0.017 9 3 tom_rumble
41.517 0.033 10 2 kick_heavy
41.833 0.017 9 6 tom_rumble
41.850 0.017 10 2 kick_heavy
41.867 0.033 13 15 roar_ultra_low
42.200 0.017 9 6 tom_rumble
42.217 0.017 10 2 kick_heavy
42.233 0.033 13 15 roar_ultra_low
42.450 0.017 7 7 explosion_distant
42.467 0.017 8 5 tom_low
42.483 0.017 9 3 tom_rumble
42.500 0.033 10 2 kick_heavy
42.817 0.017 9 6 tom_rumble
42.833 0.017 10 2 kick_heavy
42.850 0.033 13 15 roar_ultra_low
43.183 0.017 9 6 tom_rumble
43.200 0.017 10 2 kick_heavy
43.217 0.033 13 15 roar_ultra_low
43.417 0.017 7 7 explosion_distant
43.433 0.033 8 5 tom_low
43.467 0.017 9 3 tom_rumble
43.483 0.033 10 2 kick_heavy
43.783 0.033 9 6 tom_rumble
43.817 0.017 10 2 kick_heavy
43.833 0.033 13 15 roar_ultra_low
44.167 0.017 9 6 tom_rumble
44.183 0.017 10 2 kick_heavy
44.200 0.033 13 15 roar_ultra_low
44.400 0.017 7 7 explosion_distant
44.417 0.017 8 5 tom_low
44.433 0.017 9 3 tom_rumble
44.450 0.033 10 2 kick_heavy
44.767 0.017 9 6 tom_rumble
44.783 0.017 10 2 kick_heavy
44.800 0.033 13 15 roar_ultra_low
45.133 0.017 9 6 tom_rumble
45.150 0.017 10 2 kick_heavy
45.167 0.050 13 15 roar_ultra_low
45.383 0.017 7 7 explosion_distant
45.400 0.017 8 5 tom_low
45.417 0.017 9 3 tom_rumble
45.433 0.033 10 2 kick_heavy
45.750 0.017 9 6 tom_rumble
45.767 0.017 10 2 kick_heavy
45.783 0.033 13 15 roar_ultra_low
46.117 0.017 9 6 tom_rumble
46.133 0.017 10 2 kick_heavy
46.150 0.033 13 15 roar_ultra_low
46.367 0.017 7 7 explosion_distant
46.383 0.017 8 5 tom_low
46.400 0.017 9 3 tom_rumble
46.417 0.033 10 2 kick_heavy
46.483 0.017 7 7 explosion_distant
46.500 0.017 8 5 tom_low
46.517 0.017 9 3 tom_rumble
46.533 0.033 10 2 kick_heavy
46.617 0.017 7 7 explosion_distant
46.633 0.017 8 5 tom_low
46.650 0.017 9 3 tom_rumble
46.667 0.033 10 2 kick_heavy
46.733 0.017 7 7 explosion_distant
46.750 0.017 8 5 tom_low
46.767 0.017 9 3 tom_rumble
46.783 0.033 10 2 kick_heavy
47.217 0.017 9 6 tom_rumble
47.233 0.017 10 2 kick_heavy
47.250 0.033 13 15 roar_ultra_low
47.350 0.017 7 7 explosion_distant
47.367 0.017 8 5 tom_low
47.383 0.017 9 3 tom_rumble
47.400 0.033 10 2 kick_heavy
47.717 0.017 9 6 tom_rumble
47.733 0.017 10 2 kick_heavy
47.750 0.033 13 15 roar_ultra_low
48.200 0.017 9 6 tom_rumble
48.217 0.017 10 2 kick_heavy
48.233 0.033 13 15 roar_ultra_low
48.317 0.017 7 7 explosion_distant
48.333 0.033 8 5 tom_low
48.367 0.017 9 3 tom_rumble
48.383 0.033 10 2 kick_heavy
48.683 0.033 9 6 tom_rumble
48.717 0.017 10 2 kick_heavy
48.733 0.033 13 15 roar_ultra_low
49.183 0.017 9 6 tom_rumble
49.200 0.017 10 2 kick_heavy
49.217 0.033 13 15 roar_ultra_low
49.300 0.017 7 7 explosion_distant
49.317 0.017 8 5 tom_low
49.333 0.017 9 3 tom_rumble
49.350 0.033 10 2 kick_heavy
49.667 0.017 9 6 tom_rumble
49.683 0.017 10 2 kick_heavy
49.700 0.033 13 15 roar_ultra_low
50.167 0.017 9 6 tom_rumble
50.183 0.017 10 2 kick_heavy
50.200 0.033 13 15 roar_ultra_low
50.283 0.017 7 7 explosion_distant
50.300 0.017 8 5 tom_low
50.317 0.017 9 3 tom_rumble
50.333 0.033 10 2 kick_heavy
50.650 0.017 9 6 tom_rumble
50.667 0.017 10 2 kick_heavy
50.683 0.033 13 15 roar_ultra_low
51.133 0.033 9 6 tom_rumble
51.167 0.017 10 2 kick_heavy
51.183 0.033 13 15 roar_ultra_low
51.267 0.017 7 7 explosion_distant
51.283 0.017 8 5 tom_low
51.300 0.017 9 3 tom_rumble
51.317 0.033 10 2 kick_heavy
51.633 0.017 9 6 tom_rumble
51.650 0.017 10 2 kick_heavy
51.667 0.033 13 15 roar_ultra_low
52.117 0.017 9 6 tom_rumble
52.133 0.017 10 2 kick_heavy
52.150 0.033 13 15 roar_ultra_low
52.250 0.017 7 7 explosion_distant
52.267 0.017 8 5 tom_low
52.283 0.017 9 3 tom_rumble
52.300 0.033 10 2 kick_heavy
52.617 0.017 9 6 tom_rumble
52.633 0.017 10 2 kick_heavy
52.650 0.033 13 15 roar_ultra_low
52.733 0.017 7 7 explosion_distant
52.750 0.017 8 5 tom_low
52.767 0.017 9 3 tom_rumble
52.783 0.033 10 2 kick_heavy
53.217 0.017 7 7 explosion_distant
53.233 0.033 8 5 tom_low
53.267 0.017 9 3 tom_rumble
53.283 0.033 10 2 kick_heavy
53.717 0.017 7 7 explosion_distant
53.733 0.017 8 5 tom_low
53.750 0.017 9 3 tom_rumble
53.767 0.033 10 2 kick_heavy
54.200 0.017 7 7 explosion_distant
54.217 0.017 8 5 tom_low
54.233 0.017 9 3 tom_rumble
54.250 0.033 10 2 kick_heavy
54.333 0.017 7 7 explosion_distant
54.350 0.017 8 5 tom_low
54.367 0.017 9 3 tom_rumble
54.383 0.033 10 2 kick_heavy
54.450 0.017 7 7 explosion_distant
54.467 0.017 8 5 tom_low
54.483 0.017 9 3 tom_rumble
54.500 0.033 10 2 kick_heavy
54.567 0.017 7 7 explosion_distant
54.583 0.017 8 5 tom_low
54.600 0.017 9 3 tom_rumble
54.617 0.050 10 2 kick_heavy
55.067 0.017 9 6 tom_rumble
55.083 0.017 10 2 kick_heavy
55.100 0.033 13 15 roar_ultra_low
55.183 0.017 7 7 explosion_distant
55.200 0.017 8 5 tom_low
55.217 0.017 9 3 tom_rumble
55.233 0.033 10 2 kick_heavy
55.550 0.017 9 6 tom_rumble
55.567 0.017 10 2 kick_heavy
55.583 0.033 13 15 roar_ultra_low
56.033 0.033 9 6 tom_rumble
56.067 0.017 10 2 kick_heavy
56.083 0.033 13 15 roar_ultra_low
56.167 0.017 7 7 explosion_distant
56.183 0.017 8 5 tom_low
56.200 0.017 9 3 tom_rumble
56.217 0.033 10 2 kick_heavy
56.533 0.017 9 6 tom_rumble
56.550 0.017 10 2 kick_heavy
56.567 0.033 13 15 roar_ultra_low
57.017 0.017 9 6 tom_rumble
57.033 0.017 10 2 kick_heavy
57.050 0.033 13 15 roar_ultra_low
57.150 0.017 7 7 explosion_distant
57.167 0.017 8 5 tom_low
57.183 0.017 9 3 tom_rumble
57.200 0.033 10 2 kick_heavy
57.517 0.017 9 6 tom_rumble
57.533 0.017 10 2 kick_heavy
57.550 0.033 13 15 roar_ultra_low
58.000 0.017 9 6 tom_rumble
58.017 0.017 10 2 kick_heavy
58.033 0.033 13 15 roar_ultra_low
58.117 0.017 7 7 explosion_distant
58.133 0.033 8 5 tom_low
58.167 0.017 9 3 tom_rumble
58.183 0.033 10 2 kick_heavy
58.367 0.017 7 7 explosion_distant
58.383 0.017 8 5 tom_low
58.400 0.017 9 3 tom_rumble
58.417 0.033 10 2 kick_heavy
58.483 0.033 7 7 explosion_distant
58.517 0.017 8 5 tom_low
58.533 0.017 9 3 tom_rumble
58.550 0.033 10 2 kick_heavy
58.983 0.017 9 6 tom_rumble
59.000 0.017 10 2 kick_heavy
59.017 0.033 13 15 roar_ultra_low
59.100 0.017 7 7 explosion_distant
59.117 0.017 8 5 tom_low
59.133 0.017 9 3 tom_rumble
59.150 0.033 10 2 kick_heavy
59.967 0.017 9 6 tom_rumble
59.983 0.017 10 2 kick_heavy
60.000 0.033 13 15 roar_ultra_low
60.083 0.017 7 7 explosion_distant
60.100 0.017 8 5 tom_low
60.117 0.017 9 3 tom_rumble
60.133 0.033 10 2 kick_heavy
60.333 0.017 7 7 explosion_distant
60.350 0.017 8 5 tom_low
60.367 0.017 9 3 tom_rumble
60.383 0.033 10 2 kick_heavy
61.067 0.017 7 7 explosion_distant
61.083 0.017 8 5 tom_low
61.100 0.017 9 3 tom_rumble
61.117 0.033 10 2 kick_heavy
62.050 0.017 7 7 explosion_distant
62.067 0.017 8 5 tom_low
62.083 0.017 9 3 tom_rumble
62.100 0.033 10 2 kick_heavy
62.283 0.017 7 7 explosion_distant
62.300 0.017 8 5 tom_low
62.317 0.017 9 3 tom_rumble
62.333 0.050 10 2 kick_heavy
62.417 0.017 7 7 explosion_distant
62.433 0.017 8 5 tom_low
62.450 0.017 9 3 tom_rumble
62.467 0.033 10 2 kick_heavy
62.783 0.017 9 6 tom_rumble
62.800 0.017 10 2 kick_heavy
62.817 0.033 13 15 roar_ultra_low
63.017 0.017 7 7 explosion_distant
63.033 0.033 8 5 tom_low
63.067 0.017 9 3 tom_rumble
63.083 0.033 10 2 kick_heavy
63.383 0.033 9 6 tom_rumble
63.417 0.017 10 2 kick_heavy
63.433 0.033 13 15 roar_ultra_low
63.767 0.017 9 6 tom_rumble
63.783 0.017 10 2 kick_heavy
63.800 0.033 13 15 roar_ultra_low
64.000 0.017 7 7 explosion_distant
64.017 0.017 8 5 tom_low
64.033 0.017 9 3 tom_rumble
64.050 0.033 10 2 kick_heavy
64.367 0.017 9 6 tom_rumble
64.383 0.017 10 2 kick_heavy
64.400 0.033 13 15 roar_ultra_low
64.733 0.017 9 6 tom_rumble
64.750 0.017 10 2 kick_heavy
64.767 0.050 13 15 roar_ultra_low
64.983 0.017 7 7 explosion_distant
65.000 0.017 8 5 tom_low
65.017 0.017 9 3 tom_rumble
65.033 0.033 10 2 kick_heavy
65.350 0.017 9 6 tom_rumble
65.367 0.017 10 2 kick_heavy
65.383 0.033 13 15 roar_ultra_low
65.717 0.017 9 6 tom_rumble
65.733 0.017 10 2 kick_heavy
65.750 0.033 13 15 roar_ultra_low
65.967 0.017 7 7 explosion_distant
65.983 0.017 8 5 tom_low
66.000 0.017 9 3 tom_rumble
66.017 0.033 10 2 kick_heavy
66.333 0.017 9 6 tom_rumble
66.350 0.017 10 2 kick_heavy
66.367 0.033 13 15 roar_ultra_low
66.700 0.017 9 6 tom_rumble
66.717 0.017 10 2 kick_heavy
66.733 0.033 13 15 roar_ultra_low
66.950 0.017 7 7 explosion_distant
66.967 0.017 8 5 tom_low
66.983 0.017 9 3 tom_rumble
67.000 0.033 10 2 kick_heavy
67.317 0.017 9 6 tom_rumble
67.333 0.017 10 2 kick_heavy
67.350 0.033 13 15 roar_ultra_low
67.683 0.017 9 6 tom_rumble
67.700 0.017 10 2 kick_heavy
67.717 0.033 13 15 roar_ultra_low
67.917 0.017 7 7 explosion_distant
67.933 0.033 8 5 tom_low
67.967 0.017 9 3 tom_rumble
67.983 0.033 10 2 kick_heavy
68.283 0.033 9 6 tom_rumble
68.317 0.017 10 2 kick_heavy
68.333 0.033 13 15 roar_ultra_low
68.667 0.017 9 6 tom_rumble
68.683 0.017 10 2 kick_heavy
68.700 0.033 13 15 roar_ultra_low
68.900 0.017 7 7 explosion_distant
68.917 0.017 8 5 tom_low
68.933 0.017 9 3 tom_rumble
68.950 0.033 10 2 kick_heavy
69.267 0.017 9 6 tom_rumble
69.283 0.017 10 2 kick_heavy
69.300 0.033 13 15 roar_ultra_low
69.633 0.017 9 6 tom_rumble
69.650 0.017 10 2 kick_heavy
69.667 0.050 13 15 roar_ultra_low
69.883 0.017 7 7 explosion_distant
69.900 0.017 8 5 tom_low
69.917 0.017 9 3 tom_rumble
69.933 0.033 10 2 kick_heavy
70.133 0.017 7 7 explosion_distant
70.150 0.017 8 5 tom_low
70.167 0.017 9 3 tom_rumble
70.183 0.033 10 2 kick_heavy
70.250 0.017 7 7 explosion_distant
70.267 0.017 8 5 tom_low
70.283 0.017 9 3 tom_rumble
70.300 0.033 10 2 kick_heavy
70.617 0.017 9 6 tom_rumble
70.633 0.017 10 2 kick_heavy
70.650 0.033 13 15 roar_ultra_low
70.867 0.017 7 7 explosion_distant
70.883 0.017 8 5 tom_low
70.900 0.017 9 3 tom_rumble
70.917 0.033 10 2 kick_heavy
71.233 0.017 9 6 tom_rumble
71.250 0.017 10 2 kick_heavy
71.267 0.033 13 15 roar_ultra_low
71.600 0.017 9 6 tom_rumble
71.617 0.017 10 2 kick_heavy
71.633 0.033 13 15 roar_ultra_low
71.850 0.017 7 7 explosion_distant
71.867 0.017 8 5 tom_low
71.883 0.017 9 3 tom_rumble
71.900 0.033 10 2 kick_heavy
72.217 0.017 9 6 tom_rumble
72.233 0.017 10 2 kick_heavy
72.250 0.033 13 15 roar_ultra_low
72.583 0.017 9 6 tom_rumble
72.600 0.017 10 2 kick_heavy
72.617 0.033 13 15 roar_ultra_low
72.817 0.017 7 7 explosion_distant
72.833 0.033 8 5 tom_low
72.867 0.017 9 3 tom_rumble
72.883 0.033 10 2 kick_heavy
73.183 0.033 9 6 tom_rumble
73.217 0.017 10 2 kick_heavy
73.233 0.033 13 15 roar_ultra_low
73.567 0.017 9 6 tom_rumble
73.583 0.017 10 2 kick_heavy
73.600 0.033 13 15 roar_ultra_low
73.800 0.017 7 7 explosion_distant
73.817 0.017 8 5 tom_low
73.833 0.017 9 3 tom_rumble
73.850 0.033 10 2 kick_heavy
74.167 0.017 9 6 tom_rumble
74.183 0.017 10 2 kick_heavy
74.200 0.033 13 15 roar_ultra_low
74.533 0.017 9 6 tom_rumble
74.550 0.017 10 2 kick_heavy
74.567 0.050 13 15 roar_ultra_low
74.783 0.017 7 7 explosion_distant
74.800 0.017 8 5 tom_low
74.817 0.017 9 3 tom_rumble
74.833 0.033 10 2 kick_heavy
75.150 0.017 9 6 tom_rumble
75.167 0.017 10 2 kick_heavy
75.183 0.033 13 15 roar_ultra_low
75.517 0.017 9 6 tom_rumble
75.533 0.017 10 2 kick_heavy
75.550 0.033 13 15 roar_ultra_low
75.767 0.017 7 7 explosion_distant
75.783 0.017 8 5 tom_low
75.800 0.017 9 3 tom_rumble
75.817 0.033 10 2 kick_heavy
76.133 0.017 9 6 tom_rumble
76.150 0.017 10 2 kick_heavy
76.167 0.033 13 15 roar_ultra_low
76.500 0.017 9 6 tom_rumble
76.517 0.017 10 2 kick_heavy
76.533 0.033 13 15 roar_ultra_low
76.750 0.017 7 7 explosion_distant
76.767 0.017 8 5 tom_low
76.783 0.017 9 3 tom_rumble
76.800 0.033 10 2 kick_heavy
77.117 0.017 9 6 tom_rumble
77.133 0.017 10 2 kick_heavy
77.150 0.033 13 15 roar_ultra_low
77.483 0.017 9 6 tom_rumble
77.500 0.017 10 2 kick_heavy
77.517 0.033 13 15 roar_ultra_low
77.717 0.017 7 7 explosion_distant
77.733 0.033 8 5 tom_low
77.767 0.017 9 3 tom_rumble
77.783 0.033 10 2 kick_heavy
77.850 0.017 7 7 explosion_distant
77.867 0.017 8 5 tom_low
77.883 0.017 9 3 tom_rumble
77.900 0.033 10 2 kick_heavy
77.967 0.017 7 7 explosion_distant
77.983 0.017 8 5 tom_low
78.000 0.017 9 3 tom_rumble
78.017 0.033 10 2 kick_heavy
78.083 0.033 7 7 explosion_distant
78.117 0.017 8 5 tom_low
78.133 0.017 9 3 tom_rumble
78.150 0.033 10 2 kick_heavy
78.583 0.017 9 6 tom_rumble
78.600 0.017 10 2 kick_heavy
78.617 0.033 13 15 roar_ultra_low
78.700 0.017 7 7 explosion_distant
78.717 0.017 8 5 tom_low
78.733 0.017 9 3 tom_rumble
78.750 0.033 10 2 kick_heavy
79.067 0.017 9 6 tom_rumble
79.083 0.017 10 2 kick_heavy
79.100 0.033 13 15 roar_ultra_low
79.567 0.017 9 6 tom_rumble
79.583 0.017 10 2 kick_heavy
79.600 0.033 13 15 roar_ultra_low
79.683 0.017 7 7 explosion_distant
79.700 0.017 8 5 tom_low
79.717 0.017 9 3 tom_rumble
79.733 0.033 10 2 kick_heavy
80.050 0.017 9 6 tom_rumble
80.067 0.017 10 2 kick_heavy
80.083 0.033 13 15 roar_ultra_low
80.533 0.033 9 6 tom_rumble
80.567 0.017 10 2 kick_heavy
80.583 0.033 13 15 roar_ultra_low
80.667 0.017 7 7 explosion_distant
80.683 0.017 8 5 tom_low
80.700 0.017 9 3 tom_rumble
80.717 0.033 10 2 kick_heavy
81.033 0.017 9 6 tom_rumble
81.050 0.017 10 2 kick_heavy
81.067 0.033 13 15 roar_ultra_low
81.517 0.017 9 6 tom_rumble
81.533 0.017 10 2 kick_heavy
81.550 0.033 13 15 roar_ultra_low
81.650 0.017 7 7 explosion_distant
81.667 0.017 8 5 tom_low
81.683 0.017 9 3 tom_rumble
81.700 0.033 10 2 kick_heavy
82.017 0.017 9 6 tom_rumble
82.033 0.017 10 2 kick_heavy
82.050 0.033 13 15 roar_ultra_low
82.500 0.017 9 6 tom_rumble
82.517 0.017 10 2 kick_heavy
82.533 0.033 13 15 roar_ultra_low
82.617 0.017 7 7 explosion_distant
82.633 0.033 8 5 tom_low
82.667 0.017 9 3 tom_rumble
82.683 0.033 10 2 kick_heavy
82.983 0.033 9 6 tom_rumble
83.017 0.017 10 2 kick_heavy
83.033 0.033 13 15 roar_ultra_low
83.483 0.017 9 6 tom_rumble
83.500 0.017 10 2 kick_heavy
83.517 0.033 13 15 roar_ultra_low
83.600 0.017 7 7 explosion_distant
83.617 0.017 8 5 tom_low
83.633 0.017 9 3 tom_rumble
83.650 0.033 10 2 kick_heavy
83.967 0.017 9 6 tom_rumble
83.983 0.017 10 2 kick_heavy
84.000 0.033 13 15 roar_ultra_low
84.100 0.017 7 7 explosion_distant
84.117 0.017 8 5 tom_low
84.133 0.017 9 3 tom_rumble
84.150 0.033 10 2 kick_heavy
84.583 0.017 7 7 explosion_distant
84.600 0.017 8 5 tom_low
84.617 0.017 9 3 tom_rumble
84.633 0.033 10 2 kick_heavy
85.067 0.017 7 7 explosion_distant
85.083 0.033 8 5 tom_low
85.117 0.017 9 3 tom_rumble
85.133 0.033 10 2 kick_heavy
85.567 0.017 7 7 explosion_distant
85.583 0.017 8 5 tom_low
85.600 0.017 9 3 tom_rumble
85.617 0.033 10 2 kick_heavy
85.683 0.017 7 7 explosion_distant
85.700 0.017 8 5 tom_low
85.717 0.017 9 3 tom_rumble
85.733 0.033 10 2 kick_heavy
85.817 0.017 7 7 explosion_distant
85.833 0.017 8 5 tom_low
85.850 0.017 9 3 tom_rumble
85.867 0.033 10 2 kick_heavy
85.933 0.017 7 7 explosion_distant
85.950 0.017 8 5 tom_low
85.967 0.017 9 3 tom_rumble
85.983 0.033 10 2 kick_heavy
86.417 0.017 9 6 tom_rumble
86.433 0.017 10 2 kick_heavy
86.450 0.033 13 15 roar_ultra_low
86.550 0.017 7 7 explosion_distant
86.567 0.017 8 5 tom_low
86.583 0.017 9 3 tom_rumble
86.600 0.033 10 2 kick_heavy
86.917 0.017 9 6 tom_rumble
86.933 0.017 10 2 kick_heavy
86.950 0.033 13 15 roar_ultra_low
87.400 0.017 9 6 tom_rumble
87.417 0.017 10 2 kick_heavy
87.433 0.033 13 15 roar_ultra_low
87.517 0.017 7 7 explosion_distant
87.533 0.033 8 5 tom_low
87.567 0.017 9 3 tom_rumble
87.583 0.033 10 2 kick_heavy
87.883 0.033 9 6 tom_rumble
87.917 0.017 10 2 kick_heavy
87.933 0.033 13 15 roar_ultra_low
88.383 0.017 9 6 tom_rumble
88.400 0.017 10 2 kick_heavy
88.417 0.033 13 15 roar_ultra_low
88.500 0.017 7 7 explosion_distant
88.517 0.017 8 5 tom_low
88.533 0.017 9 3 tom_rumble
88.550 0.033 10 2 kick_heavy
88.867 0.017 9 6 tom_rumble
88.883 0.017 10 2 kick_heavy
88.900 0.033 13 15 roar_ultra_low
89.367 0.017 9 6 tom_rumble
89.383 0.017 10 2 kick_heavy
89.400 0.033 13 15 roar_ultra_low
89.483 0.017 7 7 explosion_distant
89.500 0.017 8 5 tom_low
89.517 0.017 9 3 tom_rumble
89.533 0.033 10 2 kick_heavy
89.733 0.017 7 7 explosion_distant
89.750 0.017 8 5 tom_low
89.767 0.017 9 3 tom_rumble
89.783 0.033 10 2 kick_heavy
89.850 0.017 7 7 explosion_distant
89.867 0.017 8 5 tom_low
89.883 0.017 9 3 tom_rumble
89.900 0.033 10 2 kick_heavy
90.333 0.033 9 6 tom_rumble
90.367 0.017 10 2 kick_heavy
90.383 0.033 13 15 roar_ultra_low
90.467 0.017 7 7 explosion_distant
90.483 0.017 8 5 tom_low
90.500 0.017 9 3 tom_rumble
90.517 0.033 10 2 kick_heavy
91.317 0.017 9 6 tom_rumble
91.333 0.017 10 2 kick_heavy
91.350 0.033 13 15 roar_ultra_low
91.450 0.017 7 7 explosion_distant
91.467 0.017 8 5 tom_low
91.483 0.017 9 3 tom_rumble
91.500 0.033 10 2 kick_heavy
91.683 0.017 7 7 explosion_distant
91.700 0.017 8 5 tom_low
91.717 0.017 9 3 tom_rumble
91.733 0.050 10 2 kick_heavy
92.417 0.017 7 7 explosion_distant
92.433 0.033 8 5 tom_low
92.467 0.017 9 3 tom_rumble
92.483 0.033 10 2 kick_heavy
93.400 0.017 7 7 explosion_distant
93.417 0.017 8 5 tom_low
93.433 0.017 9 3 tom_rumble
93.450 0.033 10 2 kick_heavy
93.650 0.017 7 7 explosion_distant
93.667 0.017 8 5 tom_low
93.683 0.017 9 3 tom_rumble
93.700 0.033 10 2 kick_heavy
93.767 0.017 7 7 explosion_distant
93.783 0.017 8 5 tom_low
93.800 0.017 9 3 tom_rumble
93.817 0.050 10 2 kick_heavy
94.133 0.017 9 6 tom_rumble
94.150 0.017 10 2 kick_heavy
94.167 0.050 13 15 roar_ultra_low
94.383 0.017 7 7 explosion_distant
94.400 0.017 8 5 tom_low
94.417 0.017 9 3 tom_rumble
94.433 0.033 10 2 kick_heavy
94.750 0.017 9 6 tom_rumble
94.767 0.017 10 2 kick_heavy
94.783 0.033 13 15 roar_ultra_low
95.117 0.017 9 6 tom_rumble
95.133 0.017 10 2 kick_heavy
95.150 0.033 13 15 roar_ultra_low
95.367 0.017 7 7 explosion_distant
95.383 0.017 8 5 tom_low
95.400 0.017 9 3 tom_rumble
95.417 0.033 10 2 kick_heavy
95.733 0.017 9 6 tom_rumble
95.750 0.017 10 2 kick_heavy
95.767 0.033 13 15 roar_ultra_low
96.100 0.017 9 6 tom_rumble
96.117 0.017 10 2 kick_heavy
96.133 0.033 13 15 roar_ultra_low
96.350 0.017 7 7 explosion_distant
96.367 0.017 8 5 tom_low
96.383 0.017 9 3 tom_rumble
96.400 0.033 10 2 kick_heavy
96.717 0.017 9 6 tom_rumble
96.733 0.017 10 2 kick_heavy
96.750 0.033 13 15 roar_ultra_low
97.083 0.017 9 6 tom_rumble
97.100 0.017 10 2 kick_heavy
97.117 0.033 13 15 roar_ultra_low
97.317 0.017 7 7 explosion_distant
97.333 0.033 8 5 tom_low
97.367 0.017 9 3 tom_rumble
97.383 0.033 10 2 kick_heavy
97.683 0.033 9 6 tom_rumble
97.717 0.017 10 2 kick_heavy
97.733 0.033 13 15 roar_ultra_low
98.067 0.017 9 6 tom_rumble
98.083 0.017 10 2 kick_heavy
98.100 0.033 13 15 roar_ultra_low
98.300 0.017 7 7 explosion_distant
98.317 0.017 8 5 tom_low
98.333 0.017 9 3 tom_rumble
98.350 0.033 10 2 kick_heavy
98.667 0.017 9 6 tom_rumble
98.683 0.017 10 2 kick_heavy
98.700 0.033 13 15 roar_ultra_low
99.033 0.017 9 6 tom_rumble
99.050 0.017 10 2 kick_heavy
99.067 0.050 13 15 roar_ultra_low
99.283 0.017 7 7 explosion_distant
99.300 0.017 8 5 tom_low
99.317 0.017 9 3 tom_rumble
99.333 0.033 10 2 kick_heavy
99.650 0.017 9 6 tom_rumble
99.667 0.017 10 2 kick_heavy
99.683 0.033 13 15 roar_ultra_low
100.017 0.017 9 6 tom_rumble
100.033 0.017 10 2 kick_heavy
100.050 0.033 13 15 roar_ultra_low
100.267 0.017 7 7 explosion_distant
100.283 0.017 8 5 tom_low
100.300 0.017 9 3 tom_rumble
100.317 0.033 10 2 kick_heavy
100.633 0.017 9 6 tom_rumble
100.650 0.017 10 2 kick_heavy
100.667 0.033 13 15 roar_ultra_low
101.000 0.017 9 6 tom_rumble
101.017 0.017 10 2 kick_heavy
101.033 0.033 13 15 roar_ultra_low
101.250 0.017 7 7 explosion_distant
101.267 0.017 8 5 tom_low
101.283 0.017 9 3 tom_rumble
101.300 0.033 10 2 kick_heavy
101.483 0.017 7 7 explosion_distant
101.500 0.017 8 5 tom_low
101.517 0.017 9 3 tom_rumble
101.533 0.050 10 2 kick_heavy
101.617 0.017 7 7 explosion_distant
101.633 0.017 8 5 tom_low
101.650 0.017 9 3 tom_rumble
101.667 0.033 10 2 kick_heavy
101.983 0.017 9 6 tom_rumble
102.000 0.017 10 2 kick_heavy
102.017 0.033 13 15 roar_ultra_low
102.217 0.017 7 7 explosion_distant
102.233 0.033 8 5 tom_low
102.267 0.017 9 3 tom_rumble
102.283 0.033 10 2 kick_heavy
102.583 0.033 9 6 tom_rumble
102.617 0.017 10 2 kick_heavy
102.633 0.033 13 15 roar_ultra_low
102.967 0.017 9 6 tom_rumble
102.983 0.017 10 2 kick_heavy
103.000 0.033 13 15 roar_ultra_low
103.200 0.017 7 7 explosion_distant
103.217 0.017 8 5 tom_low
103.233 0.017 9 3 tom_rumble
103.250 0.033 10 2 kick_heavy
103.567 0.017 9 6 tom_rumble
103.583 0.017 10 2 kick_heavy
103.600 0.033 13 15 roar_ultra_low
103.933 0.017 9 6 tom_rumble
103.950 0.017 10 2 kick_heavy
103.967 0.050 13 15 roar_ultra_low
104.183 0.017 7 7 explosion_distant
104.200 0.017 8 5 tom_low
104.217 0.017 9 3 tom_rumble
104.233 0.033 10 2 kick_heavy
104.550 0.017 9 6 tom_rumble
104.567 0.017 10 2 kick_heavy
104.583 0.033 13 15 roar_ultra_low
104.917 0.017 9 6 tom_rumble
104.933 0.017 10 2 kick_heavy
104.950 0.033 13 15 roar_ultra_low
105.167 0.017 7 7 explosion_distant
105.183 0.017 8 5 tom_low
105.200 0.017 9 3 tom_rumble
105.217 0.033 10 2 kick_heavy
105.533 0.017 9 6 tom_rumble
105.550 0.017 10 2 kick_heavy
105.567 0.033 13 15 roar_ultra_low
105.900 0.017 9 6 tom_rumble
105.917 0.017 10 2 kick_heavy
105.933 0.033 13 15 roar_ultra_low
106.150 0.017 7 7 explosion_distant
106.167 0.017 8 5 tom_low
106.183 0.017 9 3 tom_rumble
106.200 0.033 10 2 kick_heavy
106.517 0.017 9 6 tom_rumble
106.533 0.017 10 2 kick_heavy
106.550 0.033 13 15 roar_ultra_low
106.883 0.017 9 6 tom_rumble
106.900 0.017 10 2 kick_heavy
106.917 0.033 13 15 roar_ultra_low
107.117 0.017 7 7 explosion_distant
107.133 0.033 8 5 tom_low
107.167 0.017 9 3 tom_rumble
107.183 0.033 10 2 kick_heavy
107.483 0.033 9 6 tom_rumble
107.517 0.017 10 2 kick_heavy
107.533 0.033 13 15 roar_ultra_low
107.867 0.017 9 6 tom_rumble
107.883 0.017 10 2 kick_heavy
107.900 0.033 13 15 roar_ultra_low
108.100 0.017 7 7 explosion_distant
108.117 0.017 8 5 tom_low
108.133 0.017 9 3 tom_rumble
108.150 0.033 10 2 kick_heavy
108.467 0.017 9 6 tom_rumble
108.483 0.017 10 2 kick_heavy
108.500 0.033 13 15 roar_ultra_low
108.833 0.017 9 6 tom_rumble
108.850 0.017 10 2 kick_heavy
108.867 0.050 13 15 roar_ultra_low
109.083 0.017 7 7 explosion_distant
109.100 0.017 8 5 tom_low
109.117 0.017 9 3 tom_rumble
109.133 0.033 10 2 kick_heavy
109.200 0.017 7 7 explosion_distant
109.217 0.017 8 5 tom_low
109.233 0.033 9 3 tom_rumble
109.267 0.033 10 2 kick_heavy
109.333 0.017 7 7 explosion_distant
109.350 0.017 8 5 tom_low
109.367 0.017 9 3 tom_rumble
109.383 0.033 10 2 kick_heavy
109.450 0.017 7 7 explosion_distant
109.467 0.017 8 5 tom_low
109.483 0.017 9 3 tom_rumble
109.500 0.033 10 2 kick_heavy
109.933 0.033 9 6 tom_rumble
109.967 0.017 10 2 kick_heavy
109.983 0.033 13 15 roar_ultra_low
110.067 0.017 7 7 explosion_distant
110.083 0.017 8 5 tom_low
110.100 0.017 9 3 tom_rumble
110.117 0.033 10 2 kick_heavy
110.433 0.017 9 6 tom_rumble
110.450 0.017 10 2 kick_heavy
110.467 0.033 13 15 roar_ultra_low
110.917 0.017 9 6 tom_rumble
110.933 0.017 10 2 kick_heavy
110.950 0.033 13 15 roar_ultra_low
111.050 0.017 7 7 explosion_distant
111.067 0.017 8 5 tom_low
111.083 0.017 9 3 tom_rumble
111.100 0.033 10 2 kick_heavy
111.417 0.017 9 6 tom_rumble
111.433 0.017 10 2 kick_heavy
111.450 0.033 13 15 roar_ultra_low
111.900 0.017 9 6 tom_rumble
111.917 0.017 10 2 kick_heavy
111.933 0.033 13 15 roar_ultra_low
112.017 0.017 7 7 explosion_distant
112.033 0.033 8 5 tom_low
112.067 0.017 9 3 tom_rumble
112.083 0.033 10 2 kick_heavy
112.383 0.033 9 6 tom_rumble
112.417 0.017 10 2 kick_heavy
112.433 0.033 13 15 roar_ultra_low
112.883 0.017 9 6 tom_rumble
112.900 0.017 10 2 kick_heavy
112.917 0.033 13 15 roar_ultra_low
113.000 0.017 7 7 explosion_distant
113.017 0.017 8 5 tom_low
113.033 0.017 9 3 tom_rumble
113.050 0.033 10 2 kick_heavy
113.367 0.017 9 6 tom_rumble
113.383 0.017 10 2 kick_heavy
113.400 0.033 13 15 roar_ultra_low
113.867 0.017 9 6 tom_rumble
113.883 0.017 10 2 kick_heavy
113.900 0.033 13 15 roar_ultra_low
113.983 0.017 7 7 explosion_distant
114.000 0.017 8 5 tom_low
114.017 0.017 9 3 tom_rumble
114.033 0.033 10 2 kick_heavy
114.350 0.017 9 6 tom_rumble
114.367 0.017 10 2 kick_heavy
114.383 0.033 13 15 roar_ultra_low
114.833 0.033 9 6 tom_rumble
114.867 0.017 10 2 kick_heavy
114.883 0.033 13 15 roar_ultra_low
114.967 0.017 7 7 explosion_distant
114.983 0.017 8 5 tom_low
115.000 0.017 9 3 tom_rumble
115.017 0.033 10 2 kick_heavy
115.333 0.017 9 6 tom_rumble
115.350 0.017 10 2 kick_heavy
115.367 0.033 13 15 roar_ultra_low
115.450 0.017 7 7 explosion_distant
115.467 0.017 8 5 tom_low
115.483 0.017 9 3 tom_rumble
115.500 0.033 10 2 kick_heavy
115.950 0.017 7 7 explosion_distant
115.967 0.017 8 5 tom_low
115.983 0.017 9 3 tom_rumble
116.000 0.033 10 2 kick_heavy
116.433 0.017 7 7 explosion_distant
116.450 0.017 8 5 tom_low
116.467 0.017 9 3 tom_rumble
116.483 0.033 10 2 kick_heavy
116.917 0.017 7 7 explosion_distant
116.933 0.033 8 5 tom_low
116.967 0.017 9 3 tom_rumble
116.983 0.033 10 2 kick_heavy
117.050 0.017 7 7 explosion_distant
117.067 0.017 8 5 tom_low
117.083 0.017 9 3 tom_rumble
117.100 0.033 10 2 kick_heavy
117.167 0.017 7 7 explosion_distant
117.183 0.017 8 5 tom_low
117.200 0.017 9 3 tom_rumble
117.217 0.033 10 2 kick_heavy
117.283 0.033 7 7 explosion_distant
117.317 0.017 8 5 tom_low
117.333 0.017 9 3 tom_rumble
117.350 0.033 10 2 kick_heavy
117.783 0.017 9 6 tom_rumble
117.800 0.017 10 2 kick_heavy
117.817 0.033 13 15 roar_ultra_low
117.900 0.017 7 7 explosion_distant
117.917 0.017 8 5 tom_low
117.933 0.017 9 3 tom_rumble
117.950 0.033 10 2 kick_heavy
118.267 0.017 9 6 tom_rumble
118.283 0.017 10 2 kick_heavy
118.300 0.033 13 15 roar_ultra_low
118.767 0.017 9 6 tom_rumble
118.783 0.017 10 2 kick_heavy
118.800 0.033 13 15 roar_ultra_low
118.883 0.017 7 7 explosion_distant
118.900 0.017 8 5 tom_low
118.917 0.017 9 3 tom_rumble
118.933 0.033 10 2 kick_heavy
119.250 0.017 9 6 tom_rumble
119.267 0.017 10 2 kick_heavy
119.283 0.033 13 15 roar_ultra_low
119.733 0.033 9 6 tom_rumble
119.767 0.017 10 2 kick_heavy
119.783 0.033 13 15 roar_ultra_low
119.867 0.017 7 7 explosion_distant
119.883 0.017 8 5 tom_low
119.900 0.017 9 3 tom_rumble
119.917 0.033 10 2 kick_heavy
DPCM(509)
time dur note vol
0.000 0.033 C5 15
0.467 0.033 C5 15
0.700 0.033 C5 15
0.933 0.033 C5 15
1.167 0.033 C5 15
1.400 0.033 C5 15
1.867 0.033 C5 15
2.333 0.033 C5 15
2.567 0.033 C5 15
2.800 0.033 C5 15
3.033 0.033 C5 15
3.267 0.033 C5 15
3.733 0.033 C5 15
4.200 0.033 C5 15
4.450 0.033 C5 15
4.700 0.033 C5 15
4.933 0.033 C5 15
5.183 0.033 C5 15
5.683 0.033 C5 15
6.167 0.033 C5 15
6.417 0.033 C5 15
6.650 0.033 C5 15
6.900 0.033 C5 15
7.150 0.033 C5 15
7.383 0.033 C5 15
7.517 0.033 C5 15
7.633 0.033 C5 15
8.133 0.033 C5 15
8.367 0.033 C5 15
8.617 0.033 C5 15
8.867 0.033 C5 15
9.100 0.033 C5 15
9.600 0.033 C5 15
10.083 0.033 C5 15
10.333 0.033 C5 15
10.583 0.033 C5 15
10.817 0.033 C5 15
11.067 0.033 C5 15
11.550 0.033 C5 15
12.050 0.033 C5 15
12.283 0.033 C5 15
12.533 0.033 C5 15
12.783 0.033 C5 15
13.033 0.033 C5 15
13.517 0.033 C5 15
14.000 0.033 C5 15
14.250 0.033 C5 15
14.500 0.033 C5 15
14.733 0.033 C5 15
14.983 0.033 C5 15
15.233 0.033 C5 15
15.350 0.033 C5 15
15.483 0.033 C5 15
15.717 0.033 C5 15
15.967 0.033 C5 15
16.217 0.033 C5 15
16.450 0.033 C5 15
16.700 0.033 C5 15
16.950 0.033 C5 15
17.183 0.033 C5 15
17.433 0.033 C5 15
17.683 0.033 C5 15
17.933 0.033 C5 15
18.167 0.033 C5 15
18.417 0.033 C5 15
18.667 0.033 C5 15
18.900 0.033 C5 15
19.150 0.033 C5 15
19.400 0.033 C5 15
19.633 0.033 C5 15
19.883 0.033 C5 15
20.133 0.033 C5 15
20.383 0.033 C5 15
20.617 0.033 C5 15
20.867 0.033 C5 15
21.117 0.033 C5 15
21.350 0.033 C5 15
21.600 0.033 C5 15
21.717 0.033 C5 15
21.850 0.033 C5 15
22.083 0.033 C5 15
22.217 0.033 C5 15
22.333 0.033 C5 15
22.583 0.033 C5 15
22.700 0.033 C5 15
22.833 0.033 C5 15
22.950 0.033 C5 15
23.067 0.033 C5 15
23.200 0.033 C5 15
23.317 0.033 C5 15
23.567 0.033 C5 15
23.800 0.033 C5 15
24.050 0.033 C5 15
24.300 0.033 C5 15
24.533 0.033 C5 15
24.783 0.033 C5 15
25.033 0.033 C5 15
25.283 0.033 C5 15
25.517 0.033 C5 15
25.767 0.033 C5 15
26.017 0.033 C5 15
26.250 0.033 C5 15
26.500 0.033 C5 15
26.750 0.033 C5 15
26.983 0.033 C5 15
27.117 0.033 C5 15
27.233 0.033 C5 15
27.733 0.033 C5 15
27.967 0.033 C5 15
28.217 0.033 C5 15
28.700 0.033 C5 15
28.950 0.033 C5 15
29.200 0.033 C5 15
29.683 0.033 C5 15
29.933 0.033 C5 15
30.050 0.033 C5 15
30.183 0.033 C5 15
30.417 0.033 C5 15
30.667 0.033 C5 15
30.917 0.033 C5 15
31.033 0.033 C5 15
31.150 0.033 C5 15
31.517 0.033 C5 15
31.650 0.033 C5 15
31.883 0.033 C5 15
32.133 0.033 C5 15
32.500 0.033 C5 15
32.633 0.033 C5 15
32.867 0.033 C5 15
33.117 0.033 C5 15
33.483 0.033 C5 15
33.600 0.033 C5 15
33.850 0.033 C5 15
34.100 0.033 C5 15
34.467 0.033 C5 15
34.583 0.033 C5 15
34.833 0.033 C5 15
35.083 0.033 C5 15
35.450 0.033 C5 15
35.567 0.033 C5 15
35.817 0.033 C5 15
36.050 0.033 C5 15
36.417 0.033 C5 15
36.550 0.033 C5 15
36.783 0.033 C5 15
37.033 0.033 C5 15
37.400 0.033 C5 15
37.533 0.033 C5 15
37.767 0.033 C5 15
38.017 0.033 C5 15
38.383 0.033 C5 15
38.500 0.033 C5 15
38.750 0.033 C5 15
38.867 0.033 C5 15
39.000 0.033 C5 15
39.367 0.033 C5 15
39.483 0.033 C5 15
39.733 0.033 C5 15
39.983 0.033 C5 15
40.350 0.033 C5 15
40.467 0.033 C5 15
40.717 0.033 C5 15
40.950 0.033 C5 15
41.317 0.033 C5 15
41.450 0.033 C5 15
41.683 0.033 C5 15
41.933 0.033 C5 15
42.300 0.033 C5 15
42.433 0.033 C5 15
42.667 0.033 C5 15
42.917 0.033 C5 15
43.283 0.033 C5 15
43.400 0.033 C5 15
43.650 0.033 C5 15
43.900 0.033 C5 15
44.267 0.033 C5 15
44.383 0.033 C5 15
44.633 0.033 C5 15
44.883 0.033 C5 15
45.250 0.033 C5 15
45.367 0.033 C5 15
45.617 0.033 C5 15
45.850 0.033 C5 15
46.217 0.033 C5 15
46.350 0.033 C5 15
46.467 0.033 C5 15
46.583 0.033 C5 15
46.717 0.033 C5 15
46.833 0.033 C5 15
47.083 0.033 C5 15
47.333 0.033 C5 15
47.567 0.033 C5 15
47.817 0.033 C5 15
48.067 0.033 C5 15
48.300 0.033 C5 15
48.550 0.033 C5 15
48.800 0.033 C5 15
49.033 0.033 C5 15
49.283 0.033 C5 15
49.533 0.033 C5 15
49.783 0.033 C5 15
50.017 0.033 C5 15
50.267 0.033 C5 15
50.517 0.033 C5 15
50.750 0.033 C5 15
51.000 0.033 C5 15
51.250 0.033 C5 15
51.483 0.033 C5 15
51.733 0.033 C5 15
51.983 0.033 C5 15
52.233 0.033 C5 15
52.467 0.033 C5 15
52.717 0.033 C5 15
52.967 0.033 C5 15
53.083 0.033 C5 15
53.200 0.033 C5 15
53.450 0.033 C5 15
53.567 0.033 C5 15
53.700 0.033 C5 15
53.933 0.033 C5 15
54.067 0.033 C5 15
54.183 0.033 C5 15
54.317 0.033 C5 15
54.433 0.033 C5 15
54.550 0.033 C5 15
54.683 0.033 C5 15
54.917 0.033 C5 15
55.167 0.033 C5 15
55.417 0.033 C5 15
55.650 0.033 C5 15
55.900 0.033 C5 15
56.150 0.033 C5 15
56.383 0.033 C5 15
56.633 0.033 C5 15
56.883 0.033 C5 15
57.133 0.033 C5 15
57.367 0.033 C5 15
57.617 0.033 C5 15
57.867 0.033 C5 15
58.100 0.033 C5 15
58.350 0.033 C5 15
58.467 0.033 C5 15
58.600 0.033 C5 15
59.083 0.033 C5 15
59.333 0.033 C5 15
59.583 0.033 C5 15
60.067 0.033 C5 15
60.317 0.033 C5 15
60.550 0.033 C5 15
61.050 0.033 C5 15
61.283 0.033 C5 15
61.417 0.033 C5 15
61.533 0.033 C5 15
61.783 0.033 C5 15
62.033 0.033 C5 15
62.267 0.033 C5 15
62.400 0.033 C5 15
62.517 0.033 C5 15
62.883 0.033 C5 15
63.000 0.033 C5 15
63.250 0.033 C5 15
63.500 0.033 C5 15
63.867 0.033 C5 15
63.983 0.033 C5 15
64.233 0.033 C5 15
64.483 0.033 C5 15
64.850 0.033 C5 15
64.967 0.033 C5 15
65.217 0.033 C5 15
65.450 0.033 C5 15
65.817 0.033 C5 15
65.950 0.033 C5 15
66.183 0.033 C5 15
66.433 0.033 C5 15
66.800 0.033 C5 15
66.933 0.033 C5 15
67.167 0.033 C5 15
67.417 0.033 C5 15
67.783 0.033 C5 15
67.900 0.033 C5 15
68.150 0.033 C5 15
68.400 0.033 C5 15
68.767 0.033 C5 15
68.883 0.033 C5 15
69.133 0.033 C5 15
69.383 0.033 C5 15
69.750 0.033 C5 15
69.867 0.033 C5 15
70.117 0.033 C5 15
70.233 0.033 C5 15
70.350 0.033 C5 15
70.717 0.033 C5 15
70.850 0.033 C5 15
71.083 0.033 C5 15
71.333 0.033 C5 15
71.700 0.033 C5 15
71.833 0.033 C5 15
72.067 0.033 C5 15
72.317 0.033 C5 15
72.683 0.033 C5 15
72.800 0.033 C5 15
73.050 0.033 C5 15
73.300 0.033 C5 15
73.667 0.033 C5 15
73.783 0.033 C5 15
74.033 0.033 C5 15
74.283 0.033 C5 15
74.650 0.033 C5 15
74.767 0.033 C5 15
75.017 0.033 C5 15
75.250 0.033 C5 15
75.617 0.033 C5 15
75.750 0.033 C5 15
75.983 0.033 C5 15
76.233 0.033 C5 15
76.600 0.033 C5 15
76.733 0.033 C5 15
76.967 0.033 C5 15
77.217 0.033 C5 15
77.583 0.033 C5 15
77.700 0.033 C5 15
77.833 0.033 C5 15
77.950 0.033 C5 15
78.067 0.033 C5 15
78.200 0.033 C5 15
78.433 0.033 C5 15
78.683 0.033 C5 15
78.933 0.033 C5 15
79.183 0.033 C5 15
79.417 0.033 C5 15
79.667 0.033 C5 15
79.917 0.033 C5 15
80.150 0.033 C5 15
80.400 0.033 C5 15
80.650 0.033 C5 15
80.883 0.033 C5 15
81.133 0.033 C5 15
81.383 0.033 C5 15
81.633 0.033 C5 15
81.867 0.033 C5 15
82.117 0.033 C5 15
82.367 0.033 C5 15
82.600 0.033 C5 15
82.850 0.033 C5 15
83.100 0.033 C5 15
83.333 0.033 C5 15
83.583 0.033 C5 15
83.833 0.033 C5 15
84.083 0.033 C5 15
84.317 0.033 C5 15
84.450 0.033 C5 15
84.567 0.033 C5 15
84.817 0.033 C5 15
84.933 0.033 C5 15
85.050 0.033 C5 15
85.300 0.033 C5 15
85.417 0.033 C5 15
85.550 0.033 C5 15
85.667 0.033 C5 15
85.783 0.033 C5 15
85.917 0.033 C5 15
86.033 0.033 C5 15
86.283 0.033 C5 15
86.533 0.033 C5 15
86.767 0.033 C5 15
87.017 0.033 C5 15
87.267 0.033 C5 15
87.500 0.033 C5 15
87.750 0.033 C5 15
88.000 0.033 C5 15
88.233 0.033 C5 15
88.483 0.033 C5 15
88.733 0.033 C5 15
88.983 0.033 C5 15
89.217 0.033 C5 15
89.467 0.033 C5 15
89.717 0.033 C5 15
89.833 0.033 C5 15
89.950 0.033 C5 15
90.450 0.033 C5 15
90.683 0.033 C5 15
90.933 0.033 C5 15
91.433 0.033 C5 15
91.667 0.033 C5 15
91.917 0.033 C5 15
92.400 0.033 C5 15
92.650 0.033 C5 15
92.767 0.033 C5 15
92.900 0.033 C5 15
93.133 0.033 C5 15
93.383 0.033 C5 15
93.633 0.033 C5 15
93.750 0.033 C5 15
93.883 0.033 C5 15
94.250 0.033 C5 15
94.367 0.033 C5 15
94.617 0.033 C5 15
94.850 0.033 C5 15
95.217 0.033 C5 15
95.350 0.033 C5 15
95.583 0.033 C5 15
95.833 0.033 C5 15
96.200 0.033 C5 15
96.333 0.033 C5 15
96.567 0.033 C5 15
96.817 0.033 C5 15
97.183 0.033 C5 15
97.300 0.033 C5 15
97.550 0.033 C5 15
97.800 0.033 C5 15
98.167 0.033 C5 15
98.283 0.033 C5 15
98.533 0.033 C5 15
98.783 0.033 C5 15
99.150 0.033 C5 15
99.267 0.033 C5 15
99.517 0.033 C5 15
99.750 0.033 C5 15
100.117 0.033 C5 15
100.250 0.033 C5 15
100.483 0.033 C5 15
100.733 0.033 C5 15
101.100 0.033 C5 15
101.233 0.033 C5 15
101.467 0.033 C5 15
101.600 0.033 C5 15
101.717 0.033 C5 15
102.083 0.033 C5 15
102.200 0.033 C5 15
102.450 0.033 C5 15
102.700 0.033 C5 15
103.067 0.033 C5 15
103.183 0.033 C5 15
103.433 0.033 C5 15
103.683 0.033 C5 15
104.050 0.033 C5 15
104.167 0.033 C5 15
104.417 0.033 C5 15
104.650 0.033 C5 15
105.017 0.033 C5 15
105.150 0.033 C5 15
105.383 0.033 C5 15
105.633 0.033 C5 15
106.000 0.033 C5 15
106.133 0.033 C5 15
106.367 0.033 C5 15
106.617 0.033 C5 15
106.983 0.033 C5 15
107.100 0.033 C5 15
107.350 0.033 C5 15
107.600 0.033 C5 15
107.967 0.033 C5 15
108.083 0.033 C5 15
108.333 0.033 C5 15
108.583 0.033 C5 15
108.950 0.033 C5 15
109.067 0.033 C5 15
109.183 0.033 C5 15
109.317 0.033 C5 15
109.433 0.033 C5 15
109.550 0.033 C5 15
109.800 0.033 C5 15
110.050 0.033 C5 15
110.283 0.033 C5 15
110.533 0.033 C5 15
110.783 0.033 C5 15
111.033 0.033 C5 15
111.267 0.033 C5 15
111.517 0.033 C5 15
111.767 0.033 C5 15
112.000 0.033 C5 15
112.250 0.033 C5 15
112.500 0.033 C5 15
112.733 0.033 C5 15
112.983 0.033 C5 15
113.233 0.033 C5 15
113.483 0.033 C5 15
113.717 0.033 C5 15
113.967 0.033 C5 15
114.217 0.033 C5 15
114.450 0.033 C5 15
114.700 0.033 C5 15
114.950 0.033 C5 15
115.183 0.033 C5 15
115.433 0.033 C5 15
115.683 0.033 C5 15
115.800 0.033 C5 15
115.933 0.033 C5 15
116.167 0.033 C5 15
116.300 0.033 C5 15
116.417 0.033 C5 15
116.667 0.033 C5 15
116.783 0.033 C5 15
116.900 0.033 C5 15
117.033 0.033 C5 15
117.150 0.033 C5 15
117.267 0.033 C5 15
117.400 0.033 C5 15
117.633 0.033 C5 15
117.883 0.033 C5 15
118.133 0.033 C5 15
118.383 0.033 C5 15
118.617 0.033 C5 15
118.867 0.033 C5 15
119.117 0.033 C5 15
119.350 0.033 C5 15
119.600 0.033 C5 15
119.850 0.033 C5 15
120.083 0.033 C5 15