Jackal.nsf track=2 framerate=60
Square1(278)
time dur note vol
0.000 0.200 D#3 6
0.200 1.000 C3 6
1.200 0.300 D#3 7
1.500 0.300 D3 6
1.800 1.400 C3 6
3.200 0.200 D#3 6
3.400 1.000 C3 6
4.400 0.300 D#3 7
4.700 0.300 D3 6
5.000 1.000 C3 6
6.000 0.100 A#3 6
6.100 0.300 B3 6
6.400 1.600 D#4 5
8.000 1.600 D4 5
9.600 1.600 D#4 5
11.200 1.600 D4 5
12.800 1.600 G#3 5
14.400 0.800 A#3 5
15.200 0.800 F3 5
16.000 0.200 F3 6
16.200 1.000 C3 7
17.200 0.300 F3 5
17.500 0.300 E3 5
17.800 1.000 C3 7
18.800 0.100 A#3 6
18.900 0.300 B3 6
19.200 1.600 D#4 5
20.800 1.600 D4 5
22.400 1.600 D#4 5
24.000 1.600 D4 5
25.600 1.600 G#3 5
27.200 0.800 A#3 5
28.000 0.800 F3 5
28.800 0.200 F3 6
29.000 1.000 C3 7
30.000 0.300 F3 5
30.300 0.300 E3 5
30.600 1.000 C3 7
31.600 0.100 A#3 6
31.700 0.300 B3 6
32.000 0.300 A#3 6
32.300 1.300 A3 6
33.600 1.600 G3 6
35.200 0.300 A#4 6
35.500 1.167 A4 6
36.667 0.133 A#4 8
36.800 0.300 A4 6
37.100 1.300 G4 6
38.400 0.300 A#3 6
38.700 1.300 A3 6
40.000 1.600 G3 6
41.600 0.300 A#4 6
41.900 1.167 A4 6
43.067 0.133 A#4 8
43.200 0.300 A4 6
43.500 0.700 G4 6
44.200 0.083 G3 6
44.283 0.083 G#3 6
44.367 0.067 A3 6
44.433 0.067 A#3 6
44.500 0.050 B3 6
44.550 0.050 C4 6
44.600 0.033 C#4 15
44.633 0.033 D4 15
44.667 0.033 D#4 15
44.700 0.033 E4 15
44.733 0.033 F4 15
44.767 0.033 F#4 15
44.800 0.417 G4 6
45.233 0.367 G4 1
45.600 0.400 F4 6
46.000 0.417 C4 6
46.433 1.183 C4 1
47.633 0.367 C4 1
48.000 0.400 D4 6
48.400 0.417 C4 6
48.833 0.767 C4 1
49.600 0.417 G4 6
50.033 0.367 G4 1
50.400 0.400 F4 6
50.800 0.417 C4 6
51.233 1.183 C4 1
52.433 0.367 C4 1
52.800 0.400 D4 6
53.200 0.417 C4 6
53.633 0.767 C4 1
54.400 0.300 A#3 6
54.700 0.600 A3 6
55.300 0.200 A#4 6
55.500 0.100 C5 6
55.633 0.067 C5 15
55.700 0.100 A#5 6
55.800 0.100 C6 6
55.933 0.067 C6 15
56.000 0.100 F4 6
56.100 0.100 E4 6
56.200 0.100 D#4 6
56.300 0.600 D4 6
56.900 0.100 F5 6
57.000 0.100 E5 6
57.100 0.100 D#5 6
57.233 0.067 D#5 15
57.300 0.100 F6 6
57.400 0.100 E6 6
57.533 0.067 E6 15
57.600 0.300 A#3 6
57.900 0.600 A3 6
58.500 0.200 A#4 6
58.700 0.100 C5 6
58.833 0.067 C5 15
58.900 0.100 A#5 6
59.000 0.100 C6 6
59.133 0.067 C6 15
59.200 0.100 F4 6
59.300 0.100 E4 6
59.400 0.100 D#4 6
59.500 0.600 D4 6
60.100 0.100 F5 6
60.200 0.100 E5 6
60.300 0.100 D#5 6
60.433 0.067 D#5 15
60.500 0.100 F6 6
60.600 0.100 E6 6
60.733 0.067 E6 15
60.800 0.300 C4 3
61.100 0.100 F4 3
61.200 0.100 C5 15
61.300 0.100 G5 15
61.400 0.100 C5 15
61.500 0.100 F5 15
61.600 0.100 C5 15
61.700 0.100 D#5 15
61.800 0.100 F4 15
61.900 0.100 C5 15
62.000 0.300 C4 15
62.300 0.100 F4 15
62.400 0.100 C5 15
62.500 0.100 G5 15
62.600 0.100 C5 15
62.700 0.100 F5 15
62.800 0.100 C5 15
62.900 0.100 D#5 15
63.000 0.100 F4 15
63.100 0.100 C5 15
63.200 0.300 C4 15
63.500 0.100 F4 15
63.600 0.100 C5 15
63.700 0.100 G5 15
63.800 0.100 C5 15
63.900 0.100 F5 15
64.000 0.100 C5 15
64.100 0.100 D#5 15
64.200 0.100 F4 15
64.300 0.100 C5 15
64.400 0.300 C4 15
64.700 0.100 F4 3
64.800 0.100 C5 15
64.900 0.100 G5 15
65.000 0.100 C5 15
65.100 0.100 F5 15
65.200 0.100 C5 15
65.300 0.100 D#5 15
65.400 0.100 F4 15
65.500 0.100 C5 15
65.600 0.300 C4 15
65.900 0.100 F4 15
66.000 0.100 C5 15
66.100 0.100 G5 15
66.200 0.100 C5 15
66.300 0.100 F5 15
66.400 0.100 C5 15
66.500 0.100 D#5 15
66.600 0.100 F4 15
66.700 0.100 C5 15
66.800 0.300 C4 15
67.100 0.100 F4 15
67.200 0.100 C5 15
67.300 0.100 G5 15
67.400 0.100 C5 15
67.500 0.100 F5 15
67.600 0.100 C5 15
67.700 0.100 D#5 15
67.800 0.100 F4 15
67.900 0.100 C5 15
68.000 0.300 C4 15
68.300 0.100 F4 3
68.400 0.100 C5 15
68.500 0.100 G5 15
68.600 0.100 C5 15
68.700 0.100 F5 15
68.800 0.100 C5 15
68.900 0.100 D#5 15
69.000 0.100 F4 15
69.100 0.100 C5 15
69.200 0.300 C4 15
69.500 0.100 F4 15
69.600 0.100 C5 15
69.700 0.100 G5 15
69.800 0.100 C5 15
69.900 0.100 F5 15
70.000 0.100 C5 15
70.100 0.100 D#5 15
70.200 0.100 F4 15
70.300 0.100 C5 15
70.400 0.133 A#4 6
70.533 0.133 A4 6
70.667 0.133 A#4 6
70.800 0.600 C5 6
71.400 0.300 A#4 6
71.700 0.300 A4 6
72.000 0.133 A#4 6
72.133 0.133 A4 6
72.267 0.133 A#4 6
72.400 0.600 G4 6
73.000 0.300 A#3 6
73.300 0.300 C4 6
73.600 0.133 A#4 6
73.733 0.133 A4 6
73.867 0.133 A#4 6
74.000 0.600 C5 6
74.600 0.200 A#4 6
74.800 0.133 D5 6
74.933 0.133 C5 6
75.067 0.267 A#4 6
75.333 0.133 A4 6
75.467 0.133 A#4 6
75.600 0.600 G4 6
76.200 0.300 F4 6
76.500 0.300 C4 6
76.800 1.200 D#4 6
78.000 1.200 F4 6
79.200 1.200 D4 6
80.400 0.300 C4 6
80.700 0.900 G3 6
81.600 1.200 D#4 6
82.800 1.200 F4 6
84.000 1.200 D4 6
85.200 0.800 F4 7
86.000 0.400 E4 6
86.400 1.600 D#4 5
88.000 1.600 D4 5
89.600 1.600 D#4 5
91.200 1.600 D4 5
92.800 1.600 G#3 5
94.400 0.800 A#3 5
95.200 0.800 F3 5
96.000 0.200 F3 6
96.200 1.000 C3 7
97.200 0.300 F3 5
97.500 0.300 E3 5
97.800 1.000 C3 7
98.800 0.100 A#3 6
98.900 0.300 B3 6
99.200 1.600 D#4 5
100.800 1.600 D4 5
102.400 1.600 D#4 5
104.000 1.600 D4 5
105.600 1.600 G#3 5
107.200 0.800 A#3 5
108.000 0.800 F3 5
108.800 0.200 F3 6
109.000 1.000 C3 7
110.000 0.300 F3 5
110.300 0.300 E3 5
110.600 1.000 C3 7
111.600 0.100 A#3 6
111.700 0.300 B3 6
112.000 0.300 A#3 6
112.300 1.300 A3 6
113.600 1.600 G3 6
115.200 0.300 A#4 6
115.500 1.167 A4 6
116.667 0.133 A#4 8
116.800 0.300 A4 6
117.100 1.300 G4 6
118.400 0.300 A#3 6
118.700 1.300 A3 6
120.000 3.733 G3 6
Square2(315)
time dur note vol
0.000 0.200 C4 8
0.200 1.000 C2 10
1.200 0.300 C4 7
1.500 0.300 A#3 7
1.800 1.400 C2 10
3.200 0.200 C4 7
3.400 1.000 C2 10
4.400 0.300 C4 7
4.700 0.300 A#3 7
5.000 1.000 C2 10
6.000 0.100 A#2 10
6.100 0.300 B2 10
6.400 1.600 C5 6
8.000 1.600 A#4 6
9.600 1.600 G4 6
11.200 1.600 F4 6
12.800 1.600 D#4 6
14.400 0.800 F4 6
15.200 0.400 D4 6
15.600 0.400 D#4 6
16.000 0.200 D4 7
16.200 1.000 C2 10
17.200 0.300 D4 15
17.500 0.300 C4 7
17.800 1.000 C2 10
18.800 0.100 A#2 10
18.900 0.300 B2 10
19.200 1.600 C5 6
20.800 1.600 A#4 6
22.400 1.600 G4 6
24.000 1.600 F4 6
25.600 1.600 D#4 6
27.200 0.800 F4 6
28.000 0.400 D4 6
28.400 0.400 D#4 6
28.800 0.200 D4 7
29.000 1.000 C2 10
30.000 0.300 D4 15
30.300 0.300 C4 7
30.600 1.000 C2 10
31.600 0.100 A#2 10
31.700 0.300 B2 10
32.000 0.300 D#4 6
32.300 0.900 F4 6
33.200 0.300 D4 8
33.500 0.100 D#4 8
33.600 0.300 D4 6
33.900 1.300 C4 6
35.200 0.300 D#5 6
35.500 0.900 F5 6
36.400 0.267 D5 8
36.667 0.133 D#5 8
36.800 0.300 D5 6
37.100 1.300 C5 6
38.400 0.300 D#4 6
38.700 0.900 F4 6
39.600 0.300 D4 8
39.900 0.100 D#4 8
40.000 0.300 D4 6
40.300 1.300 C4 6
41.600 0.300 D#5 6
41.900 0.900 F5 6
42.800 0.267 D5 8
43.067 0.133 D#5 8
43.200 0.300 D5 6
43.500 0.700 C5 6
44.200 0.083 C4 6
44.283 0.083 C#4 6
44.367 0.067 D4 6
44.433 0.067 D#4 6
44.500 0.050 E4 6
44.550 0.050 F4 6
44.600 0.033 F#4 15
44.633 0.033 G4 15
44.667 0.033 G#4 15
44.700 0.033 A4 15
44.733 0.033 A#4 15
44.767 0.033 B4 15
44.800 0.417 C5 7
45.233 0.367 C5 1
45.600 0.400 A#4 7
46.000 0.417 A4 7
46.433 0.367 A4 1
46.800 0.200 G4 7
47.000 0.617 F4 7
47.633 0.367 F4 1
48.000 0.400 G4 7
48.400 0.417 F4 7
48.833 0.367 F4 1
49.200 0.400 E4 7
49.600 0.417 C5 7
50.033 0.367 C5 1
50.400 0.400 A#4 7
50.800 0.417 A4 7
51.233 0.367 A4 1
51.600 0.200 G4 7
51.800 0.617 F4 7
52.433 0.367 F4 1
52.800 0.400 G4 7
53.200 0.417 F4 7
53.633 0.367 F4 1
54.000 0.400 E4 7
54.400 0.300 D#4 8
54.700 0.600 F4 8
55.300 0.200 D#5 9
55.500 0.100 F5 9
55.633 0.067 F5 1
55.700 0.100 D#6 9
55.800 0.100 F6 9
55.933 0.067 F6 1
56.000 0.100 A#4 9
56.100 0.100 A4 9
56.200 0.100 G#4 9
56.300 0.600 G4 8
56.900 0.100 A#5 9
57.000 0.100 A5 9
57.100 0.100 G#5 9
57.233 0.067 G#5 1
57.300 0.100 A#6 9
57.400 0.100 A6 9
57.533 0.067 A6 1
57.600 0.300 D#4 8
57.900 0.600 F4 8
58.500 0.200 D#5 9
58.700 0.100 F5 9
58.833 0.067 F5 1
58.900 0.100 D#6 9
59.000 0.100 F6 9
59.133 0.067 F6 1
59.200 0.100 A#4 9
59.300 0.100 A4 9
59.400 0.100 G#4 9
59.500 0.600 G4 8
60.100 0.100 A#5 9
60.200 0.100 A5 9
60.300 0.100 G#5 9
60.433 0.067 G#5 1
60.500 0.100 A#6 9
60.600 0.100 A6 9
60.733 0.067 A6 1
60.800 0.100 C4 7
60.900 0.100 F4 7
61.000 0.100 C5 7
61.100 0.100 G5 7
61.200 0.100 C5 7
61.300 0.100 F5 7
61.400 0.100 C5 7
61.500 0.100 D#5 7
61.600 0.100 F4 7
61.700 0.100 C5 7
61.800 0.100 C4 7
61.900 0.100 D#4 7
62.000 0.100 C4 7
62.100 0.100 F4 7
62.200 0.100 C5 7
62.300 0.100 G5 7
62.400 0.100 C5 7
62.500 0.100 F5 7
62.600 0.100 C5 7
62.700 0.100 D#5 7
62.800 0.100 F4 7
62.900 0.100 C5 7
63.000 0.100 C4 7
63.100 0.100 D#4 7
63.200 0.100 C4 7
63.300 0.100 F4 7
63.400 0.100 C5 7
63.500 0.100 G5 7
63.600 0.100 C5 7
63.700 0.100 F5 7
63.800 0.100 C5 7
63.900 0.100 D#5 7
64.000 0.100 F4 7
64.100 0.100 C5 7
64.200 0.100 C4 7
64.300 0.100 D#4 7
64.400 0.100 C4 7
64.500 0.100 F4 7
64.600 0.100 C5 7
64.700 0.100 G5 7
64.800 0.100 C5 7
64.900 0.100 F5 7
65.000 0.100 C5 7
65.100 0.100 D#5 7
65.200 0.100 F4 7
65.300 0.100 C5 7
65.400 0.100 C4 7
65.500 0.100 D#4 7
65.600 0.100 C4 7
65.700 0.100 F4 7
65.800 0.100 C5 7
65.900 0.100 G5 7
66.000 0.100 C5 7
66.100 0.100 F5 7
66.200 0.100 C5 7
66.300 0.100 D#5 7
66.400 0.100 F4 7
66.500 0.100 C5 7
66.600 0.100 C4 7
66.700 0.100 D#4 7
66.800 0.100 C4 7
66.900 0.100 F4 7
67.000 0.100 C5 7
67.100 0.100 G5 7
67.200 0.100 C5 7
67.300 0.100 F5 7
67.400 0.100 C5 7
67.500 0.100 D#5 7
67.600 0.100 F4 7
67.700 0.100 C5 7
67.800 0.100 C4 7
67.900 0.100 D#4 7
68.000 0.100 C4 7
68.100 0.100 F4 7
68.200 0.100 C5 7
68.300 0.100 G5 7
68.400 0.100 C5 7
68.500 0.100 F5 7
68.600 0.100 C5 7
68.700 0.100 D#5 7
68.800 0.100 F4 7
68.900 0.100 C5 7
69.000 0.100 C4 7
69.100 0.100 D#4 7
69.200 0.100 C4 7
69.300 0.100 F4 7
69.400 0.100 C5 7
69.500 0.100 G5 7
69.600 0.100 C5 7
69.700 0.100 F5 7
69.800 0.100 C5 7
69.900 0.100 D#5 7
70.000 0.100 F4 7
70.100 0.100 C5 7
70.200 0.100 C4 7
70.300 0.100 D#4 7
70.400 0.133 D#5 7
70.533 0.133 D5 7
70.667 0.133 D#5 7
70.800 0.600 F5 7
71.400 0.300 D#5 7
71.700 0.300 D5 7
72.000 0.133 D#5 7
72.133 0.133 D5 7
72.267 0.133 D#5 7
72.400 0.600 C5 7
73.000 0.300 D#4 7
73.300 0.300 F4 7
73.600 0.133 D#5 7
73.733 0.133 D5 7
73.867 0.133 D#5 7
74.000 0.600 F5 7
74.600 0.200 D#5 7
74.800 0.133 G5 7
74.933 0.133 F5 7
75.067 0.267 D#5 7
75.333 0.133 D5 7
75.467 0.133 D#5 7
75.600 0.600 C5 7
76.200 0.300 A#4 7
76.500 0.300 A4 7
76.800 1.200 G4 7
78.000 1.200 G#4 7
79.200 1.500 F4 7
80.700 0.900 E4 7
81.600 1.200 G4 7
82.800 1.200 G#4 7
84.000 1.200 A#4 7
85.200 2.800 C5 8
88.000 1.600 A#4 6
89.600 1.600 G4 6
91.200 1.600 F4 6
92.800 1.600 D#4 6
94.400 0.800 F4 6
95.200 0.400 D4 6
95.600 0.400 D#4 6
96.000 0.200 D4 7
96.200 1.000 C2 10
97.200 0.300 D4 15
97.500 0.300 C4 7
97.800 1.000 C2 10
98.800 0.100 A#2 10
98.900 0.300 B2 10
99.200 1.600 C5 6
100.800 1.600 A#4 6
102.400 1.600 G4 6
104.000 1.600 F4 6
105.600 1.600 D#4 6
107.200 0.800 F4 6
108.000 0.400 D4 6
108.400 0.400 D#4 6
108.800 0.200 D4 7
109.000 1.000 C2 10
110.000 0.300 D4 15
110.300 0.300 C4 7
110.600 1.000 C2 10
111.600 0.100 A#2 10
111.700 0.300 B2 10
112.000 0.300 D#4 6
112.300 0.900 F4 6
113.200 0.300 D4 8
113.500 0.100 D#4 8
113.600 0.300 D4 6
113.900 1.300 C4 6
115.200 0.300 D#5 6
115.500 0.900 F5 6
116.400 0.267 D5 8
116.667 0.133 D#5 8
116.800 0.300 D5 6
117.100 1.300 C5 6
118.400 0.300 D#4 6
118.700 0.900 F4 6
119.600 0.300 D4 8
119.900 0.100 D#4 8
120.000 3.733 D4 6
Triangle(784)
time dur note vol
0.000 0.100 C4 15
0.200 0.067 C4 15
0.300 0.067 C4 15
0.400 0.100 C4 15
0.600 0.067 C4 15
0.700 0.067 C4 15
0.800 0.100 C4 15
1.000 0.067 C4 15
1.100 0.067 C4 15
1.200 0.100 C4 15
1.400 0.067 C4 15
1.500 0.067 C4 15
1.600 0.100 C4 15
1.800 0.067 C4 15
1.900 0.067 C4 15
2.000 0.100 C4 15
2.200 0.067 C4 15
2.300 0.067 C4 15
2.400 0.100 C4 15
2.600 0.067 C4 15
2.700 0.067 C4 15
2.800 0.100 C4 15
3.000 0.067 C4 15
3.100 0.067 C4 15
3.200 0.100 C4 15
3.400 0.067 C4 15
3.500 0.067 C4 15
3.600 0.100 C4 15
3.800 0.067 C4 15
3.900 0.067 C4 15
4.000 0.100 C4 15
4.200 0.067 C4 15
4.300 0.067 C4 15
4.400 0.100 C4 15
4.600 0.067 C4 15
4.700 0.067 C4 15
4.800 0.100 C4 15
5.000 0.067 C4 15
5.100 0.067 C4 15
5.200 0.100 C4 15
5.400 0.067 C4 15
5.500 0.067 C4 15
5.600 0.100 C4 15
5.800 0.067 C4 15
5.900 0.067 C4 15
6.000 0.067 A#3 15
6.100 0.167 B3 15
6.400 0.133 C3 15
6.600 0.067 C4 15
6.700 0.067 C4 15
6.800 0.067 C4 15
7.000 0.067 C4 15
7.100 0.067 C4 15
7.200 0.067 C4 15
7.400 0.067 C4 15
7.500 0.067 C4 15
7.600 0.067 E4 15
7.700 0.167 F4 15
8.000 0.133 C3 15
8.200 0.067 C4 15
8.300 0.067 C4 15
8.400 0.067 C4 15
8.600 0.067 C4 15
8.700 0.067 C4 15
8.800 0.067 C4 15
9.000 0.067 C4 15
9.100 0.067 C4 15
9.200 0.067 A#3 15
9.300 0.167 B3 15
9.600 0.133 C3 15
9.800 0.067 C4 15
9.900 0.067 C4 15
10.000 0.067 C4 15
10.200 0.067 C4 15
10.300 0.067 C4 15
10.400 0.067 C4 15
10.600 0.067 C4 15
10.700 0.067 C4 15
10.800 0.067 E4 15
10.900 0.167 F4 15
11.200 0.133 C3 15
11.400 0.067 C4 15
11.500 0.067 C4 15
11.600 0.067 C4 15
11.800 0.067 C4 15
11.900 0.067 C4 15
12.000 0.067 C4 15
12.200 0.067 C4 15
12.300 0.067 C4 15
12.400 0.067 A#3 15
12.500 0.167 B3 15
12.800 0.133 C3 15
13.000 0.067 C4 15
13.100 0.067 C4 15
13.200 0.067 C4 15
13.400 0.067 C4 15
13.500 0.067 C4 15
13.600 0.067 C4 15
13.800 0.067 C4 15
13.900 0.067 C4 15
14.000 0.067 E4 15
14.100 0.167 F4 15
14.400 0.133 C3 15
14.600 0.067 C4 15
14.700 0.067 C4 15
14.800 0.067 C4 15
15.000 0.067 C4 15
15.100 0.067 C4 15
15.200 0.067 C4 15
15.400 0.067 C4 15
15.500 0.067 C4 15
15.600 0.067 A#3 15
15.700 0.167 B3 15
16.000 0.133 C3 15
16.200 0.067 C4 15
16.300 0.067 C4 15
16.400 0.067 C4 15
16.600 0.067 C4 15
16.700 0.067 C4 15
16.800 0.067 C4 15
17.000 0.067 C4 15
17.100 0.067 C4 15
17.200 0.067 E4 15
17.300 0.167 F4 15
17.600 0.133 C3 15
17.800 0.067 C4 15
17.900 0.067 C4 15
18.000 0.067 C4 15
18.200 0.067 C4 15
18.300 0.067 C4 15
18.400 0.067 C4 15
18.600 0.067 C4 15
18.700 0.067 C4 15
18.800 0.067 A#3 15
18.900 0.167 B3 15
19.200 0.133 C3 15
19.400 0.067 C4 15
19.500 0.067 C4 15
19.600 0.067 C4 15
19.800 0.067 C4 15
19.900 0.067 C4 15
20.000 0.067 C4 15
20.200 0.067 C4 15
20.300 0.067 C4 15
20.400 0.067 E4 15
20.500 0.167 F4 15
20.800 0.133 C3 15
21.000 0.067 C4 15
21.100 0.067 C4 15
21.200 0.067 C4 15
21.400 0.067 C4 15
21.500 0.067 C4 15
21.600 0.067 C4 15
21.800 0.067 C4 15
21.900 0.067 C4 15
22.000 0.067 A#3 15
22.100 0.167 B3 15
22.400 0.133 C3 15
22.600 0.067 C4 15
22.700 0.067 C4 15
22.800 0.067 C4 15
23.000 0.067 C4 15
23.100 0.067 C4 15
23.200 0.067 C4 15
23.400 0.067 C4 15
23.500 0.067 C4 15
23.600 0.067 E4 15
23.700 0.167 F4 15
24.000 0.133 C3 15
24.200 0.067 C4 15
24.300 0.067 C4 15
24.400 0.067 C4 15
24.600 0.067 C4 15
24.700 0.067 C4 15
24.800 0.067 C4 15
25.000 0.067 C4 15
25.100 0.067 C4 15
25.200 0.067 A#3 15
25.300 0.167 B3 15
25.600 0.133 C3 15
25.800 0.067 C4 15
25.900 0.067 C4 15
26.000 0.067 C4 15
26.200 0.067 C4 15
26.300 0.067 C4 15
26.400 0.067 C4 15
26.600 0.067 C4 15
26.700 0.067 C4 15
26.800 0.067 E4 15
26.900 0.167 F4 15
27.200 0.133 C3 15
27.400 0.067 C4 15
27.500 0.067 C4 15
27.600 0.067 C4 15
27.800 0.067 C4 15
27.900 0.067 C4 15
28.000 0.067 C4 15
28.200 0.067 C4 15
28.300 0.067 C4 15
28.400 0.067 A#3 15
28.500 0.167 B3 15
28.800 0.133 C3 15
29.000 0.067 C4 15
29.100 0.067 C4 15
29.200 0.067 C4 15
29.400 0.067 C4 15
29.500 0.067 C4 15
29.600 0.067 C4 15
29.800 0.067 C4 15
29.900 0.067 C4 15
30.000 0.067 E4 15
30.100 0.167 F4 15
30.400 0.133 C3 15
30.600 0.067 C4 15
30.700 0.067 C4 15
30.800 0.067 C4 15
31.000 0.067 C4 15
31.100 0.067 C4 15
31.200 0.067 C4 15
31.400 0.067 C4 15
31.500 0.067 C4 15
31.600 0.067 A#3 15
31.700 0.167 B3 15
32.000 0.100 C3 15
32.200 0.100 C3 15
32.400 0.100 C3 15
32.600 0.067 G3 15
32.700 0.067 A#3 15
32.800 0.083 A3 15
33.000 0.083 A3 15
33.200 0.083 G#3 15
33.400 0.067 G#3 15
33.500 0.067 G#3 15
33.600 0.100 G3 15
33.800 0.100 G3 15
34.000 0.100 A3 15
34.200 0.067 A3 15
34.300 0.067 A3 15
34.400 0.100 A#3 15
34.600 0.100 A#3 15
34.800 0.100 B3 15
35.000 0.067 B3 15
35.100 0.067 B3 15
35.200 0.100 C3 15
35.400 0.100 C3 15
35.600 0.100 C3 15
35.800 0.067 G3 15
35.900 0.067 A#3 15
36.000 0.083 A3 15
36.200 0.083 A3 15
36.400 0.083 G#3 15
36.600 0.067 G#3 15
36.700 0.067 G#3 15
36.800 0.100 G3 15
37.000 0.100 G3 15
37.200 0.100 A3 15
37.400 0.067 A3 15
37.500 0.067 A3 15
37.600 0.100 A#3 15
37.800 0.100 A#3 15
38.000 0.100 B3 15
38.200 0.067 B3 15
38.300 0.067 B3 15
38.400 0.100 C3 15
38.600 0.100 C3 15
38.800 0.100 C3 15
39.000 0.067 G3 15
39.100 0.067 A#3 15
39.200 0.083 A3 15
39.400 0.083 A3 15
39.600 0.083 G#3 15
39.800 0.067 G#3 15
39.900 0.067 G#3 15
40.000 0.100 G3 15
40.200 0.100 G3 15
40.400 0.100 A3 15
40.600 0.067 A3 15
40.700 0.067 A3 15
40.800 0.100 A#3 15
41.000 0.100 A#3 15
41.200 0.100 B3 15
41.400 0.067 B3 15
41.500 0.067 B3 15
41.600 0.100 C3 15
41.800 0.100 C3 15
42.000 0.100 C3 15
42.200 0.067 G3 15
42.300 0.067 A#3 15
42.400 0.083 A3 15
42.600 0.083 A3 15
42.800 0.083 G#3 15
43.000 0.067 G#3 15
43.100 0.067 G#3 15
43.200 0.100 G3 15
43.400 0.100 G3 15
43.600 0.100 A3 15
43.800 0.067 A3 15
43.900 0.067 A3 15
44.000 0.100 A#3 15
44.200 0.100 A#3 15
44.400 0.100 B3 15
44.600 0.067 B3 15
44.700 0.067 B3 15
44.800 0.117 C3 15
45.000 0.067 C4 15
45.100 0.067 C4 15
45.300 0.067 C4 15
45.400 0.117 C4 15
45.600 0.117 D#3 15
45.800 0.067 D#4 15
45.900 0.067 D#3 15
46.000 0.117 F3 15
46.200 0.067 F4 15
46.300 0.067 F4 15
46.500 0.067 F4 15
46.600 0.117 F4 15
46.800 0.067 F3 15
46.900 0.067 E3 15
47.000 0.067 F3 15
47.100 0.067 G3 15
47.200 0.117 G#3 15
47.400 0.067 G#3 15
47.500 0.067 G#3 15
47.700 0.067 G#3 15
47.800 0.117 G#3 15
48.000 0.117 A#3 15
48.200 0.117 A#3 15
48.400 0.117 C3 15
48.600 0.067 C4 15
48.700 0.067 C4 15
48.900 0.067 C4 15
49.000 0.117 C4 15
49.200 0.067 C4 15
49.300 0.067 F3 15
49.400 0.067 F#3 15
49.500 0.067 G3 15
49.600 0.117 C3 15
49.800 0.067 C4 15
49.900 0.067 C4 15
50.100 0.067 C4 15
50.200 0.117 C4 15
50.400 0.117 D#3 15
50.600 0.067 D#4 15
50.700 0.067 D#3 15
50.800 0.117 F3 15
51.000 0.067 F4 15
51.100 0.067 F4 15
51.300 0.067 F4 15
51.400 0.117 F4 15
51.600 0.067 F3 15
51.700 0.067 E3 15
51.800 0.067 F3 15
51.900 0.067 G3 15
52.000 0.117 G#3 15
52.200 0.067 G#3 15
52.300 0.067 G#3 15
52.500 0.067 G#3 15
52.600 0.117 G#3 15
52.800 0.117 A#3 15
53.000 0.117 A#3 15
53.200 0.117 C3 15
53.400 0.067 C4 15
53.500 0.067 C4 15
53.700 0.067 C4 15
53.800 0.117 C4 15
54.000 0.067 C4 15
54.100 0.067 F3 15
54.200 0.067 F#3 15
54.300 0.067 G3 15
54.400 0.117 C3 15
54.600 0.117 C4 15
54.800 0.117 C4 15
55.000 0.067 C4 15
55.100 0.150 C4 15
55.400 0.117 C4 15
55.600 0.117 C4 15
55.800 0.067 C4 15
55.900 0.150 C4 15
56.200 0.117 C4 15
56.400 0.117 C4 15
56.600 0.067 C4 15
56.700 0.167 C4 15
57.000 0.117 D#3 15
57.200 0.067 F3 15
57.300 0.067 F#3 15
57.400 0.067 G3 15
57.500 0.067 G3 15
57.600 0.117 C3 15
57.800 0.117 C4 15
58.000 0.117 C4 15
58.200 0.067 C4 15
58.300 0.150 C4 15
58.600 0.117 C4 15
58.800 0.117 C4 15
59.000 0.067 C4 15
59.100 0.167 C4 15
59.400 0.117 C4 15
59.600 0.117 C4 15
59.800 0.067 C4 15
59.900 0.150 C4 15
60.200 0.117 D#3 15
60.400 0.067 F3 15
60.500 0.067 F#3 15
60.600 0.067 G3 15
60.700 0.067 G3 15
60.800 0.017 A2 15
60.817 0.017 A#2 15
60.833 0.017 B2 15
60.850 0.017 A2 15
60.867 1.133 C3 15
62.000 0.017 C#3 15
62.017 0.017 D3 15
62.033 0.017 C#3 15
62.050 1.167 D#3 15
63.217 0.017 E3 15
63.233 0.017 D#3 15
63.250 1.150 F3 15
64.400 0.017 F#3 15
64.417 0.017 G3 15
64.433 0.017 F#3 15
64.450 1.150 G#3 15
65.600 0.017 A3 15
65.617 0.017 A#3 15
65.633 0.017 B3 15
65.650 0.017 A3 15
65.667 1.133 C4 15
66.800 0.017 C#4 15
66.817 0.017 D4 15
66.833 0.017 C#4 15
66.850 1.167 D#4 15
68.017 0.017 E4 15
68.033 0.017 D#4 15
68.050 1.150 F4 15
69.200 0.017 G4 15
69.217 0.017 G#4 15
69.233 0.017 A4 15
69.250 0.017 G4 15
69.267 0.567 A#4 15
69.833 0.067 A4 15
69.900 0.067 G#4 15
69.967 0.067 G4 15
70.033 0.050 F#4 15
70.083 0.050 F4 15
70.133 0.050 E4 15
70.183 0.033 D#4 15
70.217 0.033 D4 15
70.250 0.033 C#4 15
70.283 0.033 C4 15
70.317 0.017 B3 15
70.333 0.017 A#3 15
70.350 0.017 A3 15
70.367 0.017 G#3 15
70.383 0.017 G3 15
70.400 0.167 C3 15
70.700 0.067 C4 15
71.000 0.133 C4 15
71.200 0.167 C4 15
71.500 0.067 C4 15
71.800 0.133 C4 15
72.000 0.167 C4 15
72.300 0.067 C4 15
72.600 0.133 C4 15
72.800 0.167 C4 15
73.100 0.133 F3 15
73.400 0.133 G3 15
73.600 0.167 C3 15
73.900 0.067 C4 15
74.200 0.133 C4 15
74.400 0.167 C4 15
74.700 0.083 C4 15
75.000 0.133 C4 15
75.200 0.167 C4 15
75.500 0.067 C4 15
75.800 0.133 C4 15
76.000 0.133 C4 15
76.200 0.133 C4 15
76.400 0.050 A3 15
76.500 0.167 G3 15
76.800 0.067 C3 15
77.000 0.067 C4 15
77.100 0.067 C4 15
77.200 0.067 C4 15
77.400 0.067 C4 15
77.500 0.067 C4 15
77.600 0.067 C4 15
77.700 0.067 C4 15
77.800 0.067 C4 15
77.900 0.067 C4 15
78.000 0.067 C#4 15
78.200 0.067 C#4 15
78.300 0.067 C#4 15
78.400 0.067 C#4 15
78.600 0.067 C#4 15
78.700 0.067 C#4 15
78.800 0.067 C#4 15
78.900 0.067 C#4 15
79.000 0.067 C#4 15
79.100 0.067 C#4 15
79.200 0.067 A#3 15
79.400 0.067 A#3 15
79.500 0.067 A#3 15
79.600 0.067 A#3 15
79.800 0.067 A#3 15
79.900 0.067 A#3 15
80.000 0.067 A#3 15
80.100 0.067 A#3 15
80.200 0.067 A#3 15
80.300 0.067 A#3 15
80.400 0.067 C4 15
80.600 0.067 C4 15
80.700 0.067 C4 15
80.800 0.067 C4 15
81.000 0.067 C4 15
81.100 0.067 C4 15
81.200 0.067 C4 15
81.300 0.067 C4 15
81.400 0.067 C4 15
81.500 0.067 C4 15
81.600 0.067 C3 15
81.800 0.067 C4 15
81.900 0.067 C4 15
82.000 0.067 C4 15
82.200 0.067 C4 15
82.300 0.067 C4 15
82.400 0.067 C4 15
82.500 0.067 C4 15
82.600 0.067 C4 15
82.700 0.067 C4 15
82.800 0.067 C#4 15
83.000 0.067 C#4 15
83.100 0.067 C#4 15
83.200 0.067 C#4 15
83.400 0.067 C#4 15
83.500 0.067 C#4 15
83.600 0.067 C#4 15
83.700 0.067 C#4 15
83.800 0.067 C#4 15
83.900 0.067 C#4 15
84.000 0.067 G3 15
84.200 0.067 G3 15
84.300 0.067 G3 15
84.400 0.067 G3 15
84.600 0.067 G3 15
84.700 0.067 G3 15
84.800 0.067 G3 15
84.900 0.067 G3 15
85.000 0.067 G3 15
85.100 0.067 G3 15
85.200 0.067 C4 15
85.300 0.067 C4 15
85.400 0.067 C4 15
85.500 0.067 C4 15
85.600 0.067 C4 15
85.700 0.067 C4 15
85.800 0.067 C4 15
85.900 0.067 C4 15
86.000 0.067 C4 15
86.400 0.133 C3 15
86.600 0.067 C4 15
86.700 0.067 C4 15
86.800 0.067 C4 15
87.000 0.067 C4 15
87.100 0.067 C4 15
87.200 0.067 C4 15
87.400 0.067 C4 15
87.500 0.067 C4 15
87.600 0.067 E4 15
87.700 0.167 F4 15
88.000 0.133 C3 15
88.200 0.067 C4 15
88.300 0.067 C4 15
88.400 0.067 C4 15
88.600 0.067 C4 15
88.700 0.067 C4 15
88.800 0.067 C4 15
89.000 0.067 C4 15
89.100 0.067 C4 15
89.200 0.067 A#3 15
89.300 0.167 B3 15
89.600 0.133 C3 15
89.800 0.067 C4 15
89.900 0.067 C4 15
90.000 0.067 C4 15
90.200 0.067 C4 15
90.300 0.067 C4 15
90.400 0.067 C4 15
90.600 0.067 C4 15
90.700 0.067 C4 15
90.800 0.067 E4 15
90.900 0.167 F4 15
91.200 0.133 C3 15
91.400 0.067 C4 15
91.500 0.067 C4 15
91.600 0.067 C4 15
91.800 0.067 C4 15
91.900 0.067 C4 15
92.000 0.067 C4 15
92.200 0.067 C4 15
92.300 0.067 C4 15
92.400 0.067 A#3 15
92.500 0.167 B3 15
92.800 0.133 C3 15
93.000 0.067 C4 15
93.100 0.067 C4 15
93.200 0.067 C4 15
93.400 0.067 C4 15
93.500 0.067 C4 15
93.600 0.067 C4 15
93.800 0.067 C4 15
93.900 0.067 C4 15
94.000 0.067 E4 15
94.100 0.167 F4 15
94.400 0.133 C3 15
94.600 0.067 C4 15
94.700 0.067 C4 15
94.800 0.067 C4 15
95.000 0.067 C4 15
95.100 0.067 C4 15
95.200 0.067 C4 15
95.400 0.067 C4 15
95.500 0.067 C4 15
95.600 0.067 A#3 15
95.700 0.167 B3 15
96.000 0.133 C3 15
96.200 0.067 C4 15
96.300 0.067 C4 15
96.400 0.067 C4 15
96.600 0.067 C4 15
96.700 0.067 C4 15
96.800 0.067 C4 15
97.000 0.067 C4 15
97.100 0.067 C4 15
97.200 0.067 E4 15
97.300 0.167 F4 15
97.600 0.133 C3 15
97.800 0.067 C4 15
97.900 0.067 C4 15
98.000 0.067 C4 15
98.200 0.067 C4 15
98.300 0.067 C4 15
98.400 0.067 C4 15
98.600 0.067 C4 15
98.700 0.067 C4 15
98.800 0.067 A#3 15
98.900 0.167 B3 15
99.200 0.133 C3 15
99.400 0.067 C4 15
99.500 0.067 C4 15
99.600 0.067 C4 15
99.800 0.067 C4 15
99.900 0.067 C4 15
100.000 0.067 C4 15
100.200 0.067 C4 15
100.300 0.067 C4 15
100.400 0.067 E4 15
100.500 0.167 F4 15
100.800 0.133 C3 15
101.000 0.067 C4 15
101.100 0.067 C4 15
101.200 0.067 C4 15
101.400 0.067 C4 15
101.500 0.067 C4 15
101.600 0.067 C4 15
101.800 0.067 C4 15
101.900 0.067 C4 15
102.000 0.067 A#3 15
102.100 0.167 B3 15
102.400 0.133 C3 15
102.600 0.067 C4 15
102.700 0.067 C4 15
102.800 0.067 C4 15
103.000 0.067 C4 15
103.100 0.067 C4 15
103.200 0.067 C4 15
103.400 0.067 C4 15
103.500 0.067 C4 15
103.600 0.067 E4 15
103.700 0.167 F4 15
104.000 0.133 C3 15
104.200 0.067 C4 15
104.300 0.067 C4 15
104.400 0.067 C4 15
104.600 0.067 C4 15
104.700 0.067 C4 15
104.800 0.067 C4 15
105.000 0.067 C4 15
105.100 0.067 C4 15
105.200 0.067 A#3 15
105.300 0.167 B3 15
105.600 0.133 C3 15
105.800 0.067 C4 15
105.900 0.067 C4 15
106.000 0.067 C4 15
106.200 0.067 C4 15
106.300 0.067 C4 15
106.400 0.067 C4 15
106.600 0.067 C4 15
106.700 0.067 C4 15
106.800 0.067 E4 15
106.900 0.167 F4 15
107.200 0.133 C3 15
107.400 0.067 C4 15
107.500 0.067 C4 15
107.600 0.067 C4 15
107.800 0.067 C4 15
107.900 0.067 C4 15
108.000 0.067 C4 15
108.200 0.067 C4 15
108.300 0.067 C4 15
108.400 0.067 A#3 15
108.500 0.167 B3 15
108.800 0.133 C3 15
109.000 0.067 C4 15
109.100 0.067 C4 15
109.200 0.067 C4 15
109.400 0.067 C4 15
109.500 0.067 C4 15
109.600 0.067 C4 15
109.800 0.067 C4 15
109.900 0.067 C4 15
110.000 0.067 E4 15
110.100 0.167 F4 15
110.400 0.133 C3 15
110.600 0.067 C4 15
110.700 0.067 C4 15
110.800 0.067 C4 15
111.000 0.067 C4 15
111.100 0.067 C4 15
111.200 0.067 C4 15
111.400 0.067 C4 15
111.500 0.067 C4 15
111.600 0.067 A#3 15
111.700 0.167 B3 15
112.000 0.100 C3 15
112.200 0.100 C3 15
112.400 0.100 C3 15
112.600 0.067 G3 15
112.700 0.067 A#3 15
112.800 0.083 A3 15
113.000 0.083 A3 15
113.200 0.083 G#3 15
113.400 0.067 G#3 15
113.500 0.067 G#3 15
113.600 0.100 G3 15
113.800 0.100 G3 15
114.000 0.100 A3 15
114.200 0.067 A3 15
114.300 0.067 A3 15
114.400 0.100 A#3 15
114.600 0.100 A#3 15
114.800 0.100 B3 15
115.000 0.067 B3 15
115.100 0.067 B3 15
115.200 0.100 C3 15
115.400 0.100 C3 15
115.600 0.100 C3 15
115.800 0.067 G3 15
115.900 0.067 A#3 15
116.000 0.083 A3 15
116.200 0.083 A3 15
116.400 0.083 G#3 15
116.600 0.067 G#3 15
116.700 0.067 G#3 15
116.800 0.100 G3 15
117.000 0.100 G3 15
117.200 0.100 A3 15
117.400 0.067 A3 15
117.500 0.067 A3 15
117.600 0.100 A#3 15
117.800 0.100 A#3 15
118.000 0.100 B3 15
118.200 0.067 B3 15
118.300 0.067 B3 15
118.400 0.100 C3 15
118.600 0.100 C3 15
118.800 0.100 C3 15
119.000 0.067 G3 15
119.100 0.067 A#3 15
119.200 0.083 A3 15
119.400 0.083 A3 15
119.600 0.083 G#3 15
119.800 0.067 G#3 15
119.900 0.067 G#3 15
120.000 0.100 G3 15
Noise(1113)
time dur noise vol drum
0.417 0.017 7 7 snare_deep
0.433 0.017 8 5 tom_high
0.450 0.017 9 3 tom
0.467 0.033 10 2 tom_low
1.217 0.017 7 7 snare_deep
1.233 0.017 8 5 tom_high
1.250 0.017 9 3 tom
1.267 0.033 10 2 tom_low
2.017 0.017 7 7 snare_deep
2.033 0.017 8 5 tom_high
2.050 0.017 9 3 tom
2.067 0.033 10 2 tom_low
2.817 0.017 7 7 snare_deep
2.833 0.017 8 5 tom_high
2.850 0.017 9 3 tom
2.867 0.033 10 2 tom_low
3.617 0.017 7 7 snare_deep
3.633 0.017 8 5 tom_high
3.650 0.017 9 3 tom
3.667 0.033 10 2 tom_low
4.417 0.017 7 7 snare_deep
4.433 0.017 8 5 tom_high
4.450 0.017 9 3 tom
4.467 0.033 10 2 tom_low
5.217 0.017 7 7 snare_deep
5.233 0.017 8 5 tom_high
5.250 0.017 9 3 tom
5.267 0.033 10 2 tom_low
5.617 0.017 7 7 snare_deep
5.633 0.017 8 5 tom_high
5.650 0.017 9 3 tom
5.667 0.033 10 2 tom_low
5.817 0.017 7 7 snare_deep
5.833 0.017 8 5 tom_high
5.850 0.017 9 3 tom
5.867 0.033 10 2 tom_low
6.017 0.017 7 7 snare_deep
6.033 0.017 8 5 tom_high
6.050 0.017 9 3 tom
6.067 0.033 10 2 tom_low
6.117 0.017 7 7 snare_deep
6.133 0.017 8 5 tom_high
6.150 0.017 9 3 tom
6.167 0.033 10 2 tom_low
6.817 0.017 7 7 snare_deep
6.833 0.017 8 5 tom_high
6.850 0.017 9 3 tom
6.867 0.033 10 2 tom_low
7.617 0.017 7 7 snare_deep
7.633 0.017 8 5 tom_high
7.650 0.017 9 3 tom
7.667 0.033 10 2 tom_low
8.417 0.017 7 7 snare_deep
8.433 0.017 8 5 tom_high
8.450 0.017 9 3 tom
8.467 0.033 10 2 tom_low
9.217 0.017 7 7 snare_deep
9.233 0.017 8 5 tom_high
9.250 0.017 9 3 tom
9.267 0.033 10 2 tom_low
10.017 0.017 7 7 snare_deep
10.033 0.017 8 5 tom_high
10.050 0.017 9 3 tom
10.067 0.033 10 2 tom_low
10.817 0.017 7 7 snare_deep
10.833 0.017 8 5 tom_high
10.850 0.017 9 3 tom
10.867 0.033 10 2 tom_low
11.617 0.017 7 7 snare_deep
11.633 0.017 8 5 tom_high
11.650 0.017 9 3 tom
11.667 0.033 10 2 tom_low
12.417 0.017 7 7 snare_deep
12.433 0.017 8 5 tom_high
12.450 0.017 9 3 tom
12.467 0.033 10 2 tom_low
13.217 0.017 7 7 snare_deep
13.233 0.017 8 5 tom_high
13.250 0.017 9 3 tom
13.267 0.033 10 2 tom_low
14.017 0.017 7 7 snare_deep
14.033 0.017 8 5 tom_high
14.050 0.017 9 3 tom
14.067 0.033 10 2 tom_low
14.817 0.017 7 7 snare_deep
14.833 0.017 8 5 tom_high
14.850 0.017 9 3 tom
14.867 0.033 10 2 tom_low
15.617 0.017 7 7 snare_deep
15.633 0.017 8 5 tom_high
15.650 0.017 9 3 tom
15.667 0.033 10 2 tom_low
16.417 0.017 7 7 snare_deep
16.433 0.017 8 5 tom_high
16.450 0.017 9 3 tom
16.467 0.033 10 2 tom_low
17.217 0.017 7 7 snare_deep
17.233 0.017 8 5 tom_high
17.250 0.017 9 3 tom
17.267 0.033 10 2 tom_low
18.017 0.017 7 7 snare_deep
18.033 0.017 8 5 tom_high
18.050 0.017 9 3 tom
18.067 0.033 10 2 tom_low
18.417 0.017 7 7 snare_deep
18.433 0.017 8 5 tom_high
18.450 0.017 9 3 tom
18.467 0.033 10 2 tom_low
18.617 0.017 7 7 snare_deep
18.633 0.017 8 5 tom_high
18.650 0.017 9 3 tom
18.667 0.033 10 2 tom_low
18.817 0.017 7 7 snare_deep
18.833 0.017 8 5 tom_high
18.850 0.017 9 3 tom
18.867 0.033 10 2 tom_low
18.917 0.017 7 7 snare_deep
18.933 0.017 8 5 tom_high
18.950 0.017 9 3 tom
18.967 0.033 10 2 tom_low
19.617 0.017 7 7 snare_deep
19.633 0.017 8 5 tom_high
19.650 0.017 9 3 tom
19.667 0.033 10 2 tom_low
20.417 0.017 7 7 snare_deep
20.433 0.017 8 5 tom_high
20.450 0.017 9 3 tom
20.467 0.033 10 2 tom_low
21.217 0.017 7 7 snare_deep
21.233 0.017 8 5 tom_high
21.250 0.017 9 3 tom
21.267 0.033 10 2 tom_low
22.017 0.017 7 7 snare_deep
22.033 0.017 8 5 tom_high
22.050 0.017 9 3 tom
22.067 0.033 10 2 tom_low
22.817 0.017 7 7 snare_deep
22.833 0.017 8 5 tom_high
22.850 0.017 9 3 tom
22.867 0.033 10 2 tom_low
23.617 0.017 7 7 snare_deep
23.633 0.017 8 5 tom_high
23.650 0.017 9 3 tom
23.667 0.033 10 2 tom_low
24.417 0.017 7 7 snare_deep
24.433 0.017 8 5 tom_high
24.450 0.017 9 3 tom
24.467 0.033 10 2 tom_low
25.217 0.017 7 7 snare_deep
25.233 0.017 8 5 tom_high
25.250 0.017 9 3 tom
25.267 0.033 10 2 tom_low
26.017 0.017 7 7 snare_deep
26.033 0.017 8 5 tom_high
26.050 0.017 9 3 tom
26.067 0.033 10 2 tom_low
26.817 0.017 7 7 snare_deep
26.833 0.017 8 5 tom_high
26.850 0.017 9 3 tom
26.867 0.033 10 2 tom_low
27.617 0.017 7 7 snare_deep
27.633 0.017 8 5 tom_high
27.650 0.017 9 3 tom
27.667 0.033 10 2 tom_low
28.417 0.017 7 7 snare_deep
28.433 0.017 8 5 tom_high
28.450 0.017 9 3 tom
28.467 0.033 10 2 tom_low
29.217 0.017 7 7 snare_deep
29.233 0.017 8 5 tom_high
29.250 0.017 9 3 tom
29.267 0.033 10 2 tom_low
30.017 0.017 7 7 snare_deep
30.033 0.017 8 5 tom_high
30.050 0.017 9 3 tom
30.067 0.033 10 2 tom_low
30.817 0.017 7 7 snare_deep
30.833 0.017 8 5 tom_high
30.850 0.017 9 3 tom
30.867 0.033 10 2 tom_low
31.217 0.017 7 7 snare_deep
31.233 0.017 8 5 tom_high
31.250 0.017 9 3 tom
31.267 0.033 10 2 tom_low
31.417 0.017 7 7 snare_deep
31.433 0.017 8 5 tom_high
31.450 0.017 9 3 tom
31.467 0.033 10 2 tom_low
31.617 0.017 7 7 snare_deep
31.633 0.017 8 5 tom_high
31.650 0.017 9 3 tom
31.667 0.033 10 2 tom_low
32.417 0.017 7 7 snare_deep
32.433 0.017 8 5 tom_high
32.450 0.017 9 3 tom
32.467 0.033 10 2 tom_low
32.617 0.017 9 6 tom
32.633 0.017 10 2 tom_low
32.650 0.033 13 15 kick_deep
32.717 0.017 9 6 tom
32.733 0.017 10 2 tom_low
32.750 0.033 13 15 kick_deep
33.217 0.017 7 7 snare_deep
33.233 0.017 8 5 tom_high
33.250 0.017 9 3 tom
33.267 0.033 10 2 tom_low
33.417 0.017 9 6 tom
33.433 0.017 10 2 tom_low
33.450 0.033 13 15 kick_deep
33.517 0.017 9 6 tom
33.533 0.017 10 2 tom_low
33.550 0.033 13 15 kick_deep
34.017 0.017 7 7 snare_deep
34.033 0.017 8 5 tom_high
34.050 0.017 9 3 tom
34.067 0.033 10 2 tom_low
34.217 0.017 9 6 tom
34.233 0.017 10 2 tom_low
34.250 0.033 13 15 kick_deep
34.317 0.017 9 6 tom
34.333 0.017 10 2 tom_low
34.350 0.033 13 15 kick_deep
34.817 0.017 7 7 snare_deep
34.833 0.017 8 5 tom_high
34.850 0.017 9 3 tom
34.867 0.033 10 2 tom_low
35.017 0.017 9 6 tom
35.033 0.017 10 2 tom_low
35.050 0.033 13 15 kick_deep
35.117 0.017 9 6 tom
35.133 0.017 10 2 tom_low
35.150 0.033 13 15 kick_deep
35.617 0.017 7 7 snare_deep
35.633 0.017 8 5 tom_high
35.650 0.017 9 3 tom
35.667 0.033 10 2 tom_low
35.817 0.017 9 6 tom
35.833 0.017 10 2 tom_low
35.850 0.033 13 15 kick_deep
35.917 0.017 9 6 tom
35.933 0.017 10 2 tom_low
35.950 0.033 13 15 kick_deep
36.417 0.017 7 7 snare_deep
36.433 0.017 8 5 tom_high
36.450 0.017 9 3 tom
36.467 0.033 10 2 tom_low
36.617 0.017 9 6 tom
36.633 0.017 10 2 tom_low
36.650 0.033 13 15 kick_deep
36.717 0.017 9 6 tom
36.733 0.017 10 2 tom_low
36.750 0.033 13 15 kick_deep
37.217 0.017 7 7 snare_deep
37.233 0.017 8 5 tom_high
37.250 0.017 9 3 tom
37.267 0.033 10 2 tom_low
37.417 0.017 9 6 tom
37.433 0.017 10 2 tom_low
37.450 0.033 13 15 kick_deep
37.517 0.017 9 6 tom
37.533 0.017 10 2 tom_low
37.550 0.033 13 15 kick_deep
38.017 0.017 7 7 snare_deep
38.033 0.017 8 5 tom_high
38.050 0.017 9 3 tom
38.067 0.033 10 2 tom_low
38.217 0.017 7 7 snare_deep
38.233 0.017 8 5 tom_high
38.250 0.017 9 3 tom
38.267 0.033 10 2 tom_low
38.317 0.017 7 7 snare_deep
38.333 0.017 8 5 tom_high
38.350 0.017 9 3 tom
38.367 0.033 10 2 tom_low
38.817 0.017 7 7 snare_deep
38.833 0.017 8 5 tom_high
38.850 0.017 9 3 tom
38.867 0.033 10 2 tom_low
39.017 0.017 9 6 tom
39.033 0.017 10 2 tom_low
39.050 0.033 13 15 kick_deep
39.117 0.017 9 6 tom
39.133 0.017 10 2 tom_low
39.150 0.033 13 15 kick_deep
39.617 0.017 7 7 snare_deep
39.633 0.017 8 5 tom_high
39.650 0.017 9 3 tom
39.667 0.033 10 2 tom_low
39.817 0.017 9 6 tom
39.833 0.017 10 2 tom_low
39.850 0.033 13 15 kick_deep
39.917 0.017 9 6 tom
39.933 0.017 10 2 tom_low
39.950 0.033 13 15 kick_deep
40.417 0.017 7 7 snare_deep
40.433 0.017 8 5 tom_high
40.450 0.017 9 3 tom
40.467 0.033 10 2 tom_low
40.617 0.017 9 6 tom
40.633 0.017 10 2 tom_low
40.650 0.033 13 15 kick_deep
40.717 0.017 9 6 tom
40.733 0.017 10 2 tom_low
40.750 0.033 13 15 kick_deep
41.217 0.017 7 7 snare_deep
41.233 0.017 8 5 tom_high
41.250 0.017 9 3 tom
41.267 0.033 10 2 tom_low
41.417 0.017 9 6 tom
41.433 0.017 10 2 tom_low
41.450 0.033 13 15 kick_deep
41.517 0.017 9 6 tom
41.533 0.017 10 2 tom_low
41.550 0.033 13 15 kick_deep
42.017 0.017 7 7 snare_deep
42.033 0.017 8 5 tom_high
42.050 0.017 9 3 tom
42.067 0.033 10 2 tom_low
42.217 0.017 9 6 tom
42.233 0.017 10 2 tom_low
42.250 0.033 13 15 kick_deep
42.317 0.017 9 6 tom
42.333 0.017 10 2 tom_low
42.350 0.033 13 15 kick_deep
42.817 0.017 7 7 snare_deep
42.833 0.017 8 5 tom_high
42.850 0.017 9 3 tom
42.867 0.033 10 2 tom_low
43.017 0.017 9 6 tom
43.033 0.017 10 2 tom_low
43.050 0.033 13 15 kick_deep
43.117 0.017 9 6 tom
43.133 0.017 10 2 tom_low
43.150 0.033 13 15 kick_deep
43.617 0.017 7 7 snare_deep
43.633 0.017 8 5 tom_high
43.650 0.017 9 3 tom
43.667 0.033 10 2 tom_low
43.817 0.017 7 7 snare_deep
43.833 0.017 8 5 tom_high
43.850 0.017 9 3 tom
43.867 0.033 10 2 tom_low
43.917 0.017 7 7 snare_deep
43.933 0.017 8 5 tom_high
43.950 0.017 9 3 tom
43.967 0.033 10 2 tom_low
44.017 0.017 7 7 snare_deep
44.033 0.017 8 5 tom_high
44.050 0.017 9 3 tom
44.067 0.033 10 2 tom_low
44.217 0.017 7 7 snare_deep
44.233 0.017 8 5 tom_high
44.250 0.017 9 3 tom
44.267 0.033 10 2 tom_low
44.317 0.017 7 7 snare_deep
44.333 0.017 8 5 tom_high
44.350 0.017 9 3 tom
44.367 0.033 10 2 tom_low
44.417 0.017 7 7 snare_deep
44.433 0.017 8 5 tom_high
44.450 0.017 9 3 tom
44.467 0.033 10 2 tom_low
44.617 0.017 7 7 snare_deep
44.633 0.017 8 5 tom_high
44.650 0.017 9 3 tom
44.667 0.033 10 2 tom_low
44.717 0.017 7 7 snare_deep
44.733 0.017 8 5 tom_high
44.750 0.017 9 3 tom
44.767 0.033 10 2 tom_low
45.217 0.017 7 7 snare_deep
45.233 0.017 8 5 tom_high
45.250 0.017 9 3 tom
45.267 0.033 10 2 tom_low
45.617 0.017 7 7 snare_deep
45.633 0.017 8 5 tom_high
45.650 0.017 9 3 tom
45.667 0.033 10 2 tom_low
45.817 0.017 7 7 snare_deep
45.833 0.017 8 5 tom_high
45.850 0.017 9 3 tom
45.867 0.033 10 2 tom_low
46.417 0.017 7 7 snare_deep
46.433 0.017 8 5 tom_high
46.450 0.017 9 3 tom
46.467 0.033 10 2 tom_low
46.817 0.017 7 7 snare_deep
46.833 0.017 8 5 tom_high
46.850 0.017 9 3 tom
46.867 0.033 10 2 tom_low
46.917 0.017 7 7 snare_deep
46.933 0.017 8 5 tom_high
46.950 0.017 9 3 tom
46.967 0.033 10 2 tom_low
47.017 0.017 7 7 snare_deep
47.033 0.017 8 5 tom_high
47.050 0.017 9 3 tom
47.067 0.033 10 2 tom_low
47.117 0.017 7 7 snare_deep
47.133 0.017 8 5 tom_high
47.150 0.017 9 3 tom
47.167 0.033 10 2 tom_low
47.617 0.017 7 7 snare_deep
47.633 0.017 8 5 tom_high
47.650 0.017 9 3 tom
47.667 0.033 10 2 tom_low
48.017 0.017 7 7 snare_deep
48.033 0.017 8 5 tom_high
48.050 0.017 9 3 tom
48.067 0.033 10 2 tom_low
48.217 0.017 7 7 snare_deep
48.233 0.017 8 5 tom_high
48.250 0.017 9 3 tom
48.267 0.033 10 2 tom_low
48.817 0.017 7 7 snare_deep
48.833 0.017 8 5 tom_high
48.850 0.017 9 3 tom
48.867 0.033 10 2 tom_low
49.217 0.017 7 7 snare_deep
49.233 0.017 8 5 tom_high
49.250 0.017 9 3 tom
49.267 0.033 10 2 tom_low
49.417 0.017 7 7 snare_deep
49.433 0.017 8 5 tom_high
49.450 0.017 9 3 tom
49.467 0.033 10 2 tom_low
49.517 0.017 7 7 snare_deep
49.533 0.017 8 5 tom_high
49.550 0.017 9 3 tom
49.567 0.033 10 2 tom_low
50.017 0.017 7 7 snare_deep
50.033 0.017 8 5 tom_high
50.050 0.017 9 3 tom
50.067 0.033 10 2 tom_low
50.417 0.017 7 7 snare_deep
50.433 0.017 8 5 tom_high
50.450 0.017 9 3 tom
50.467 0.033 10 2 tom_low
50.617 0.017 7 7 snare_deep
50.633 0.017 8 5 tom_high
50.650 0.017 9 3 tom
50.667 0.033 10 2 tom_low
51.217 0.017 7 7 snare_deep
51.233 0.017 8 5 tom_high
51.250 0.017 9 3 tom
51.267 0.033 10 2 tom_low
51.617 0.017 7 7 snare_deep
51.633 0.017 8 5 tom_high
51.650 0.017 9 3 tom
51.667 0.033 10 2 tom_low
51.717 0.017 7 7 snare_deep
51.733 0.017 8 5 tom_high
51.750 0.017 9 3 tom
51.767 0.033 10 2 tom_low
51.817 0.017 7 7 snare_deep
51.833 0.017 8 5 tom_high
51.850 0.017 9 3 tom
51.867 0.033 10 2 tom_low
51.917 0.017 7 7 snare_deep
51.933 0.017 8 5 tom_high
51.950 0.017 9 3 tom
51.967 0.033 10 2 tom_low
52.417 0.017 7 7 snare_deep
52.433 0.017 8 5 tom_high
52.450 0.017 9 3 tom
52.467 0.033 10 2 tom_low
52.817 0.017 7 7 snare_deep
52.833 0.017 8 5 tom_high
52.850 0.017 9 3 tom
52.867 0.033 10 2 tom_low
53.017 0.017 7 7 snare_deep
53.033 0.017 8 5 tom_high
53.050 0.017 9 3 tom
53.067 0.033 10 2 tom_low
53.617 0.017 7 7 snare_deep
53.633 0.017 8 5 tom_high
53.650 0.017 9 3 tom
53.667 0.033 10 2 tom_low
54.017 0.017 7 7 snare_deep
54.033 0.017 8 5 tom_high
54.050 0.017 9 3 tom
54.067 0.033 10 2 tom_low
54.217 0.017 7 7 snare_deep
54.233 0.017 8 5 tom_high
54.250 0.017 9 3 tom
54.267 0.033 10 2 tom_low
54.317 0.017 7 7 snare_deep
54.333 0.017 8 5 tom_high
54.350 0.017 9 3 tom
54.367 0.033 10 2 tom_low
54.817 0.017 7 7 snare_deep
54.833 0.017 8 5 tom_high
54.850 0.017 9 3 tom
54.867 0.033 10 2 tom_low
55.017 0.017 9 6 tom
55.033 0.017 10 2 tom_low
55.050 0.033 13 15 kick_deep
55.617 0.017 7 7 snare_deep
55.633 0.017 8 5 tom_high
55.650 0.017 9 3 tom
55.667 0.033 10 2 tom_low
55.817 0.017 9 6 tom
55.833 0.017 10 2 tom_low
55.850 0.033 13 15 kick_deep
56.417 0.017 7 7 snare_deep
56.433 0.017 8 5 tom_high
56.450 0.017 9 3 tom
56.467 0.033 10 2 tom_low
56.617 0.017 9 6 tom
56.633 0.017 10 2 tom_low
56.650 0.033 13 15 kick_deep
57.217 0.017 7 7 snare_deep
57.233 0.017 8 5 tom_high
57.250 0.017 9 3 tom
57.267 0.033 10 2 tom_low
57.417 0.017 7 7 snare_deep
57.433 0.017 8 5 tom_high
57.450 0.017 9 3 tom
57.467 0.033 10 2 tom_low
57.517 0.017 7 7 snare_deep
57.533 0.017 8 5 tom_high
57.550 0.017 9 3 tom
57.567 0.033 10 2 tom_low
58.017 0.017 7 7 snare_deep
58.033 0.017 8 5 tom_high
58.050 0.017 9 3 tom
58.067 0.033 10 2 tom_low
58.217 0.017 9 6 tom
58.233 0.017 10 2 tom_low
58.250 0.033 13 15 kick_deep
58.817 0.017 7 7 snare_deep
58.833 0.017 8 5 tom_high
58.850 0.017 9 3 tom
58.867 0.033 10 2 tom_low
59.017 0.017 9 6 tom
59.033 0.017 10 2 tom_low
59.050 0.033 13 15 kick_deep
59.617 0.017 7 7 snare_deep
59.633 0.017 8 5 tom_high
59.650 0.017 9 3 tom
59.667 0.033 10 2 tom_low
59.817 0.017 9 6 tom
59.833 0.017 10 2 tom_low
59.850 0.033 13 15 kick_deep
60.417 0.017 7 7 snare_deep
60.433 0.017 8 5 tom_high
60.450 0.017 9 3 tom
60.467 0.033 10 2 tom_low
60.517 0.017 7 7 snare_deep
60.533 0.017 8 5 tom_high
60.550 0.017 9 3 tom
60.567 0.033 10 2 tom_low
60.617 0.017 7 7 snare_deep
60.633 0.017 8 5 tom_high
60.650 0.017 9 3 tom
60.667 0.033 10 2 tom_low
60.717 0.017 7 7 snare_deep
60.733 0.017 8 5 tom_high
60.750 0.017 9 3 tom
60.767 0.033 10 2 tom_low
60.917 0.017 7 7 snare_deep
60.933 0.017 8 5 tom_high
60.950 0.017 9 3 tom
60.967 0.033 10 2 tom_low
61.217 0.017 7 7 snare_deep
61.233 0.017 8 5 tom_high
61.250 0.017 9 3 tom
61.267 0.033 10 2 tom_low
61.617 0.017 7 7 snare_deep
61.633 0.017 8 5 tom_high
61.650 0.017 9 3 tom
61.667 0.033 10 2 tom_low
61.817 0.017 7 7 snare_deep
61.833 0.017 8 5 tom_high
61.850 0.017 9 3 tom
61.867 0.033 10 2 tom_low
62.117 0.017 7 7 snare_deep
62.133 0.017 8 5 tom_high
62.150 0.017 9 3 tom
62.167 0.033 10 2 tom_low
62.417 0.017 7 7 snare_deep
62.433 0.017 8 5 tom_high
62.450 0.017 9 3 tom
62.467 0.033 10 2 tom_low
62.817 0.017 7 7 snare_deep
62.833 0.017 8 5 tom_high
62.850 0.017 9 3 tom
62.867 0.033 10 2 tom_low
63.017 0.017 7 7 snare_deep
63.033 0.017 8 5 tom_high
63.050 0.017 9 3 tom
63.067 0.033 10 2 tom_low
63.317 0.017 7 7 snare_deep
63.333 0.017 8 5 tom_high
63.350 0.017 9 3 tom
63.367 0.033 10 2 tom_low
63.617 0.017 7 7 snare_deep
63.633 0.017 8 5 tom_high
63.650 0.017 9 3 tom
63.667 0.033 10 2 tom_low
64.017 0.017 7 7 snare_deep
64.033 0.017 8 5 tom_high
64.050 0.017 9 3 tom
64.067 0.033 10 2 tom_low
64.217 0.017 7 7 snare_deep
64.233 0.017 8 5 tom_high
64.250 0.017 9 3 tom
64.267 0.033 10 2 tom_low
64.517 0.017 7 7 snare_deep
64.533 0.017 8 5 tom_high
64.550 0.017 9 3 tom
64.567 0.033 10 2 tom_low
64.817 0.017 7 7 snare_deep
64.833 0.017 8 5 tom_high
64.850 0.017 9 3 tom
64.867 0.033 10 2 tom_low
65.217 0.017 7 7 snare_deep
65.233 0.017 8 5 tom_high
65.250 0.017 9 3 tom
65.267 0.033 10 2 tom_low
65.317 0.017 7 7 snare_deep
65.333 0.017 8 5 tom_high
65.350 0.017 9 3 tom
65.367 0.033 10 2 tom_low
65.417 0.017 7 7 snare_deep
65.433 0.017 8 5 tom_high
65.450 0.017 9 3 tom
65.467 0.033 10 2 tom_low
65.517 0.017 7 7 snare_deep
65.533 0.017 8 5 tom_high
65.550 0.017 9 3 tom
65.567 0.033 10 2 tom_low
65.717 0.017 7 7 snare_deep
65.733 0.017 8 5 tom_high
65.750 0.017 9 3 tom
65.767 0.033 10 2 tom_low
66.017 0.017 7 7 snare_deep
66.033 0.017 8 5 tom_high
66.050 0.017 9 3 tom
66.067 0.033 10 2 tom_low
66.417 0.017 7 7 snare_deep
66.433 0.017 8 5 tom_high
66.450 0.017 9 3 tom
66.467 0.033 10 2 tom_low
66.617 0.017 7 7 snare_deep
66.633 0.017 8 5 tom_high
66.650 0.017 9 3 tom
66.667 0.033 10 2 tom_low
66.917 0.017 7 7 snare_deep
66.933 0.017 8 5 tom_high
66.950 0.017 9 3 tom
66.967 0.033 10 2 tom_low
67.217 0.017 7 7 snare_deep
67.233 0.017 8 5 tom_high
67.250 0.017 9 3 tom
67.267 0.033 10 2 tom_low
67.617 0.017 7 7 snare_deep
67.633 0.017 8 5 tom_high
67.650 0.017 9 3 tom
67.667 0.033 10 2 tom_low
67.817 0.017 7 7 snare_deep
67.833 0.017 8 5 tom_high
67.850 0.017 9 3 tom
67.867 0.033 10 2 tom_low
68.117 0.017 7 7 snare_deep
68.133 0.017 8 5 tom_high
68.150 0.017 9 3 tom
68.167 0.033 10 2 tom_low
68.417 0.017 7 7 snare_deep
68.433 0.017 8 5 tom_high
68.450 0.017 9 3 tom
68.467 0.033 10 2 tom_low
68.817 0.017 7 7 snare_deep
68.833 0.017 8 5 tom_high
68.850 0.017 9 3 tom
68.867 0.033 10 2 tom_low
69.017 0.017 7 7 snare_deep
69.033 0.017 8 5 tom_high
69.050 0.017 9 3 tom
69.067 0.033 10 2 tom_low
69.317 0.017 7 7 snare_deep
69.333 0.017 8 5 tom_high
69.350 0.017 9 3 tom
69.367 0.033 10 2 tom_low
69.617 0.017 7 7 snare_deep
69.633 0.017 8 5 tom_high
69.650 0.017 9 3 tom
69.667 0.033 10 2 tom_low
69.817 0.017 7 7 snare_deep
69.833 0.017 8 5 tom_high
69.850 0.017 9 3 tom
69.867 0.033 10 2 tom_low
69.917 0.017 7 7 snare_deep
69.933 0.017 8 5 tom_high
69.950 0.017 9 3 tom
69.967 0.033 10 2 tom_low
70.017 0.017 7 7 snare_deep
70.033 0.017 8 5 tom_high
70.050 0.017 9 3 tom
70.067 0.033 10 2 tom_low
70.117 0.017 7 7 snare_deep
70.133 0.017 8 5 tom_high
70.150 0.017 9 3 tom
70.167 0.033 10 2 tom_low
70.217 0.017 7 7 snare_deep
70.233 0.017 8 5 tom_high
70.250 0.017 9 3 tom
70.267 0.033 10 2 tom_low
70.317 0.017 7 7 snare_deep
70.333 0.017 8 5 tom_high
70.350 0.017 9 3 tom
70.367 0.033 10 2 tom_low
70.717 0.017 9 6 tom
70.733 0.017 10 2 tom_low
70.750 0.033 13 15 kick_deep
70.817 0.017 7 7 snare_deep
70.833 0.017 8 5 tom_high
70.850 0.017 9 3 tom
70.867 0.033 10 2 tom_low
71.417 0.017 9 6 tom
71.433 0.017 10 2 tom_low
71.450 0.033 13 15 kick_deep
71.617 0.017 7 7 snare_deep
71.633 0.017 8 5 tom_high
71.650 0.017 9 3 tom
71.667 0.033 10 2 tom_low
72.317 0.017 9 6 tom
72.333 0.017 10 2 tom_low
72.350 0.033 13 15 kick_deep
72.417 0.017 7 7 snare_deep
72.433 0.017 8 5 tom_high
72.450 0.017 9 3 tom
72.467 0.033 10 2 tom_low
73.017 0.017 9 6 tom
73.033 0.017 10 2 tom_low
73.050 0.033 13 15 kick_deep
73.217 0.017 7 7 snare_deep
73.233 0.017 8 5 tom_high
73.250 0.017 9 3 tom
73.267 0.033 10 2 tom_low
73.917 0.017 9 6 tom
73.933 0.017 10 2 tom_low
73.950 0.033 13 15 kick_deep
74.017 0.017 7 7 snare_deep
74.033 0.017 8 5 tom_high
74.050 0.017 9 3 tom
74.067 0.033 10 2 tom_low
74.617 0.017 9 6 tom
74.633 0.017 10 2 tom_low
74.650 0.033 13 15 kick_deep
74.817 0.017 7 7 snare_deep
74.833 0.017 8 5 tom_high
74.850 0.017 9 3 tom
74.867 0.033 10 2 tom_low
75.517 0.017 9 6 tom
75.533 0.017 10 2 tom_low
75.550 0.033 13 15 kick_deep
75.617 0.017 7 7 snare_deep
75.633 0.017 8 5 tom_high
75.650 0.017 9 3 tom
75.667 0.033 10 2 tom_low
76.017 0.017 7 7 snare_deep
76.033 0.017 8 5 tom_high
76.050 0.017 9 3 tom
76.067 0.033 10 2 tom_low
76.217 0.017 7 7 snare_deep
76.233 0.017 8 5 tom_high
76.250 0.017 9 3 tom
76.267 0.033 10 2 tom_low
76.417 0.017 7 7 snare_deep
76.433 0.017 8 5 tom_high
76.450 0.017 9 3 tom
76.467 0.033 10 2 tom_low
76.517 0.017 7 7 snare_deep
76.533 0.017 8 5 tom_high
76.550 0.017 9 3 tom
76.567 0.033 10 2 tom_low
77.217 0.017 7 7 snare_deep
77.233 0.017 8 5 tom_high
77.250 0.017 9 3 tom
77.267 0.033 10 2 tom_low
78.417 0.017 7 7 snare_deep
78.433 0.017 8 5 tom_high
78.450 0.017 9 3 tom
78.467 0.033 10 2 tom_low
79.617 0.017 7 7 snare_deep
79.633 0.017 8 5 tom_high
79.650 0.017 9 3 tom
79.667 0.033 10 2 tom_low
80.817 0.017 7 7 snare_deep
80.833 0.017 8 5 tom_high
80.850 0.017 9 3 tom
80.867 0.033 10 2 tom_low
81.217 0.017 7 7 snare_deep
81.233 0.017 8 5 tom_high
81.250 0.017 9 3 tom
81.267 0.033 10 2 tom_low
81.317 0.017 7 7 snare_deep
81.333 0.017 8 5 tom_high
81.350 0.017 9 3 tom
81.367 0.033 10 2 tom_low
81.417 0.017 7 7 snare_deep
81.433 0.017 8 5 tom_high
81.450 0.017 9 3 tom
81.467 0.033 10 2 tom_low
81.517 0.017 7 7 snare_deep
81.533 0.017 8 5 tom_high
81.550 0.017 9 3 tom
81.567 0.033 10 2 tom_low
82.017 0.017 7 7 snare_deep
82.033 0.017 8 5 tom_high
82.050 0.017 9 3 tom
82.067 0.033 10 2 tom_low
83.217 0.017 7 7 snare_deep
83.233 0.017 8 5 tom_high
83.250 0.017 9 3 tom
83.267 0.033 10 2 tom_low
84.417 0.017 7 7 snare_deep
84.433 0.017 8 5 tom_high
84.450 0.017 9 3 tom
84.467 0.033 10 2 tom_low
85.217 0.017 7 7 snare_deep
85.233 0.017 8 5 tom_high
85.250 0.017 9 3 tom
85.267 0.033 10 2 tom_low
85.317 0.017 7 7 snare_deep
85.333 0.017 8 5 tom_high
85.350 0.017 9 3 tom
85.367 0.033 10 2 tom_low
85.417 0.017 7 7 snare_deep
85.433 0.017 8 5 tom_high
85.450 0.017 9 3 tom
85.467 0.033 10 2 tom_low
85.517 0.017 7 7 snare_deep
85.533 0.017 8 5 tom_high
85.550 0.017 9 3 tom
85.567 0.033 10 2 tom_low
85.617 0.017 7 7 snare_deep
85.633 0.017 8 5 tom_high
85.650 0.017 9 3 tom
85.667 0.033 10 2 tom_low
85.717 0.017 7 7 snare_deep
85.733 0.017 8 5 tom_high
85.750 0.017 9 3 tom
85.767 0.033 10 2 tom_low
85.817 0.017 7 7 snare_deep
85.833 0.017 8 5 tom_high
85.850 0.017 9 3 tom
85.867 0.033 10 2 tom_low
85.917 0.017 7 7 snare_deep
85.933 0.017 8 5 tom_high
85.950 0.017 9 3 tom
85.967 0.033 10 2 tom_low
86.017 0.017 7 7 snare_deep
86.033 0.017 8 5 tom_high
86.050 0.017 9 3 tom
86.083 0.017 7 7 snare_deep
86.100 0.017 8 5 tom_high
86.117 0.017 9 3 tom
86.150 0.017 7 7 snare_deep
86.167 0.017 8 5 tom_high
86.183 0.017 9 3 tom
86.200 0.033 10 2 tom_low
86.817 0.017 7 7 snare_deep
86.833 0.017 8 5 tom_high
86.850 0.017 9 3 tom
86.867 0.033 10 2 tom_low
87.617 0.017 7 7 snare_deep
87.633 0.017 8 5 tom_high
87.650 0.017 9 3 tom
87.667 0.033 10 2 tom_low
88.417 0.017 7 7 snare_deep
88.433 0.017 8 5 tom_high
88.450 0.017 9 3 tom
88.467 0.033 10 2 tom_low
89.217 0.017 7 7 snare_deep
89.233 0.017 8 5 tom_high
89.250 0.017 9 3 tom
89.267 0.033 10 2 tom_low
90.017 0.017 7 7 snare_deep
90.033 0.017 8 5 tom_high
90.050 0.017 9 3 tom
90.067 0.033 10 2 tom_low
90.817 0.017 7 7 snare_deep
90.833 0.017 8 5 tom_high
90.850 0.017 9 3 tom
90.867 0.033 10 2 tom_low
91.617 0.017 7 7 snare_deep
91.633 0.017 8 5 tom_high
91.650 0.017 9 3 tom
91.667 0.033 10 2 tom_low
92.417 0.017 7 7 snare_deep
92.433 0.017 8 5 tom_high
92.450 0.017 9 3 tom
92.467 0.033 10 2 tom_low
93.217 0.017 7 7 snare_deep
93.233 0.017 8 5 tom_high
93.250 0.017 9 3 tom
93.267 0.033 10 2 tom_low
94.017 0.017 7 7 snare_deep
94.033 0.017 8 5 tom_high
94.050 0.017 9 3 tom
94.067 0.033 10 2 tom_low
94.817 0.017 7 7 snare_deep
94.833 0.017 8 5 tom_high
94.850 0.017 9 3 tom
94.867 0.033 10 2 tom_low
95.617 0.017 7 7 snare_deep
95.633 0.017 8 5 tom_high
95.650 0.017 9 3 tom
95.667 0.033 10 2 tom_low
96.417 0.017 7 7 snare_deep
96.433 0.017 8 5 tom_high
96.450 0.017 9 3 tom
96.467 0.033 10 2 tom_low
97.217 0.017 7 7 snare_deep
97.233 0.017 8 5 tom_high
97.250 0.017 9 3 tom
97.267 0.033 10 2 tom_low
98.017 0.017 7 7 snare_deep
98.033 0.017 8 5 tom_high
98.050 0.017 9 3 tom
98.067 0.033 10 2 tom_low
98.417 0.017 7 7 snare_deep
98.433 0.017 8 5 tom_high
98.450 0.017 9 3 tom
98.467 0.033 10 2 tom_low
98.617 0.017 7 7 snare_deep
98.633 0.017 8 5 tom_high
98.650 0.017 9 3 tom
98.667 0.033 10 2 tom_low
98.817 0.017 7 7 snare_deep
98.833 0.017 8 5 tom_high
98.850 0.017 9 3 tom
98.867 0.033 10 2 tom_low
98.917 0.017 7 7 snare_deep
98.933 0.017 8 5 tom_high
98.950 0.017 9 3 tom
98.967 0.033 10 2 tom_low
99.617 0.017 7 7 snare_deep
99.633 0.017 8 5 tom_high
99.650 0.017 9 3 tom
99.667 0.033 10 2 tom_low
100.417 0.017 7 7 snare_deep
100.433 0.017 8 5 tom_high
100.450 0.017 9 3 tom
100.467 0.033 10 2 tom_low
101.217 0.017 7 7 snare_deep
101.233 0.017 8 5 tom_high
101.250 0.017 9 3 tom
101.267 0.033 10 2 tom_low
102.017 0.017 7 7 snare_deep
102.033 0.017 8 5 tom_high
102.050 0.017 9 3 tom
102.067 0.033 10 2 tom_low
102.817 0.017 7 7 snare_deep
102.833 0.017 8 5 tom_high
102.850 0.017 9 3 tom
102.867 0.033 10 2 tom_low
103.617 0.017 7 7 snare_deep
103.633 0.017 8 5 tom_high
103.650 0.017 9 3 tom
103.667 0.033 10 2 tom_low
104.417 0.017 7 7 snare_deep
104.433 0.017 8 5 tom_high
104.450 0.017 9 3 tom
104.467 0.033 10 2 tom_low
105.217 0.017 7 7 snare_deep
105.233 0.017 8 5 tom_high
105.250 0.017 9 3 tom
105.267 0.033 10 2 tom_low
106.017 0.017 7 7 snare_deep
106.033 0.017 8 5 tom_high
106.050 0.017 9 3 tom
106.067 0.033 10 2 tom_low
106.817 0.017 7 7 snare_deep
106.833 0.017 8 5 tom_high
106.850 0.017 9 3 tom
106.867 0.033 10 2 tom_low
107.617 0.017 7 7 snare_deep
107.633 0.017 8 5 tom_high
107.650 0.017 9 3 tom
107.667 0.033 10 2 tom_low
108.417 0.017 7 7 snare_deep
108.433 0.017 8 5 tom_high
108.450 0.017 9 3 tom
108.467 0.033 10 2 tom_low
109.217 0.017 7 7 snare_deep
109.233 0.017 8 5 tom_high
109.250 0.017 9 3 tom
109.267 0.033 10 2 tom_low
110.017 0.017 7 7 snare_deep
110.033 0.017 8 5 tom_high
110.050 0.017 9 3 tom
110.067 0.033 10 2 tom_low
110.817 0.017 7 7 snare_deep
110.833 0.017 8 5 tom_high
110.850 0.017 9 3 tom
110.867 0.033 10 2 tom_low
111.217 0.017 7 7 snare_deep
111.233 0.017 8 5 tom_high
111.250 0.017 9 3 tom
111.267 0.033 10 2 tom_low
111.417 0.017 7 7 snare_deep
111.433 0.017 8 5 tom_high
111.450 0.017 9 3 tom
111.467 0.033 10 2 tom_low
111.617 0.017 7 7 snare_deep
111.633 0.017 8 5 tom_high
111.650 0.017 9 3 tom
111.667 0.033 10 2 tom_low
112.417 0.017 7 7 snare_deep
112.433 0.017 8 5 tom_high
112.450 0.017 9 3 tom
112.467 0.033 10 2 tom_low
112.617 0.017 9 6 tom
112.633 0.017 10 2 tom_low
112.650 0.033 13 15 kick_deep
112.717 0.017 9 6 tom
112.733 0.017 10 2 tom_low
112.750 0.033 13 15 kick_deep
113.217 0.017 7 7 snare_deep
113.233 0.017 8 5 tom_high
113.250 0.017 9 3 tom
113.267 0.033 10 2 tom_low
113.417 0.017 9 6 tom
113.433 0.017 10 2 tom_low
113.450 0.033 13 15 kick_deep
113.517 0.017 9 6 tom
113.533 0.017 10 2 tom_low
113.550 0.033 13 15 kick_deep
114.017 0.017 7 7 snare_deep
114.033 0.017 8 5 tom_high
114.050 0.017 9 3 tom
114.067 0.033 10 2 tom_low
114.217 0.017 9 6 tom
114.233 0.017 10 2 tom_low
114.250 0.033 13 15 kick_deep
114.317 0.017 9 6 tom
114.333 0.017 10 2 tom_low
114.350 0.033 13 15 kick_deep
114.817 0.017 7 7 snare_deep
114.833 0.017 8 5 tom_high
114.850 0.017 9 3 tom
114.867 0.033 10 2 tom_low
115.017 0.017 9 6 tom
115.033 0.017 10 2 tom_low
115.050 0.033 13 15 kick_deep
115.117 0.017 9 6 tom
115.133 0.017 10 2 tom_low
115.150 0.033 13 15 kick_deep
115.617 0.017 7 7 snare_deep
115.633 0.017 8 5 tom_high
115.650 0.017 9 3 tom
115.667 0.033 10 2 tom_low
115.817 0.017 9 6 tom
115.833 0.017 10 2 tom_low
115.850 0.033 13 15 kick_deep
115.917 0.017 9 6 tom
115.933 0.017 10 2 tom_low
115.950 0.033 13 15 kick_deep
116.417 0.017 7 7 snare_deep
116.433 0.017 8 5 tom_high
116.450 0.017 9 3 tom
116.467 0.033 10 2 tom_low
116.617 0.017 9 6 tom
116.633 0.017 10 2 tom_low
116.650 0.033 13 15 kick_deep
116.717 0.017 9 6 tom
116.733 0.017 10 2 tom_low
116.750 0.033 13 15 kick_deep
117.217 0.017 7 7 snare_deep
117.233 0.017 8 5 tom_high
117.250 0.017 9 3 tom
117.267 0.033 10 2 tom_low
117.417 0.017 9 6 tom
117.433 0.017 10 2 tom_low
117.450 0.033 13 15 kick_deep
117.517 0.017 9 6 tom
117.533 0.017 10 2 tom_low
117.550 0.033 13 15 kick_deep
118.017 0.017 7 7 snare_deep
118.033 0.017 8 5 tom_high
118.050 0.017 9 3 tom
118.067 0.033 10 2 tom_low
118.217 0.017 7 7 snare_deep
118.233 0.017 8 5 tom_high
118.250 0.017 9 3 tom
118.267 0.033 10 2 tom_low
118.317 0.017 7 7 snare_deep
118.333 0.017 8 5 tom_high
118.350 0.017 9 3 tom
118.367 0.033 10 2 tom_low
118.817 0.017 7 7 snare_deep
118.833 0.017 8 5 tom_high
118.850 0.017 9 3 tom
118.867 0.033 10 2 tom_low
119.017 0.017 9 6 tom
119.033 0.017 10 2 tom_low
119.050 0.033 13 15 kick_deep
119.117 0.017 9 6 tom
119.133 0.017 10 2 tom_low
119.150 0.033 13 15 kick_deep
119.617 0.017 7 7 snare_deep
119.633 0.017 8 5 tom_high
119.650 0.017 9 3 tom
119.667 0.033 10 2 tom_low
119.817 0.017 9 6 tom
119.833 0.017 10 2 tom_low
119.850 0.033 13 15 kick_deep
119.917 0.017 9 6 tom
119.933 0.017 10 2 tom_low
119.950 0.033 13 15 kick_deep
DPCM(773)
time dur note vol
0.000 0.033 C5 15
0.200 0.033 C5 15
0.300 0.033 C5 15
0.400 0.033 C5 15
0.600 0.033 C5 15
0.700 0.033 C5 15
0.800 0.033 C5 15
1.000 0.033 C5 15
1.100 0.033 C5 15
1.200 0.033 C5 15
1.400 0.033 C5 15
1.500 0.033 C5 15
1.600 0.033 C5 15
1.800 0.033 C5 15
1.900 0.033 C5 15
2.000 0.033 C5 15
2.200 0.033 C5 15
2.300 0.033 C5 15
2.400 0.033 C5 15
2.600 0.033 C5 15
2.700 0.033 C5 15
2.800 0.033 C5 15
3.000 0.033 C5 15
3.100 0.033 C5 15
3.200 0.033 C5 15
3.400 0.033 C5 15
3.500 0.033 C5 15
3.600 0.033 C5 15
3.800 0.033 C5 15
3.900 0.033 C5 15
4.000 0.033 C5 15
4.200 0.033 C5 15
4.300 0.033 C5 15
4.400 0.033 C5 15
4.600 0.033 C5 15
4.700 0.033 C5 15
4.800 0.033 C5 15
5.000 0.033 C5 15
5.100 0.033 C5 15
5.200 0.033 C5 15
5.400 0.033 C5 15
5.500 0.033 C5 15
5.600 0.033 C5 15
5.800 0.033 C5 15
6.000 0.033 C5 15
6.100 0.033 C5 15
6.400 0.033 C5 15
6.600 0.033 C5 15
6.700 0.033 C5 15
6.800 0.033 C5 15
7.000 0.033 C5 15
7.100 0.033 C5 15
7.200 0.033 C5 15
7.400 0.033 C5 15
7.500 0.033 C5 15
7.600 0.033 C5 15
7.800 0.033 C5 15
7.900 0.033 C5 15
8.000 0.033 C5 15
8.200 0.033 C5 15
8.300 0.033 C5 15
8.400 0.033 C5 15
8.600 0.033 C5 15
8.700 0.033 C5 15
8.800 0.033 C5 15
9.000 0.033 C5 15
9.100 0.033 C5 15
9.200 0.033 C5 15
9.400 0.033 C5 15
9.500 0.033 C5 15
9.600 0.033 C5 15
9.800 0.033 C5 15
9.900 0.033 C5 15
10.000 0.033 C5 15
10.200 0.033 C5 15
10.300 0.033 C5 15
10.400 0.033 C5 15
10.600 0.033 C5 15
10.700 0.033 C5 15
10.800 0.033 C5 15
11.000 0.033 C5 15
11.100 0.033 C5 15
11.200 0.033 C5 15
11.400 0.033 C5 15
11.500 0.033 C5 15
11.600 0.033 C5 15
11.800 0.033 C5 15
11.900 0.033 C5 15
12.000 0.033 C5 15
12.200 0.033 C5 15
12.300 0.033 C5 15
12.400 0.033 C5 15
12.500 0.033 C5 15
12.700 0.033 C5 15
12.800 0.033 C5 15
13.000 0.033 C5 15
13.100 0.033 C5 15
13.200 0.033 C5 15
13.400 0.033 C5 15
13.500 0.033 C5 15
13.600 0.033 C5 15
13.800 0.033 C5 15
13.900 0.033 C5 15
14.000 0.033 C5 15
14.200 0.033 C5 15
14.300 0.033 C5 15
14.400 0.033 C5 15
14.600 0.033 C5 15
14.700 0.033 C5 15
14.800 0.033 C5 15
15.000 0.033 C5 15
15.100 0.033 C5 15
15.200 0.033 C5 15
15.400 0.033 C5 15
15.500 0.033 C5 15
15.600 0.033 C5 15
15.800 0.033 C5 15
15.900 0.033 C5 15
16.000 0.033 C5 15
16.200 0.033 C5 15
16.300 0.033 C5 15
16.400 0.033 C5 15
16.600 0.033 C5 15
16.700 0.033 C5 15
16.800 0.033 C5 15
17.000 0.033 C5 15
17.100 0.033 C5 15
17.200 0.033 C5 15
17.400 0.033 C5 15
17.500 0.033 C5 15
17.600 0.033 C5 15
17.800 0.033 C5 15
17.900 0.033 C5 15
18.000 0.033 C5 15
18.200 0.033 C5 15
18.300 0.033 C5 15
18.400 0.033 C5 15
18.600 0.033 C5 15
18.800 0.033 C5 15
18.900 0.033 C5 15
19.100 0.033 C5 15
19.200 0.033 C5 15
19.400 0.033 C5 15
19.500 0.033 C5 15
19.600 0.033 C5 15
19.800 0.033 C5 15
19.900 0.033 C5 15
20.000 0.033 C5 15
20.200 0.033 C5 15
20.300 0.033 C5 15
20.400 0.033 C5 15
20.600 0.033 C5 15
20.700 0.033 C5 15
20.800 0.033 C5 15
21.000 0.033 C5 15
21.100 0.033 C5 15
21.200 0.033 C5 15
21.400 0.033 C5 15
21.500 0.033 C5 15
21.600 0.033 C5 15
21.800 0.033 C5 15
21.900 0.033 C5 15
22.000 0.033 C5 15
22.200 0.033 C5 15
22.300 0.033 C5 15
22.400 0.033 C5 15
22.600 0.033 C5 15
22.700 0.033 C5 15
22.800 0.033 C5 15
23.000 0.033 C5 15
23.100 0.033 C5 15
23.200 0.033 C5 15
23.400 0.033 C5 15
23.500 0.033 C5 15
23.600 0.033 C5 15
23.800 0.033 C5 15
23.900 0.033 C5 15
24.000 0.033 C5 15
24.200 0.033 C5 15
24.300 0.033 C5 15
24.400 0.033 C5 15
24.600 0.033 C5 15
24.700 0.033 C5 15
24.800 0.033 C5 15
25.000 0.033 C5 15
25.100 0.033 C5 15
25.200 0.033 C5 15
25.300 0.033 C5 15
25.500 0.033 C5 15
25.600 0.033 C5 15
25.800 0.033 C5 15
25.900 0.033 C5 15
26.000 0.033 C5 15
26.200 0.033 C5 15
26.300 0.033 C5 15
26.400 0.033 C5 15
26.600 0.033 C5 15
26.700 0.033 C5 15
26.800 0.033 C5 15
27.000 0.033 C5 15
27.100 0.033 C5 15
27.200 0.033 C5 15
27.400 0.033 C5 15
27.500 0.033 C5 15
27.600 0.033 C5 15
27.800 0.033 C5 15
27.900 0.033 C5 15
28.000 0.033 C5 15
28.200 0.033 C5 15
28.300 0.033 C5 15
28.400 0.033 C5 15
28.600 0.033 C5 15
28.700 0.033 C5 15
28.800 0.033 C5 15
29.000 0.033 C5 15
29.100 0.033 C5 15
29.200 0.033 C5 15
29.400 0.033 C5 15
29.500 0.033 C5 15
29.600 0.033 C5 15
29.800 0.033 C5 15
29.900 0.033 C5 15
30.000 0.033 C5 15
30.200 0.033 C5 15
30.300 0.033 C5 15
30.400 0.033 C5 15
30.600 0.033 C5 15
30.700 0.033 C5 15
30.800 0.033 C5 15
31.000 0.033 C5 15
31.100 0.033 C5 15
31.200 0.033 C5 15
31.400 0.033 C5 15
31.600 0.033 C5 15
31.700 0.033 C5 15
31.900 0.033 C5 15
32.000 0.033 C5 15
32.200 0.033 C5 15
32.400 0.033 C5 15
32.800 0.033 C5 15
33.000 0.033 C5 15
33.200 0.033 C5 15
33.600 0.033 C5 15
33.800 0.033 C5 15
34.000 0.033 C5 15
34.400 0.033 C5 15
34.600 0.033 C5 15
34.800 0.033 C5 15
35.200 0.033 C5 15
35.400 0.033 C5 15
35.600 0.033 C5 15
36.000 0.033 C5 15
36.200 0.033 C5 15
36.400 0.033 C5 15
36.800 0.033 C5 15
37.000 0.033 C5 15
37.200 0.033 C5 15
37.600 0.033 C5 15
37.800 0.033 C5 15
38.000 0.033 C5 15
38.200 0.033 C5 15
38.300 0.033 C5 15
38.400 0.033 C5 15
38.600 0.033 C5 15
38.800 0.033 C5 15
39.200 0.033 C5 15
39.400 0.033 C5 15
39.600 0.033 C5 15
40.000 0.033 C5 15
40.200 0.033 C5 15
40.400 0.033 C5 15
40.800 0.033 C5 15
41.000 0.033 C5 15
41.200 0.033 C5 15
41.600 0.033 C5 15
41.800 0.033 C5 15
42.000 0.033 C5 15
42.400 0.033 C5 15
42.600 0.033 C5 15
42.800 0.033 C5 15
43.200 0.033 C5 15
43.400 0.033 C5 15
43.600 0.033 C5 15
43.800 0.033 C5 15
43.900 0.033 C5 15
44.000 0.033 C5 15
44.200 0.033 C5 15
44.300 0.033 C5 15
44.400 0.033 C5 15
44.600 0.033 C5 15
44.700 0.033 C5 15
44.800 0.033 C5 15
45.000 0.033 C5 15
45.100 0.033 C5 15
45.200 0.033 C5 15
45.400 0.033 C5 15
45.500 0.033 C5 15
45.600 0.033 C5 15
45.800 0.033 C5 15
46.000 0.033 C5 15
46.200 0.033 C5 15
46.300 0.033 C5 15
46.400 0.033 C5 15
46.500 0.033 C5 15
46.600 0.033 C5 15
46.700 0.033 C5 15
46.800 0.033 C5 15
46.900 0.033 C5 15
47.000 0.033 C5 15
47.100 0.033 C5 15
47.200 0.033 C5 15
47.400 0.033 C5 15
47.500 0.033 C5 15
47.600 0.033 C5 15
47.800 0.033 C5 15
47.900 0.033 C5 15
48.000 0.033 C5 15
48.200 0.033 C5 15
48.400 0.033 C5 15
48.600 0.033 C5 15
48.700 0.033 C5 15
48.800 0.033 C5 15
48.900 0.033 C5 15
49.000 0.033 C5 15
49.100 0.033 C5 15
49.200 0.033 C5 15
49.400 0.033 C5 15
49.500 0.033 C5 15
49.600 0.033 C5 15
49.800 0.033 C5 15
49.900 0.033 C5 15
50.000 0.033 C5 15
50.200 0.033 C5 15
50.300 0.033 C5 15
50.400 0.033 C5 15
50.600 0.033 C5 15
50.800 0.033 C5 15
51.000 0.033 C5 15
51.100 0.033 C5 15
51.200 0.033 C5 15
51.300 0.033 C5 15
51.400 0.033 C5 15
51.500 0.033 C5 15
51.600 0.033 C5 15
51.700 0.033 C5 15
51.800 0.033 C5 15
51.900 0.033 C5 15
52.000 0.033 C5 15
52.200 0.033 C5 15
52.300 0.033 C5 15
52.400 0.033 C5 15
52.600 0.033 C5 15
52.700 0.033 C5 15
52.800 0.033 C5 15
53.000 0.033 C5 15
53.200 0.033 C5 15
53.400 0.033 C5 15
53.500 0.033 C5 15
53.600 0.033 C5 15
53.700 0.033 C5 15
53.800 0.033 C5 15
53.900 0.033 C5 15
54.000 0.033 C5 15
54.200 0.033 C5 15
54.300 0.033 C5 15
54.400 0.033 C5 15
54.600 0.033 C5 15
54.800 0.033 C5 15
55.100 0.033 C5 15
55.400 0.033 C5 15
55.600 0.033 C5 15
55.900 0.033 C5 15
56.200 0.033 C5 15
56.400 0.033 C5 15
56.700 0.033 C5 15
57.000 0.033 C5 15
57.200 0.033 C5 15
57.400 0.033 C5 15
57.500 0.033 C5 15
57.600 0.033 C5 15
57.800 0.033 C5 15
58.000 0.033 C5 15
58.300 0.033 C5 15
58.600 0.033 C5 15
58.800 0.033 C5 15
59.100 0.033 C5 15
59.400 0.033 C5 15
59.600 0.033 C5 15
59.900 0.033 C5 15
60.200 0.033 C5 15
60.400 0.033 C5 15
60.500 0.033 C5 15
60.600 0.033 C5 15
60.700 0.033 C5 15
60.800 0.033 C5 15
60.900 0.033 C5 15
61.100 0.033 C5 15
61.200 0.033 C5 15
61.400 0.033 C5 15
61.500 0.033 C5 15
61.600 0.033 C5 15
61.800 0.033 C5 15
62.000 0.033 C5 15
62.100 0.033 C5 15
62.300 0.033 C5 15
62.400 0.033 C5 15
62.600 0.033 C5 15
62.700 0.033 C5 15
62.800 0.033 C5 15
63.000 0.033 C5 15
63.200 0.033 C5 15
63.300 0.033 C5 15
63.500 0.033 C5 15
63.600 0.033 C5 15
63.800 0.033 C5 15
63.900 0.033 C5 15
64.000 0.033 C5 15
64.200 0.033 C5 15
64.400 0.033 C5 15
64.500 0.033 C5 15
64.700 0.033 C5 15
64.800 0.033 C5 15
65.000 0.033 C5 15
65.100 0.033 C5 15
65.200 0.033 C5 15
65.300 0.033 C5 15
65.400 0.033 C5 15
65.500 0.033 C5 15
65.600 0.033 C5 15
65.700 0.033 C5 15
65.900 0.033 C5 15
66.000 0.033 C5 15
66.200 0.033 C5 15
66.300 0.033 C5 15
66.400 0.033 C5 15
66.600 0.033 C5 15
66.800 0.033 C5 15
66.900 0.033 C5 15
67.100 0.033 C5 15
67.200 0.033 C5 15
67.400 0.033 C5 15
67.500 0.033 C5 15
67.600 0.033 C5 15
67.800 0.033 C5 15
68.000 0.033 C5 15
68.100 0.033 C5 15
68.300 0.033 C5 15
68.400 0.033 C5 15
68.600 0.033 C5 15
68.700 0.033 C5 15
68.800 0.033 C5 15
69.000 0.033 C5 15
69.200 0.033 C5 15
69.300 0.033 C5 15
69.500 0.033 C5 15
69.600 0.033 C5 15
69.800 0.033 C5 15
69.900 0.033 C5 15
70.000 0.033 C5 15
70.100 0.033 C5 15
70.200 0.033 C5 15
70.300 0.033 C5 15
70.400 0.033 C5 15
70.800 0.033 C5 15
71.000 0.033 C5 15
71.200 0.033 C5 15
71.600 0.033 C5 15
71.800 0.033 C5 15
72.000 0.033 C5 15
72.400 0.033 C5 15
72.600 0.033 C5 15
72.800 0.033 C5 15
73.200 0.033 C5 15
73.400 0.033 C5 15
73.600 0.033 C5 15
74.000 0.033 C5 15
74.200 0.033 C5 15
74.400 0.033 C5 15
74.800 0.033 C5 15
75.000 0.033 C5 15
75.200 0.033 C5 15
75.600 0.033 C5 15
75.800 0.033 C5 15
76.000 0.033 C5 15
76.200 0.033 C5 15
76.400 0.033 C5 15
76.500 0.033 C5 15
76.800 0.033 C5 15
77.000 0.033 C5 15
77.100 0.033 C5 15
77.200 0.033 C5 15
77.400 0.033 C5 15
77.600 0.033 C5 15
77.800 0.033 C5 15
78.000 0.033 C5 15
78.200 0.033 C5 15
78.300 0.033 C5 15
78.400 0.033 C5 15
78.600 0.033 C5 15
78.800 0.033 C5 15
79.000 0.033 C5 15
79.200 0.033 C5 15
79.400 0.033 C5 15
79.500 0.033 C5 15
79.600 0.033 C5 15
79.800 0.033 C5 15
80.000 0.033 C5 15
80.200 0.033 C5 15
80.400 0.033 C5 15
80.600 0.033 C5 15
80.700 0.033 C5 15
80.800 0.033 C5 15
81.000 0.033 C5 15
81.200 0.033 C5 15
81.300 0.033 C5 15
81.400 0.033 C5 15
81.500 0.033 C5 15
81.600 0.033 C5 15
81.800 0.033 C5 15
81.900 0.033 C5 15
82.000 0.033 C5 15
82.200 0.033 C5 15
82.400 0.033 C5 15
82.600 0.033 C5 15
82.800 0.033 C5 15
83.000 0.033 C5 15
83.100 0.033 C5 15
83.200 0.033 C5 15
83.400 0.033 C5 15
83.600 0.033 C5 15
83.800 0.033 C5 15
84.000 0.033 C5 15
84.200 0.033 C5 15
84.300 0.033 C5 15
84.400 0.033 C5 15
84.600 0.033 C5 15
84.800 0.033 C5 15
85.000 0.033 C5 15
85.200 0.033 C5 15
85.300 0.033 C5 15
85.400 0.033 C5 15
85.500 0.033 C5 15
85.600 0.033 C5 15
85.700 0.033 C5 15
85.800 0.033 C5 15
85.900 0.033 C5 15
86.000 0.033 C5 15
86.067 0.033 C5 15
86.133 0.033 C5 15
86.200 0.033 C5 15
86.400 0.033 C5 15
86.600 0.033 C5 15
86.700 0.033 C5 15
86.800 0.033 C5 15
87.000 0.033 C5 15
87.100 0.033 C5 15
87.200 0.033 C5 15
87.400 0.033 C5 15
87.500 0.033 C5 15
87.600 0.033 C5 15
87.800 0.033 C5 15
87.900 0.033 C5 15
88.000 0.033 C5 15
88.200 0.033 C5 15
88.300 0.033 C5 15
88.400 0.033 C5 15
88.600 0.033 C5 15
88.700 0.033 C5 15
88.800 0.033 C5 15
89.000 0.033 C5 15
89.100 0.033 C5 15
89.200 0.033 C5 15
89.400 0.033 C5 15
89.500 0.033 C5 15
89.600 0.033 C5 15
89.800 0.033 C5 15
89.900 0.033 C5 15
90.000 0.033 C5 15
90.200 0.033 C5 15
90.300 0.033 C5 15
90.400 0.033 C5 15
90.600 0.033 C5 15
90.700 0.033 C5 15
90.800 0.033 C5 15
91.000 0.033 C5 15
91.100 0.033 C5 15
91.200 0.033 C5 15
91.400 0.033 C5 15
91.500 0.033 C5 15
91.600 0.033 C5 15
91.800 0.033 C5 15
91.900 0.033 C5 15
92.000 0.033 C5 15
92.200 0.033 C5 15
92.300 0.033 C5 15
92.400 0.033 C5 15
92.500 0.033 C5 15
92.700 0.033 C5 15
92.800 0.033 C5 15
93.000 0.033 C5 15
93.100 0.033 C5 15
93.200 0.033 C5 15
93.400 0.033 C5 15
93.500 0.033 C5 15
93.600 0.033 C5 15
93.800 0.033 C5 15
93.900 0.033 C5 15
94.000 0.033 C5 15
94.200 0.033 C5 15
94.300 0.033 C5 15
94.400 0.033 C5 15
94.600 0.033 C5 15
94.700 0.033 C5 15
94.800 0.033 C5 15
95.000 0.033 C5 15
95.100 0.033 C5 15
95.200 0.033 C5 15
95.400 0.033 C5 15
95.500 0.033 C5 15
95.600 0.033 C5 15
95.800 0.033 C5 15
95.900 0.033 C5 15
96.000 0.033 C5 15
96.200 0.033 C5 15
96.300 0.033 C5 15
96.400 0.033 C5 15
96.600 0.033 C5 15
96.700 0.033 C5 15
96.800 0.033 C5 15
97.000 0.033 C5 15
97.100 0.033 C5 15
97.200 0.033 C5 15
97.400 0.033 C5 15
97.500 0.033 C5 15
97.600 0.033 C5 15
97.800 0.033 C5 15
97.900 0.033 C5 15
98.000 0.033 C5 15
98.200 0.033 C5 15
98.300 0.033 C5 15
98.400 0.033 C5 15
98.600 0.033 C5 15
98.800 0.033 C5 15
98.900 0.033 C5 15
99.100 0.033 C5 15
99.200 0.033 C5 15
99.400 0.033 C5 15
99.500 0.033 C5 15
99.600 0.033 C5 15
99.800 0.033 C5 15
99.900 0.033 C5 15
100.000 0.033 C5 15
100.200 0.033 C5 15
100.300 0.033 C5 15
100.400 0.033 C5 15
100.600 0.033 C5 15
100.700 0.033 C5 15
100.800 0.033 C5 15
101.000 0.033 C5 15
101.100 0.033 C5 15
101.200 0.033 C5 15
101.400 0.033 C5 15
101.500 0.033 C5 15
101.600 0.033 C5 15
101.800 0.033 C5 15
101.900 0.033 C5 15
102.000 0.033 C5 15
102.200 0.033 C5 15
102.300 0.033 C5 15
102.400 0.033 C5 15
102.600 0.033 C5 15
102.700 0.033 C5 15
102.800 0.033 C5 15
103.000 0.033 C5 15
103.100 0.033 C5 15
103.200 0.033 C5 15
103.400 0.033 C5 15
103.500 0.033 C5 15
103.600 0.033 C5 15
103.800 0.033 C5 15
103.900 0.033 C5 15
104.000 0.033 C5 15
104.200 0.033 C5 15
104.300 0.033 C5 15
104.400 0.033 C5 15
104.600 0.033 C5 15
104.700 0.033 C5 15
104.800 0.033 C5 15
105.000 0.033 C5 15
105.100 0.033 C5 15
105.200 0.033 C5 15
105.300 0.033 C5 15
105.500 0.033 C5 15
105.600 0.033 C5 15
105.800 0.033 C5 15
105.900 0.033 C5 15
106.000 0.033 C5 15
106.200 0.033 C5 15
106.300 0.033 C5 15
106.400 0.033 C5 15
106.600 0.033 C5 15
106.700 0.033 C5 15
106.800 0.033 C5 15
107.000 0.033 C5 15
107.100 0.033 C5 15
107.200 0.033 C5 15
107.400 0.033 C5 15
107.500 0.033 C5 15
107.600 0.033 C5 15
107.800 0.033 C5 15
107.900 0.033 C5 15
108.000 0.033 C5 15
108.200 0.033 C5 15
108.300 0.033 C5 15
108.400 0.033 C5 15
108.600 0.033 C5 15
108.700 0.033 C5 15
108.800 0.033 C5 15
109.000 0.033 C5 15
109.100 0.033 C5 15
109.200 0.033 C5 15
109.400 0.033 C5 15
109.500 0.033 C5 15
109.600 0.033 C5 15
109.800 0.033 C5 15
109.900 0.033 C5 15
110.000 0.033 C5 15
110.200 0.033 C5 15
110.300 0.033 C5 15
110.400 0.033 C5 15
110.600 0.033 C5 15
110.700 0.033 C5 15
110.800 0.033 C5 15
111.000 0.033 C5 15
111.100 0.033 C5 15
111.200 0.033 C5 15
111.400 0.033 C5 15
111.600 0.033 C5 15
111.700 0.033 C5 15
111.900 0.033 C5 15
112.000 0.033 C5 15
112.200 0.033 C5 15
112.400 0.033 C5 15
112.800 0.033 C5 15
113.000 0.033 C5 15
113.200 0.033 C5 15
113.600 0.033 C5 15
113.800 0.033 C5 15
114.000 0.033 C5 15
114.400 0.033 C5 15
114.600 0.033 C5 15
114.800 0.033 C5 15
115.200 0.033 C5 15
115.400 0.033 C5 15
115.600 0.033 C5 15
116.000 0.033 C5 15
116.200 0.033 C5 15
116.400 0.033 C5 15
116.800 0.033 C5 15
117.000 0.033 C5 15
117.200 0.033 C5 15
117.600 0.033 C5 15
117.800 0.033 C5 15
118.000 0.033 C5 15
118.200 0.033 C5 15
118.300 0.033 C5 15
118.400 0.033 C5 15
118.600 0.033 C5 15
118.800 0.033 C5 15
119.200 0.033 C5 15
119.400 0.033 C5 15
119.600 0.033 C5 15
120.000 0.033 C5 15