supermario.nsf track=0 framerate=60

Square1(443)
time dur note vol
0.017 0.117 F#4 8
0.167 0.117 F#4 8
0.467 0.117 F#4 8
0.767 0.117 F#4 8
0.917 0.117 F#4 8
1.217 0.117 B4 8
1.817 0.117 G4 8
2.417 0.117 E4 8
2.867 0.117 C4 8
3.317 0.117 G3 8
3.767 0.117 C4 8
4.067 0.117 D4 8
4.367 0.117 C#4 8
4.517 0.117 C4 8
4.817 0.117 C4 8
5.017 0.117 G4 8
5.217 0.117 B4 8
5.417 0.117 C5 8
5.717 0.117 A4 8
5.867 0.117 B4 8
6.167 0.117 A4 8
6.467 0.117 E4 8
6.617 0.117 F4 8
6.767 0.117 D4 8
7.217 0.117 E4 8
7.667 0.117 C4 8
8.117 0.117 G3 8
8.567 0.117 C4 8
8.867 0.117 D4 8
9.167 0.117 C#4 8
9.317 0.117 C4 8
9.617 0.117 C4 8
9.817 0.117 G4 8
10.017 0.117 B4 8
10.217 0.117 C5 8
10.517 0.117 A4 8
10.667 0.117 B4 8
10.967 0.117 A4 8
11.267 0.117 E4 8
11.417 0.117 F4 8
11.567 0.117 D4 8
12.317 0.117 E5 8
12.467 0.117 D#5 8
12.617 0.117 D5 8
12.767 0.117 B4 8
13.067 0.117 C5 8
13.367 0.117 E4 8
13.517 0.117 F4 8
13.667 0.117 G4 8
13.967 0.117 C4 8
14.117 0.117 E4 8
14.267 0.117 F4 8
14.717 0.117 E5 8
14.867 0.117 D#5 8
15.017 0.117 D5 8
15.167 0.117 B4 8
15.467 0.117 C5 8
15.767 0.117 F5 8
16.067 0.117 F5 8
16.217 0.117 F5 8
17.117 0.117 E5 8
17.267 0.117 D#5 8
17.417 0.117 D5 8
17.567 0.117 B4 8
17.867 0.117 C5 8
18.167 0.117 E4 8
18.317 0.117 F4 8
18.467 0.117 G4 8
18.767 0.117 C4 8
18.917 0.117 E4 8
19.067 0.117 F4 8
19.517 0.117 G#4 8
19.967 0.117 F4 8
20.417 0.117 E4 8
21.917 0.117 E5 8
22.067 0.117 D#5 8
22.217 0.117 D5 8
22.367 0.117 B4 8
22.667 0.117 C5 8
22.967 0.117 E4 8
23.117 0.117 F4 8
23.267 0.117 G4 8
23.567 0.117 C4 8
23.717 0.117 E4 8
23.867 0.117 F4 8
24.317 0.117 E5 8
24.467 0.117 D#5 8
24.617 0.117 D5 8
24.767 0.117 B4 8
25.067 0.117 C5 8
25.367 0.117 F5 8
25.667 0.117 F5 8
25.817 0.117 F5 8
26.717 0.117 E5 8
26.867 0.117 D#5 8
27.017 0.117 D5 8
27.167 0.117 B4 8
27.467 0.117 C5 8
27.767 0.117 E4 8
27.917 0.117 F4 8
28.067 0.117 G4 8
28.367 0.117 C4 8
28.517 0.117 E4 8
28.667 0.117 F4 8
29.117 0.117 G#4 8
29.567 0.117 F4 8
30.017 0.117 E4 8
31.217 0.117 G#4 8
31.367 0.117 G#4 8
31.667 0.117 G#4 8
31.967 0.117 G#4 8
32.117 0.117 A#4 8
32.417 0.117 G4 8
32.567 0.117 E4 8
32.867 0.117 E4 8
33.017 0.117 C4 8
33.617 0.117 G#4 8
33.767 0.117 G#4 8
34.067 0.117 G#4 8
34.367 0.117 G#4 8
34.517 0.117 A#4 8
34.667 0.117 G4 8
36.017 0.117 G#4 8
36.167 0.117 G#4 8
36.467 0.117 G#4 8
36.767 0.117 G#4 8
36.917 0.117 A#4 8
37.217 0.117 G4 8
37.367 0.117 E4 8
37.667 0.117 E4 8
37.817 0.117 C4 8
38.417 0.117 F#4 8
38.567 0.117 F#4 8
38.867 0.117 F#4 8
39.167 0.117 F#4 8
39.317 0.117 F#4 8
39.617 0.117 B4 8
40.217 0.117 G4 8
40.817 0.117 E4 8
41.267 BEGIN_CYCLE
41.267 0.117 C4 8
41.717 0.117 G3 8
42.167 0.117 C4 8
42.467 0.117 D4 8
42.767 0.117 C#4 8
42.917 0.117 C4 8
43.217 0.117 C4 8
43.417 0.117 G4 8
43.617 0.117 B4 8
43.817 0.117 C5 8
44.117 0.117 A4 8
44.267 0.117 B4 8
44.567 0.117 A4 8
44.867 0.117 E4 8
45.017 0.117 F4 8
45.167 0.117 D4 8
45.617 0.117 E4 8
46.067 0.117 C4 8
46.517 0.117 G3 8
46.967 0.117 C4 8
47.267 0.117 D4 8
47.567 0.117 C#4 8
47.717 0.117 C4 8
48.017 0.117 C4 8
48.217 0.117 G4 8
48.417 0.117 B4 8
48.617 0.117 C5 8
48.917 0.117 A4 8
49.067 0.117 B4 8
49.367 0.117 A4 8
49.667 0.117 E4 8
49.817 0.117 F4 8
49.967 0.117 D4 8
50.417 0.117 C5 8
50.567 0.117 A4 8
50.867 0.117 E4 8
51.317 0.117 E4 8
51.617 0.117 F4 8
51.767 0.117 C5 8
52.067 0.117 C5 8
52.217 0.117 F4 8
52.817 0.117 G4 8
53.017 0.117 F5 8
53.217 0.117 F5 8
53.417 0.117 F5 8
53.617 0.117 E5 8
53.817 0.117 D5 8
54.017 0.117 C5 8
54.167 0.117 A4 8
54.467 0.117 F4 8
54.617 0.117 E4 8
55.217 0.117 C5 8
55.367 0.117 A4 8
55.667 0.117 E4 8
56.117 0.117 E4 8
56.417 0.117 F4 8
56.567 0.117 C5 8
56.867 0.117 C5 8
57.017 0.117 F4 8
57.617 0.117 G4 8
57.767 0.117 D5 8
58.067 0.117 D5 8
58.217 0.117 D5 8
58.417 0.117 C5 8
58.617 0.117 B4 8
58.817 0.117 G4 8
58.967 0.117 E4 8
59.267 0.117 E4 8
59.417 0.117 C4 8
60.017 0.117 C5 8
60.167 0.117 A4 8
60.467 0.117 E4 8
60.917 0.117 E4 8
61.217 0.117 F4 8
61.367 0.117 C5 8
61.667 0.117 C5 8
61.817 0.117 F4 8
62.417 0.117 G4 8
62.617 0.117 F5 8
62.817 0.117 F5 8
63.017 0.117 F5 8
63.217 0.117 E5 8
63.417 0.117 D5 8
63.617 0.117 C5 8
63.767 0.117 A4 8
64.067 0.117 F4 8
64.217 0.117 E4 8
64.817 0.117 C5 8
64.967 0.117 A4 8
65.267 0.117 E4 8
65.717 0.117 E4 8
66.017 0.117 F4 8
66.167 0.117 C5 8
66.467 0.117 C5 8
66.617 0.117 F4 8
67.217 0.117 G4 8
67.367 0.117 D5 8
67.667 0.117 D5 8
67.817 0.117 D5 8
68.017 0.117 C5 8
68.217 0.117 B4 8
68.417 0.117 G4 8
68.567 0.117 E4 8
68.867 0.117 E4 8
69.017 0.117 C4 8
69.617 0.117 G#4 8
69.767 0.117 G#4 8
70.067 0.117 G#4 8
70.367 0.117 G#4 8
70.517 0.117 A#4 8
70.817 0.117 G4 8
70.967 0.117 E4 8
71.267 0.117 E4 8
71.417 0.117 C4 8
72.017 0.117 G#4 8
72.167 0.117 G#4 8
72.467 0.117 G#4 8
72.767 0.117 G#4 8
72.917 0.117 A#4 8
73.067 0.117 G4 8
74.417 0.117 G#4 8
74.567 0.117 G#4 8
74.867 0.117 G#4 8
75.167 0.117 G#4 8
75.317 0.117 A#4 8
75.617 0.117 G4 8
75.767 0.117 E4 8
76.067 0.117 E4 8
76.217 0.117 C4 8
76.817 0.117 F#4 8
76.967 0.117 F#4 8
77.267 0.117 F#4 8
77.567 0.117 F#4 8
77.717 0.117 F#4 8
78.017 0.117 B4 8
78.617 0.117 G4 8
79.217 0.117 C5 8
79.367 0.117 A4 8
79.667 0.117 E4 8
80.117 0.117 E4 8
80.417 0.117 F4 8
80.567 0.117 C5 8
80.867 0.117 C5 8
81.017 0.117 F4 8
81.617 0.117 G4 8
81.817 0.117 F5 8
82.017 0.117 F5 8
82.217 0.117 F5 8
82.417 0.117 E5 8
82.617 0.117 D5 8
82.817 0.117 C5 8
82.967 0.117 A4 8
83.267 0.117 F4 8
83.417 0.117 E4 8
84.017 0.117 C5 8
84.167 0.117 A4 8
84.467 0.117 E4 8
84.917 0.117 E4 8
85.217 0.117 F4 8
85.367 0.117 C5 8
85.667 0.117 C5 8
85.817 0.117 F4 8
86.417 0.117 G4 8
86.567 0.117 D5 8
86.867 0.117 D5 8
87.017 0.117 D5 8
87.217 0.117 C5 8
87.417 0.117 B4 8
87.617 0.117 G4 8
87.767 0.117 E4 8
88.067 0.117 E4 8
88.217 0.117 C4 8
88.817 0.117 E4 8
89.267 0.117 C4 8
89.717 0.117 G3 8
90.167 0.117 C4 8
90.467 0.117 D4 8
90.767 0.117 C#4 8
90.917 0.117 C4 8
91.217 0.117 C4 8
91.417 0.117 G4 8
91.617 0.117 B4 8
91.817 0.117 C5 8
92.117 0.117 A4 8
92.267 0.117 B4 8
92.567 0.117 A4 8
92.867 0.117 E4 8
93.017 0.117 F4 8
93.167 0.117 D4 8
93.617 0.117 E4 8
94.067 0.117 C4 8
94.517 0.117 G3 8
94.967 0.117 C4 8
95.267 0.117 D4 8
95.567 0.117 C#4 8
95.717 0.117 C4 8
96.017 0.117 C4 8
96.217 0.117 G4 8
96.417 0.117 B4 8
96.617 0.117 C5 8
96.917 0.117 A4 8
97.067 0.117 B4 8
97.367 0.117 A4 8
97.667 0.117 E4 8
97.817 0.117 F4 8
97.967 0.117 D4 8
98.717 0.117 E5 8
98.867 0.117 D#5 8
99.017 0.117 D5 8
99.167 0.117 B4 8
99.467 0.117 C5 8
99.767 0.117 E4 8
99.917 0.117 F4 8
100.067 0.117 G4 8
100.367 0.117 C4 8
100.517 0.117 E4 8
100.667 0.117 F4 8
101.117 0.117 E5 8
101.267 0.117 D#5 8
101.417 0.117 D5 8
101.567 0.117 B4 8
101.867 0.117 C5 8
102.167 0.117 F5 8
102.467 0.117 F5 8
102.617 0.117 F5 8
103.517 0.117 E5 8
103.667 0.117 D#5 8
103.817 0.117 D5 8
103.967 0.117 B4 8
104.267 0.117 C5 8
104.567 0.117 E4 8
104.717 0.117 F4 8
104.867 0.117 G4 8
105.167 0.117 C4 8
105.317 0.117 E4 8
105.467 0.117 F4 8
105.917 0.117 G#4 8
106.367 0.117 F4 8
106.817 0.117 E4 8
108.317 0.117 E5 8
108.467 0.117 D#5 8
108.617 0.117 D5 8
108.767 0.117 B4 8
109.067 0.117 C5 8
109.367 0.117 E4 8
109.517 0.117 F4 8
109.667 0.117 G4 8
109.967 0.117 C4 8
110.117 0.117 E4 8
110.267 0.117 F4 8
110.717 0.117 E5 8
110.867 0.117 D#5 8
111.017 0.117 D5 8
111.167 0.117 B4 8
111.467 0.117 C5 8
111.767 0.117 F5 8
112.067 0.117 F5 8
112.217 0.117 F5 8
113.117 0.117 E5 8
113.267 0.117 D#5 8
113.417 0.117 D5 8
113.567 0.117 B4 8
113.867 0.117 C5 8
114.167 0.117 E4 8
114.317 0.117 F4 8
114.467 0.117 G4 8
114.767 0.117 C4 8
114.917 0.117 E4 8
115.067 0.117 F4 8
115.517 0.117 G#4 8
115.967 0.117 F4 8
116.417 0.117 E4 8
117.617 0.117 G#4 8
117.767 0.117 G#4 8
118.067 0.117 G#4 8
118.367 0.117 G#4 8
118.517 0.117 A#4 8
118.817 0.117 G4 8
118.967 0.117 E4 8
119.267 0.117 E4 8
119.417 0.117 C4 8
120.017 0.117 G#4 8
120.167 0.117 G#4 8
120.467 0.117 G#4 8
120.767 0.117 G#4 8
120.917 0.117 A#4 8
121.067 0.117 G4 8
122.417 0.117 G#4 8
122.567 0.117 G#4 8
122.867 0.117 G#4 8
123.167 0.117 G#4 8
123.317 0.117 A#4 8
123.617 0.117 G4 8
123.767 0.117 E4 8
124.067 0.117 E4 8
124.217 0.117 C4 8
124.817 0.117 F#4 8
124.967 0.117 F#4 8
125.267 0.117 F#4 8
125.567 0.117 F#4 8
125.717 0.117 F#4 8
126.017 0.117 B4 8
126.617 0.117 G4 8
127.217 0.117 E4 8
127.667 END_CYCLE

Square2(430)
time dur note vol
0.017 0.117 E5 8
0.167 0.117 E5 8
0.467 0.117 E5 8
0.767 0.117 C5 8
0.917 0.117 E5 8
1.217 0.117 G5 8
2.417 0.117 C5 8
2.867 0.117 G4 8
3.317 0.117 E4 8
3.767 0.117 A4 8
4.067 0.117 B4 8
4.367 0.117 A#4 8
4.517 0.117 A4 8
4.817 0.117 G4 8
5.017 0.117 E5 8
5.217 0.117 G5 8
5.417 0.117 A5 8
5.717 0.117 F5 8
5.867 0.117 G5 8
6.167 0.117 E5 8
6.467 0.117 C5 8
6.617 0.117 D5 8
6.767 0.117 B4 8
7.217 0.117 C5 8
7.667 0.117 G4 8
8.117 0.117 E4 8
8.567 0.117 A4 8
8.867 0.117 B4 8
9.167 0.117 A#4 8
9.317 0.117 A4 8
9.617 0.117 G4 8
9.817 0.117 E5 8
10.017 0.117 G5 8
10.217 0.117 A5 8
10.517 0.117 F5 8
10.667 0.117 G5 8
10.967 0.117 E5 8
11.267 0.117 C5 8
11.417 0.117 D5 8
11.567 0.117 B4 8
12.317 0.117 G5 8
12.467 0.117 F#5 8
12.617 0.117 F5 8
12.767 0.117 D#5 8
13.067 0.117 E5 8
13.367 0.117 G#4 8
13.517 0.117 A4 8
13.667 0.117 C5 8
13.967 0.117 A4 8
14.117 0.117 C5 8
14.267 0.117 D5 8
14.717 0.117 G5 8
14.867 0.117 F#5 8
15.017 0.117 F5 8
15.167 0.117 D#5 8
15.467 0.117 E5 8
15.767 0.117 C6 8
16.067 0.117 C6 8
16.217 0.117 C6 8
17.117 0.117 G5 8
17.267 0.117 F#5 8
17.417 0.117 F5 8
17.567 0.117 D#5 8
17.867 0.117 E5 8
18.167 0.117 G#4 8
18.317 0.117 A4 8
18.467 0.117 C5 8
18.767 0.117 A4 8
18.917 0.117 C5 8
19.067 0.117 D5 8
19.517 0.117 D#5 8
19.967 0.117 D5 8
20.417 0.117 C5 8
21.917 0.117 G5 8
22.067 0.117 F#5 8
22.217 0.117 F5 8
22.367 0.117 D#5 8
22.667 0.117 E5 8
22.967 0.117 G#4 8
23.117 0.117 A4 8
23.267 0.117 C5 8
23.567 0.117 A4 8
23.717 0.117 C5 8
23.867 0.117 D5 8
24.317 0.117 G5 8
24.467 0.117 F#5 8
24.617 0.117 F5 8
24.767 0.117 D#5 8
25.067 0.117 E5 8
25.367 0.117 C6 8
25.667 0.117 C6 8
25.817 0.117 C6 8
26.717 0.117 G5 8
26.867 0.117 F#5 8
27.017 0.117 F5 8
27.167 0.117 D#5 8
27.467 0.117 E5 8
27.767 0.117 G#4 8
27.917 0.117 A4 8
28.067 0.117 C5 8
28.367 0.117 A4 8
28.517 0.117 C5 8
28.667 0.117 D5 8
29.117 0.117 D#5 8
29.567 0.117 D5 8
30.017 0.117 C5 8
31.217 0.117 C5 8
31.367 0.117 C5 8
31.667 0.117 C5 8
31.967 0.117 C5 8
32.117 0.117 D5 8
32.417 0.117 E5 8
32.567 0.117 C5 8
32.867 0.117 A4 8
33.017 0.117 G4 8
33.617 0.117 C5 8
33.767 0.117 C5 8
34.067 0.117 C5 8
34.367 0.117 C5 8
34.517 0.117 D5 8
34.667 0.117 E5 8
36.017 0.117 C5 8
36.167 0.117 C5 8
36.467 0.117 C5 8
36.767 0.117 C5 8
36.917 0.117 D5 8
37.217 0.117 E5 8
37.367 0.117 C5 8
37.667 0.117 A4 8
37.817 0.117 G4 8
38.417 0.117 E5 8
38.567 0.117 E5 8
38.867 0.117 E5 8
39.167 0.117 C5 8
39.317 0.117 E5 8
39.617 0.117 G5 8
40.817 0.117 C5 8
41.267 BEGIN_CYCLE
41.267 0.117 G4 8
41.717 0.117 E4 8
42.167 0.117 A4 8
42.467 0.117 B4 8
42.767 0.117 A#4 8
42.917 0.117 A4 8
43.217 0.117 G4 8
43.417 0.117 E5 8
43.617 0.117 G5 8
43.817 0.117 A5 8
44.117 0.117 F5 8
44.267 0.117 G5 8
44.567 0.117 E5 8
44.867 0.117 C5 8
45.017 0.117 D5 8
45.167 0.117 B4 8
45.617 0.117 C5 8
46.067 0.117 G4 8
46.517 0.117 E4 8
46.967 0.117 A4 8
47.267 0.117 B4 8
47.567 0.117 A#4 8
47.717 0.117 A4 8
48.017 0.117 G4 8
48.217 0.117 E5 8
48.417 0.117 G5 8
48.617 0.117 A5 8
48.917 0.117 F5 8
49.067 0.117 G5 8
49.367 0.117 E5 8
49.667 0.117 C5 8
49.817 0.117 D5 8
49.967 0.117 B4 8
50.417 0.117 E5 8
50.567 0.117 C5 8
50.867 0.117 G4 8
51.317 0.117 G#4 8
51.617 0.117 A4 8
51.767 0.117 F5 8
52.067 0.117 F5 8
52.217 0.117 A4 8
52.817 0.117 B4 8
53.017 0.117 A5 8
53.217 0.117 A5 8
53.417 0.117 A5 8
53.617 0.117 G5 8
53.817 0.117 F5 8
54.017 0.117 E5 8
54.167 0.117 C5 8
54.467 0.117 A4 8
54.617 0.117 G4 8
55.217 0.117 E5 8
55.367 0.117 C5 8
55.667 0.117 G4 8
56.117 0.117 G#4 8
56.417 0.117 A4 8
56.567 0.117 F5 8
56.867 0.117 F5 8
57.017 0.117 A4 8
57.617 0.117 B4 8
57.767 0.117 F5 8
58.067 0.117 F5 8
58.217 0.117 F5 8
58.417 0.117 E5 8
58.617 0.117 D5 8
58.817 0.117 C5 8
60.017 0.117 E5 8
60.167 0.117 C5 8
60.467 0.117 G4 8
60.917 0.117 G#4 8
61.217 0.117 A4 8
61.367 0.117 F5 8
61.667 0.117 F5 8
61.817 0.117 A4 8
62.417 0.117 B4 8
62.617 0.117 A5 8
62.817 0.117 A5 8
63.017 0.117 A5 8
63.217 0.117 G5 8
63.417 0.117 F5 8
63.617 0.117 E5 8
63.767 0.117 C5 8
64.067 0.117 A4 8
64.217 0.117 G4 8
64.817 0.117 E5 8
64.967 0.117 C5 8
65.267 0.117 G4 8
65.717 0.117 G#4 8
66.017 0.117 A4 8
66.167 0.117 F5 8
66.467 0.117 F5 8
66.617 0.117 A4 8
67.217 0.117 B4 8
67.367 0.117 F5 8
67.667 0.117 F5 8
67.817 0.117 F5 8
68.017 0.117 E5 8
68.217 0.117 D5 8
68.417 0.117 C5 8
69.617 0.117 C5 8
69.767 0.117 C5 8
70.067 0.117 C5 8
70.367 0.117 C5 8
70.517 0.117 D5 8
70.817 0.117 E5 8
70.967 0.117 C5 8
71.267 0.117 A4 8
71.417 0.117 G4 8
72.017 0.117 C5 8
72.167 0.117 C5 8
72.467 0.117 C5 8
72.767 0.117 C5 8
72.917 0.117 D5 8
73.067 0.117 E5 8
74.417 0.117 C5 8
74.567 0.117 C5 8
74.867 0.117 C5 8
75.167 0.117 C5 8
75.317 0.117 D5 8
75.617 0.117 E5 8
75.767 0.117 C5 8
76.067 0.117 A4 8
76.217 0.117 G4 8
76.817 0.117 E5 8
76.967 0.117 E5 8
77.267 0.117 E5 8
77.567 0.117 C5 8
77.717 0.117 E5 8
78.017 0.117 G5 8
79.217 0.117 E5 8
79.367 0.117 C5 8
79.667 0.117 G4 8
80.117 0.117 G#4 8
80.417 0.117 A4 8
80.567 0.117 F5 8
80.867 0.117 F5 8
81.017 0.117 A4 8
81.617 0.117 B4 8
81.817 0.117 A5 8
82.017 0.117 A5 8
82.217 0.117 A5 8
82.417 0.117 G5 8
82.617 0.117 F5 8
82.817 0.117 E5 8
82.967 0.117 C5 8
83.267 0.117 A4 8
83.417 0.117 G4 8
84.017 0.117 E5 8
84.167 0.117 C5 8
84.467 0.117 G4 8
84.917 0.117 G#4 8
85.217 0.117 A4 8
85.367 0.117 F5 8
85.667 0.117 F5 8
85.817 0.117 A4 8
86.417 0.117 B4 8
86.567 0.117 F5 8
86.867 0.117 F5 8
87.017 0.117 F5 8
87.217 0.117 E5 8
87.417 0.117 D5 8
87.617 0.117 C5 8
88.817 0.117 C5 8
89.267 0.117 G4 8
89.717 0.117 E4 8
90.167 0.117 A4 8
90.467 0.117 B4 8
90.767 0.117 A#4 8
90.917 0.117 A4 8
91.217 0.117 G4 8
91.417 0.117 E5 8
91.617 0.117 G5 8
91.817 0.117 A5 8
92.117 0.117 F5 8
92.267 0.117 G5 8
92.567 0.117 E5 8
92.867 0.117 C5 8
93.017 0.117 D5 8
93.167 0.117 B4 8
93.617 0.117 C5 8
94.067 0.117 G4 8
94.517 0.117 E4 8
94.967 0.117 A4 8
95.267 0.117 B4 8
95.567 0.117 A#4 8
95.717 0.117 A4 8
96.017 0.117 G4 8
96.217 0.117 E5 8
96.417 0.117 G5 8
96.617 0.117 A5 8
96.917 0.117 F5 8
97.067 0.117 G5 8
97.367 0.117 E5 8
97.667 0.117 C5 8
97.817 0.117 D5 8
97.967 0.117 B4 8
98.717 0.117 G5 8
98.867 0.117 F#5 8
99.017 0.117 F5 8
99.167 0.117 D#5 8
99.467 0.117 E5 8
99.767 0.117 G#4 8
99.917 0.117 A4 8
100.067 0.117 C5 8
100.367 0.117 A4 8
100.517 0.117 C5 8
100.667 0.117 D5 8
101.117 0.117 G5 8
101.267 0.117 F#5 8
101.417 0.117 F5 8
101.567 0.117 D#5 8
101.867 0.117 E5 8
102.167 0.117 C6 8
102.467 0.117 C6 8
102.617 0.117 C6 8
103.517 0.117 G5 8
103.667 0.117 F#5 8
103.817 0.117 F5 8
103.967 0.117 D#5 8
104.267 0.117 E5 8
104.567 0.117 G#4 8
104.717 0.117 A4 8
104.867 0.117 C5 8
105.167 0.117 A4 8
105.317 0.117 C5 8
105.467 0.117 D5 8
105.917 0.117 D#5 8
106.367 0.117 D5 8
106.817 0.117 C5 8
108.317 0.117 G5 8
108.467 0.117 F#5 8
108.617 0.117 F5 8
108.767 0.117 D#5 8
109.067 0.117 E5 8
109.367 0.117 G#4 8
109.517 0.117 A4 8
109.667 0.117 C5 8
109.967 0.117 A4 8
110.117 0.117 C5 8
110.267 0.117 D5 8
110.717 0.117 G5 8
110.867 0.117 F#5 8
111.017 0.117 F5 8
111.167 0.117 D#5 8
111.467 0.117 E5 8
111.767 0.117 C6 8
112.067 0.117 C6 8
112.217 0.117 C6 8
113.117 0.117 G5 8
113.267 0.117 F#5 8
113.417 0.117 F5 8
113.567 0.117 D#5 8
113.867 0.117 E5 8
114.167 0.117 G#4 8
114.317 0.117 A4 8
114.467 0.117 C5 8
114.767 0.117 A4 8
114.917 0.117 C5 8
115.067 0.117 D5 8
115.517 0.117 D#5 8
115.967 0.117 D5 8
116.417 0.117 C5 8
117.617 0.117 C5 8
117.767 0.117 C5 8
118.067 0.117 C5 8
118.367 0.117 C5 8
118.517 0.117 D5 8
118.817 0.117 E5 8
118.967 0.117 C5 8
119.267 0.117 A4 8
119.417 0.117 G4 8
120.017 0.117 C5 8
120.167 0.117 C5 8
120.467 0.117 C5 8
120.767 0.117 C5 8
120.917 0.117 D5 8
121.067 0.117 E5 8
122.417 0.117 C5 8
122.567 0.117 C5 8
122.867 0.117 C5 8
123.167 0.117 C5 8
123.317 0.117 D5 8
123.617 0.117 E5 8
123.767 0.117 C5 8
124.067 0.117 A4 8
124.217 0.117 G4 8
124.817 0.117 E5 8
124.967 0.117 E5 8
125.267 0.117 E5 8
125.567 0.117 C5 8
125.717 0.117 E5 8
126.017 0.117 G5 8
127.217 0.117 C5 8
127.667 END_CYCLE

Triangle(406)
time dur note vol
0.000 0.133 D4 15
0.150 0.133 D4 15
0.450 0.133 D4 15
0.750 0.133 D4 15
0.900 0.133 D4 15
1.200 0.133 G5 15
1.800 0.133 G4 15
2.400 0.133 G4 15
2.850 0.133 E4 15
3.300 0.133 C4 15
3.750 0.133 F4 15
4.050 0.133 G4 15
4.350 0.133 F#4 15
4.500 0.133 F4 15
4.800 0.133 E4 15
5.000 0.133 C5 15
5.200 0.133 E5 15
5.400 0.133 F5 15
5.700 0.133 D5 15
5.850 0.133 E5 15
6.150 0.133 C5 15
6.450 0.133 A4 15
6.600 0.133 B4 15
6.750 0.133 G4 15
7.200 0.133 G4 15
7.650 0.133 E4 15
8.100 0.133 C4 15
8.550 0.133 F4 15
8.850 0.133 G4 15
9.150 0.133 F#4 15
9.300 0.133 F4 15
9.600 0.133 E4 15
9.800 0.133 C5 15
10.000 0.133 E5 15
10.200 0.133 F5 15
10.500 0.133 D5 15
10.650 0.133 E5 15
10.950 0.133 C5 15
11.250 0.133 A4 15
11.400 0.133 B4 15
11.550 0.133 G4 15
12.000 0.133 C4 15
12.450 0.133 G4 15
12.900 0.133 C5 15
13.200 0.133 F4 15
13.650 0.133 C5 15
13.800 0.133 C5 15
14.100 0.133 F4 15
14.400 0.133 C4 15
14.850 0.133 E4 15
15.300 0.133 G4 15
15.450 0.133 C5 15
15.750 0.133 G6 15
16.050 0.133 G6 15
16.200 0.133 G6 15
16.500 0.133 G4 15
16.800 0.133 C4 15
17.250 0.133 G4 15
17.700 0.133 C5 15
18.000 0.133 F4 15
18.450 0.133 C5 15
18.600 0.133 C5 15
18.900 0.133 F4 15
19.200 0.133 C4 15
19.500 0.133 G#4 15
19.950 0.133 A#4 15
20.400 0.133 C5 15
20.850 0.133 G4 15
21.000 0.133 G4 15
21.300 0.133 C4 15
21.600 0.133 C4 15
22.050 0.133 G4 15
22.500 0.133 C5 15
22.800 0.133 F4 15
23.250 0.133 C5 15
23.400 0.133 C5 15
23.700 0.133 F4 15
24.000 0.133 C4 15
24.450 0.133 E4 15
24.900 0.133 G4 15
25.050 0.133 C5 15
25.350 0.133 G6 15
25.650 0.133 G6 15
25.800 0.133 G6 15
26.100 0.133 G4 15
26.400 0.133 C4 15
26.850 0.133 G4 15
27.300 0.133 C5 15
27.600 0.133 F4 15
28.050 0.133 C5 15
28.200 0.133 C5 15
28.500 0.133 F4 15
28.800 0.133 C4 15
29.100 0.133 G#4 15
29.550 0.133 A#4 15
30.000 0.133 C5 15
30.450 0.133 G4 15
30.600 0.133 G4 15
30.900 0.133 C4 15
31.200 0.133 G#3 15
31.650 0.133 D#4 15
32.100 0.133 G#4 15
32.400 0.133 G4 15
32.850 0.133 C4 15
33.300 0.133 G3 15
33.600 0.133 G#3 15
34.050 0.133 D#4 15
34.500 0.133 G#4 15
34.800 0.133 G4 15
35.250 0.133 C4 15
35.700 0.133 G3 15
36.000 0.133 G#3 15
36.450 0.133 D#4 15
36.900 0.133 G#4 15
37.200 0.133 G4 15
37.650 0.133 C4 15
38.100 0.133 G3 15
38.400 0.133 D4 15
38.550 0.133 D4 15
38.850 0.133 D4 15
39.150 0.133 D4 15
39.300 0.133 D4 15
39.600 0.133 G5 15
40.200 0.133 G4 15
40.800 0.133 G4 15
41.250 BEGIN_CYCLE
41.250 0.133 E4 15
41.700 0.133 C4 15
42.150 0.133 F4 15
42.450 0.133 G4 15
42.750 0.133 F#4 15
42.900 0.133 F4 15
43.200 0.133 E4 15
43.400 0.133 C5 15
43.600 0.133 E5 15
43.800 0.133 F5 15
44.100 0.133 D5 15
44.250 0.133 E5 15
44.550 0.133 C5 15
44.850 0.133 A4 15
45.000 0.133 B4 15
45.150 0.133 G4 15
45.600 0.133 G4 15
46.050 0.133 E4 15
46.500 0.133 C4 15
46.950 0.133 F4 15
47.250 0.133 G4 15
47.550 0.133 F#4 15
47.700 0.133 F4 15
48.000 0.133 E4 15
48.200 0.133 C5 15
48.400 0.133 E5 15
48.600 0.133 F5 15
48.900 0.133 D5 15
49.050 0.133 E5 15
49.350 0.133 C5 15
49.650 0.133 A4 15
49.800 0.133 B4 15
49.950 0.133 G4 15
50.400 0.133 C4 15
50.850 0.133 F#4 15
51.000 0.133 G4 15
51.300 0.133 C5 15
51.600 0.133 F4 15
51.900 0.133 F4 15
52.200 0.133 C5 15
52.350 0.133 C5 15
52.500 0.133 F4 15
52.800 0.133 D4 15
53.250 0.133 F4 15
53.400 0.133 G4 15
53.700 0.133 B4 15
54.000 0.133 G4 15
54.300 0.133 G4 15
54.600 0.133 C5 15
54.750 0.133 C5 15
54.900 0.133 G4 15
55.200 0.133 C4 15
55.650 0.133 F#4 15
55.800 0.133 G4 15
56.100 0.133 C5 15
56.400 0.133 F4 15
56.700 0.133 F4 15
57.000 0.133 C5 15
57.150 0.133 C5 15
57.300 0.133 F4 15
57.600 0.133 G4 15
58.050 0.133 G4 15
58.200 0.133 G4 15
58.400 0.133 A4 15
58.600 0.133 B4 15
58.800 0.133 C5 15
59.100 0.133 G4 15
59.400 0.133 C4 15
60.000 0.133 C4 15
60.450 0.133 F#4 15
60.600 0.133 G4 15
60.900 0.133 C5 15
61.200 0.133 F4 15
61.500 0.133 F4 15
61.800 0.133 C5 15
61.950 0.133 C5 15
62.100 0.133 F4 15
62.400 0.133 D4 15
62.850 0.133 F4 15
63.000 0.133 G4 15
63.300 0.133 B4 15
63.600 0.133 G4 15
63.900 0.133 G4 15
64.200 0.133 C5 15
64.350 0.133 C5 15
64.500 0.133 G4 15
64.800 0.133 C4 15
65.250 0.133 F#4 15
65.400 0.133 G4 15
65.700 0.133 C5 15
66.000 0.133 F4 15
66.300 0.133 F4 15
66.600 0.133 C5 15
66.750 0.133 C5 15
66.900 0.133 F4 15
67.200 0.133 G4 15
67.650 0.133 G4 15
67.800 0.133 G4 15
68.000 0.133 A4 15
68.200 0.133 B4 15
68.400 0.133 C5 15
68.700 0.133 G4 15
69.000 0.133 C4 15
69.600 0.133 G#3 15
70.050 0.133 D#4 15
70.500 0.133 G#4 15
70.800 0.133 G4 15
71.250 0.133 C4 15
71.700 0.133 G3 15
72.000 0.133 G#3 15
72.450 0.133 D#4 15
72.900 0.133 G#4 15
73.200 0.133 G4 15
73.650 0.133 C4 15
74.100 0.133 G3 15
74.400 0.133 G#3 15
74.850 0.133 D#4 15
75.300 0.133 G#4 15
75.600 0.133 G4 15
76.050 0.133 C4 15
76.500 0.133 G3 15
76.800 0.133 D4 15
76.950 0.133 D4 15
77.250 0.133 D4 15
77.550 0.133 D4 15
77.700 0.133 D4 15
78.000 0.133 G5 15
78.600 0.133 G4 15
79.200 0.133 C4 15
79.650 0.133 F#4 15
79.800 0.133 G4 15
80.100 0.133 C5 15
80.400 0.133 F4 15
80.700 0.133 F4 15
81.000 0.133 C5 15
81.150 0.133 C5 15
81.300 0.133 F4 15
81.600 0.133 D4 15
82.050 0.133 F4 15
82.200 0.133 G4 15
82.500 0.133 B4 15
82.800 0.133 G4 15
83.100 0.133 G4 15
83.400 0.133 C5 15
83.550 0.133 C5 15
83.700 0.133 G4 15
84.000 0.133 C4 15
84.450 0.133 F#4 15
84.600 0.133 G4 15
84.900 0.133 C5 15
85.200 0.133 F4 15
85.500 0.133 F4 15
85.800 0.133 C5 15
85.950 0.133 C5 15
86.100 0.133 F4 15
86.400 0.133 G4 15
86.850 0.133 G4 15
87.000 0.133 G4 15
87.200 0.133 A4 15
87.400 0.133 B4 15
87.600 0.133 C5 15
87.900 0.133 G4 15
88.200 0.133 C4 15
88.800 0.133 G4 15
89.250 0.133 E4 15
89.700 0.133 C4 15
90.150 0.133 F4 15
90.450 0.133 G4 15
90.750 0.133 F#4 15
90.900 0.133 F4 15
91.200 0.133 E4 15
91.400 0.133 C5 15
91.600 0.133 E5 15
91.800 0.133 F5 15
92.100 0.133 D5 15
92.250 0.133 E5 15
92.550 0.133 C5 15
92.850 0.133 A4 15
93.000 0.133 B4 15
93.150 0.133 G4 15
93.600 0.133 G4 15
94.050 0.133 E4 15
94.500 0.133 C4 15
94.950 0.133 F4 15
95.250 0.133 G4 15
95.550 0.133 F#4 15
95.700 0.133 F4 15
96.000 0.133 E4 15
96.200 0.133 C5 15
96.400 0.133 E5 15
96.600 0.133 F5 15
96.900 0.133 D5 15
97.050 0.133 E5 15
97.350 0.133 C5 15
97.650 0.133 A4 15
97.800 0.133 B4 15
97.950 0.133 G4 15
98.400 0.133 C4 15
98.850 0.133 G4 15
99.300 0.133 C5 15
99.600 0.133 F4 15
100.050 0.133 C5 15
100.200 0.133 C5 15
100.500 0.133 F4 15
100.800 0.133 C4 15
101.250 0.133 E4 15
101.700 0.133 G4 15
101.850 0.133 C5 15
102.150 0.133 G6 15
102.450 0.133 G6 15
102.600 0.133 G6 15
102.900 0.133 G4 15
103.200 0.133 C4 15
103.650 0.133 G4 15
104.100 0.133 C5 15
104.400 0.133 F4 15
104.850 0.133 C5 15
105.000 0.133 C5 15
105.300 0.133 F4 15
105.600 0.133 C4 15
105.900 0.133 G#4 15
106.350 0.133 A#4 15
106.800 0.133 C5 15
107.250 0.133 G4 15
107.400 0.133 G4 15
107.700 0.133 C4 15
108.000 0.133 C4 15
108.450 0.133 G4 15
108.900 0.133 C5 15
109.200 0.133 F4 15
109.650 0.133 C5 15
109.800 0.133 C5 15
110.100 0.133 F4 15
110.400 0.133 C4 15
110.850 0.133 E4 15
111.300 0.133 G4 15
111.450 0.133 C5 15
111.750 0.133 G6 15
112.050 0.133 G6 15
112.200 0.133 G6 15
112.500 0.133 G4 15
112.800 0.133 C4 15
113.250 0.133 G4 15
113.700 0.133 C5 15
114.000 0.133 F4 15
114.450 0.133 C5 15
114.600 0.133 C5 15
114.900 0.133 F4 15
115.200 0.133 C4 15
115.500 0.133 G#4 15
115.950 0.133 A#4 15
116.400 0.133 C5 15
116.850 0.133 G4 15
117.000 0.133 G4 15
117.300 0.133 C4 15
117.600 0.133 G#3 15
118.050 0.133 D#4 15
118.500 0.133 G#4 15
118.800 0.133 G4 15
119.250 0.133 C4 15
119.700 0.133 G3 15
120.000 0.133 G#3 15
120.450 0.133 D#4 15
120.900 0.133 G#4 15
121.200 0.133 G4 15
121.650 0.133 C4 15
122.100 0.133 G3 15
122.400 0.133 G#3 15
122.850 0.133 D#4 15
123.300 0.133 G#4 15
123.600 0.133 G4 15
124.050 0.133 C4 15
124.500 0.133 G3 15
124.800 0.133 D4 15
124.950 0.133 D4 15
125.250 0.133 D4 15
125.550 0.133 D4 15
125.700 0.133 D4 15
126.000 0.133 G5 15
126.600 0.133 G4 15
127.200 0.133 G4 15
127.650 END_CYCLE

Noise(561)
time dur noise vol drum
0.000 0.083 11 12 kick_tight
0.300 0.017 11 15 kick_tight
0.450 0.083 11 15 kick_tight
0.750 0.017 11 15 kick_tight
0.900 0.083 11 15 kick_tight
1.200 0.083 11 15 kick_tight
1.650 0.083 11 15 kick_tight
1.950 0.017 11 15 kick_tight
2.100 0.017 11 15 kick_tight
2.250 0.017 11 15 kick_tight
2.400 0.017 2 15 snare_attack
2.700 0.017 11 15 kick_tight
2.900 0.017 11 15 kick_tight
3.000 0.083 11 15 kick_tight
3.300 0.017 11 15 kick_tight
3.500 0.017 11 15 kick_tight
3.600 0.017 2 15 snare_attack
3.900 0.017 11 15 kick_tight
4.100 0.017 11 15 kick_tight
4.200 0.083 11 15 kick_tight
4.500 0.017 11 15 kick_tight
4.700 0.017 11 15 kick_tight
4.800 0.017 2 15 snare_attack
5.100 0.017 11 15 kick_tight
5.300 0.017 11 15 kick_tight
5.400 0.083 11 15 kick_tight
5.700 0.017 11 15 kick_tight
5.900 0.017 11 15 kick_tight
6.000 0.017 2 15 snare_attack
6.300 0.017 11 15 kick_tight
6.500 0.017 11 15 kick_tight
6.600 0.083 11 15 kick_tight
6.900 0.017 11 15 kick_tight
7.100 0.017 11 15 kick_tight
7.200 0.017 2 15 snare_attack
7.500 0.017 11 15 kick_tight
7.700 0.017 11 15 kick_tight
7.800 0.083 11 15 kick_tight
8.100 0.017 11 15 kick_tight
8.300 0.017 11 15 kick_tight
8.400 0.017 2 15 snare_attack
8.700 0.017 11 15 kick_tight
8.900 0.017 11 15 kick_tight
9.000 0.083 11 15 kick_tight
9.300 0.017 11 15 kick_tight
9.500 0.017 11 15 kick_tight
9.600 0.017 2 15 snare_attack
9.900 0.017 11 15 kick_tight
10.100 0.017 11 15 kick_tight
10.200 0.083 11 15 kick_tight
10.500 0.017 11 15 kick_tight
10.700 0.017 11 15 kick_tight
10.800 0.017 2 15 snare_attack
11.100 0.017 11 15 kick_tight
11.300 0.017 11 15 kick_tight
11.400 0.083 11 15 kick_tight
11.700 0.017 11 15 kick_tight
11.900 0.017 11 15 kick_tight
12.000 0.017 2 15 snare_attack
12.300 0.017 11 15 kick_tight
12.500 0.017 11 15 kick_tight
12.600 0.083 11 15 kick_tight
12.900 0.017 11 15 kick_tight
13.100 0.017 11 15 kick_tight
13.200 0.017 2 15 snare_attack
13.500 0.017 11 15 kick_tight
13.700 0.017 11 15 kick_tight
13.800 0.083 11 15 kick_tight
14.100 0.017 11 15 kick_tight
14.300 0.017 11 15 kick_tight
14.400 0.017 2 15 snare_attack
14.700 0.017 11 15 kick_tight
14.900 0.017 11 15 kick_tight
15.000 0.083 11 15 kick_tight
15.300 0.017 11 15 kick_tight
15.500 0.017 11 15 kick_tight
15.600 0.017 2 15 snare_attack
15.900 0.017 11 15 kick_tight
16.100 0.017 11 15 kick_tight
16.200 0.083 11 15 kick_tight
16.500 0.017 11 15 kick_tight
16.700 0.017 11 15 kick_tight
16.800 0.017 2 15 snare_attack
17.100 0.017 11 15 kick_tight
17.300 0.017 11 15 kick_tight
17.400 0.083 11 15 kick_tight
17.700 0.017 11 15 kick_tight
17.900 0.017 11 15 kick_tight
18.000 0.017 2 15 snare_attack
18.300 0.017 11 15 kick_tight
18.500 0.017 11 15 kick_tight
18.600 0.083 11 15 kick_tight
18.900 0.017 11 15 kick_tight
19.100 0.017 11 15 kick_tight
19.200 0.017 2 15 snare_attack
19.500 0.017 11 15 kick_tight
19.700 0.017 11 15 kick_tight
19.800 0.083 11 15 kick_tight
20.100 0.017 11 15 kick_tight
20.300 0.017 11 15 kick_tight
20.400 0.017 2 15 snare_attack
20.700 0.017 11 15 kick_tight
20.900 0.017 11 15 kick_tight
21.000 0.083 11 15 kick_tight
21.300 0.017 11 15 kick_tight
21.500 0.017 11 15 kick_tight
21.600 0.017 2 15 snare_attack
21.900 0.017 11 15 kick_tight
22.100 0.017 11 15 kick_tight
22.200 0.083 11 15 kick_tight
22.500 0.017 11 15 kick_tight
22.700 0.017 11 15 kick_tight
22.800 0.017 2 15 snare_attack
23.100 0.017 11 15 kick_tight
23.300 0.017 11 15 kick_tight
23.400 0.083 11 15 kick_tight
23.700 0.017 11 15 kick_tight
23.900 0.017 11 15 kick_tight
24.000 0.017 2 15 snare_attack
24.300 0.017 11 15 kick_tight
24.500 0.017 11 15 kick_tight
24.600 0.083 11 15 kick_tight
24.900 0.017 11 15 kick_tight
25.100 0.017 11 15 kick_tight
25.200 0.017 2 15 snare_attack
25.500 0.017 11 15 kick_tight
25.700 0.017 11 15 kick_tight
25.800 0.083 11 15 kick_tight
26.100 0.017 11 15 kick_tight
26.300 0.017 11 15 kick_tight
26.400 0.017 2 15 snare_attack
26.700 0.017 11 15 kick_tight
26.900 0.017 11 15 kick_tight
27.000 0.083 11 15 kick_tight
27.300 0.017 11 15 kick_tight
27.500 0.017 11 15 kick_tight
27.600 0.017 2 15 snare_attack
27.900 0.017 11 15 kick_tight
28.100 0.017 11 15 kick_tight
28.200 0.083 11 15 kick_tight
28.500 0.017 11 15 kick_tight
28.700 0.017 11 15 kick_tight
28.800 0.017 2 15 snare_attack
29.100 0.017 11 15 kick_tight
29.300 0.017 11 15 kick_tight
29.400 0.083 11 15 kick_tight
29.700 0.017 11 15 kick_tight
29.900 0.017 11 15 kick_tight
30.000 0.017 2 15 snare_attack
30.300 0.017 11 15 kick_tight
30.500 0.017 11 15 kick_tight
30.600 0.083 11 15 kick_tight
30.900 0.017 11 15 kick_tight
31.100 0.017 11 15 kick_tight
31.200 0.083 11 15 kick_tight
31.500 0.017 11 15 kick_tight
31.650 0.083 11 15 kick_tight
31.950 0.017 11 15 kick_tight
32.100 0.083 11 15 kick_tight
32.400 0.083 11 15 kick_tight
32.850 0.083 11 15 kick_tight
33.150 0.017 11 15 kick_tight
33.300 0.017 11 15 kick_tight
33.450 0.017 11 15 kick_tight
33.600 0.083 11 15 kick_tight
33.900 0.017 11 15 kick_tight
34.050 0.083 11 15 kick_tight
34.350 0.017 11 15 kick_tight
34.500 0.083 11 15 kick_tight
34.800 0.083 11 15 kick_tight
35.250 0.083 11 15 kick_tight
35.550 0.017 11 15 kick_tight
35.700 0.017 11 15 kick_tight
35.850 0.017 11 15 kick_tight
36.000 0.083 11 15 kick_tight
36.300 0.017 11 15 kick_tight
36.450 0.083 11 15 kick_tight
36.750 0.017 11 15 kick_tight
36.900 0.083 11 15 kick_tight
37.200 0.083 11 15 kick_tight
37.650 0.083 11 15 kick_tight
37.950 0.017 11 15 kick_tight
38.100 0.017 11 15 kick_tight
38.250 0.017 11 15 kick_tight
38.400 0.083 11 15 kick_tight
38.700 0.017 11 15 kick_tight
38.850 0.083 11 15 kick_tight
39.150 0.017 11 15 kick_tight
39.300 0.083 11 15 kick_tight
39.600 0.083 11 15 kick_tight
40.050 0.083 11 15 kick_tight
40.350 0.017 11 15 kick_tight
40.500 0.017 11 15 kick_tight
40.650 BEGIN_CYCLE
40.650 0.017 11 15 kick_tight
40.800 0.017 2 15 snare_attack
41.100 0.017 11 15 kick_tight
41.300 0.017 11 15 kick_tight
41.400 0.083 11 15 kick_tight
41.700 0.017 11 15 kick_tight
41.900 0.017 11 15 kick_tight
42.000 0.017 2 15 snare_attack
42.300 0.017 11 15 kick_tight
42.500 0.017 11 15 kick_tight
42.600 0.083 11 15 kick_tight
42.900 0.017 11 15 kick_tight
43.100 0.017 11 15 kick_tight
43.200 0.017 2 15 snare_attack
43.500 0.017 11 15 kick_tight
43.700 0.017 11 15 kick_tight
43.800 0.083 11 15 kick_tight
44.100 0.017 11 15 kick_tight
44.300 0.017 11 15 kick_tight
44.400 0.017 2 15 snare_attack
44.700 0.017 11 15 kick_tight
44.900 0.017 11 15 kick_tight
45.000 0.083 11 15 kick_tight
45.300 0.017 11 15 kick_tight
45.500 0.017 11 15 kick_tight
45.600 0.017 2 15 snare_attack
45.900 0.017 11 15 kick_tight
46.100 0.017 11 15 kick_tight
46.200 0.083 11 15 kick_tight
46.500 0.017 11 15 kick_tight
46.700 0.017 11 15 kick_tight
46.800 0.017 2 15 snare_attack
47.100 0.017 11 15 kick_tight
47.300 0.017 11 15 kick_tight
47.400 0.083 11 15 kick_tight
47.700 0.017 11 15 kick_tight
47.900 0.017 11 15 kick_tight
48.000 0.017 2 15 snare_attack
48.300 0.017 11 15 kick_tight
48.500 0.017 11 15 kick_tight
48.600 0.083 11 15 kick_tight
48.900 0.017 11 15 kick_tight
49.100 0.017 11 15 kick_tight
49.200 0.017 2 15 snare_attack
49.500 0.017 11 15 kick_tight
49.700 0.017 11 15 kick_tight
49.800 0.083 11 15 kick_tight
50.100 0.017 11 15 kick_tight
50.300 0.017 11 15 kick_tight
50.400 0.017 11 15 kick_tight
50.850 0.017 11 15 kick_tight
51.000 0.083 11 15 kick_tight
51.300 0.017 11 15 kick_tight
51.600 0.017 11 15 kick_tight
52.050 0.017 11 15 kick_tight
52.200 0.083 11 15 kick_tight
52.500 0.017 11 15 kick_tight
52.800 0.017 11 15 kick_tight
53.250 0.017 11 15 kick_tight
53.400 0.083 11 15 kick_tight
53.700 0.017 11 15 kick_tight
54.000 0.017 11 15 kick_tight
54.450 0.017 11 15 kick_tight
54.600 0.083 11 15 kick_tight
54.900 0.017 11 15 kick_tight
55.200 0.017 11 15 kick_tight
55.650 0.017 11 15 kick_tight
55.800 0.083 11 15 kick_tight
56.100 0.017 11 15 kick_tight
56.400 0.017 11 15 kick_tight
56.850 0.017 11 15 kick_tight
57.000 0.083 11 15 kick_tight
57.300 0.017 11 15 kick_tight
57.600 0.017 11 15 kick_tight
58.050 0.017 11 15 kick_tight
58.200 0.083 11 15 kick_tight
58.500 0.017 11 15 kick_tight
58.800 0.017 11 15 kick_tight
59.250 0.017 11 15 kick_tight
59.400 0.083 11 15 kick_tight
59.700 0.017 11 15 kick_tight
60.000 0.017 11 15 kick_tight
60.450 0.017 11 15 kick_tight
60.600 0.083 11 15 kick_tight
60.900 0.017 11 15 kick_tight
61.200 0.017 11 15 kick_tight
61.650 0.017 11 15 kick_tight
61.800 0.083 11 15 kick_tight
62.100 0.017 11 15 kick_tight
62.400 0.017 11 15 kick_tight
62.850 0.017 11 15 kick_tight
63.000 0.083 11 15 kick_tight
63.300 0.017 11 15 kick_tight
63.600 0.017 11 15 kick_tight
64.050 0.017 11 15 kick_tight
64.200 0.083 11 15 kick_tight
64.500 0.017 11 15 kick_tight
64.800 0.017 11 15 kick_tight
65.250 0.017 11 15 kick_tight
65.400 0.083 11 15 kick_tight
65.700 0.017 11 15 kick_tight
66.000 0.017 11 15 kick_tight
66.450 0.017 11 15 kick_tight
66.600 0.083 11 15 kick_tight
66.900 0.017 11 15 kick_tight
67.200 0.017 11 15 kick_tight
67.650 0.017 11 15 kick_tight
67.800 0.083 11 15 kick_tight
68.100 0.017 11 15 kick_tight
68.400 0.017 11 15 kick_tight
68.850 0.017 11 15 kick_tight
69.000 0.083 11 15 kick_tight
69.300 0.017 11 15 kick_tight
69.600 0.083 11 15 kick_tight
69.900 0.017 11 15 kick_tight
70.050 0.083 11 15 kick_tight
70.350 0.017 11 15 kick_tight
70.500 0.083 11 15 kick_tight
70.800 0.083 11 15 kick_tight
71.250 0.083 11 15 kick_tight
71.550 0.017 11 15 kick_tight
71.700 0.017 11 15 kick_tight
71.850 0.017 11 15 kick_tight
72.000 0.083 11 15 kick_tight
72.300 0.017 11 15 kick_tight
72.450 0.083 11 15 kick_tight
72.750 0.017 11 15 kick_tight
72.900 0.083 11 15 kick_tight
73.200 0.083 11 15 kick_tight
73.650 0.083 11 15 kick_tight
73.950 0.017 11 15 kick_tight
74.100 0.017 11 15 kick_tight
74.250 0.017 11 15 kick_tight
74.400 0.083 11 15 kick_tight
74.700 0.017 11 15 kick_tight
74.850 0.083 11 15 kick_tight
75.150 0.017 11 15 kick_tight
75.300 0.083 11 15 kick_tight
75.600 0.083 11 15 kick_tight
76.050 0.083 11 15 kick_tight
76.350 0.017 11 15 kick_tight
76.500 0.017 11 15 kick_tight
76.650 0.017 11 15 kick_tight
76.800 0.083 11 15 kick_tight
77.100 0.017 11 15 kick_tight
77.250 0.083 11 15 kick_tight
77.550 0.017 11 15 kick_tight
77.700 0.083 11 15 kick_tight
78.000 0.083 11 15 kick_tight
78.450 0.083 11 15 kick_tight
78.750 0.017 11 15 kick_tight
78.900 0.017 11 15 kick_tight
79.050 0.017 11 15 kick_tight
79.200 0.017 11 15 kick_tight
79.650 0.017 11 15 kick_tight
79.800 0.083 11 15 kick_tight
80.100 0.017 11 15 kick_tight
80.400 0.017 11 15 kick_tight
80.850 0.017 11 15 kick_tight
81.000 0.083 11 15 kick_tight
81.300 0.017 11 15 kick_tight
81.600 0.017 11 15 kick_tight
82.050 0.017 11 15 kick_tight
82.200 0.083 11 15 kick_tight
82.500 0.017 11 15 kick_tight
82.800 0.017 11 15 kick_tight
83.250 0.017 11 15 kick_tight
83.400 0.083 11 15 kick_tight
83.700 0.017 11 15 kick_tight
84.000 0.017 11 15 kick_tight
84.450 0.017 11 15 kick_tight
84.600 0.083 11 15 kick_tight
84.900 0.017 11 15 kick_tight
85.200 0.017 11 15 kick_tight
85.650 0.017 11 15 kick_tight
85.800 0.083 11 15 kick_tight
86.100 0.017 11 15 kick_tight
86.400 0.017 11 15 kick_tight
86.850 0.017 11 15 kick_tight
87.000 0.083 11 15 kick_tight
87.300 0.017 11 15 kick_tight
87.600 0.017 11 15 kick_tight
88.050 0.017 11 15 kick_tight
88.200 0.083 11 15 kick_tight
88.500 0.017 11 15 kick_tight
88.800 0.017 2 15 snare_attack
89.100 0.017 11 15 kick_tight
89.300 0.017 11 15 kick_tight
89.400 0.083 11 15 kick_tight
89.700 0.017 11 15 kick_tight
89.900 0.017 11 15 kick_tight
90.000 0.017 2 15 snare_attack
90.300 0.017 11 15 kick_tight
90.500 0.017 11 15 kick_tight
90.600 0.083 11 15 kick_tight
90.900 0.017 11 15 kick_tight
91.100 0.017 11 15 kick_tight
91.200 0.017 2 15 snare_attack
91.500 0.017 11 15 kick_tight
91.700 0.017 11 15 kick_tight
91.800 0.083 11 15 kick_tight
92.100 0.017 11 15 kick_tight
92.300 0.017 11 15 kick_tight
92.400 0.017 2 15 snare_attack
92.700 0.017 11 15 kick_tight
92.900 0.017 11 15 kick_tight
93.000 0.083 11 15 kick_tight
93.300 0.017 11 15 kick_tight
93.500 0.017 11 15 kick_tight
93.600 0.017 2 15 snare_attack
93.900 0.017 11 15 kick_tight
94.100 0.017 11 15 kick_tight
94.200 0.083 11 15 kick_tight
94.500 0.017 11 15 kick_tight
94.700 0.017 11 15 kick_tight
94.800 0.017 2 15 snare_attack
95.100 0.017 11 15 kick_tight
95.300 0.017 11 15 kick_tight
95.400 0.083 11 15 kick_tight
95.700 0.017 11 15 kick_tight
95.900 0.017 11 15 kick_tight
96.000 0.017 2 15 snare_attack
96.300 0.017 11 15 kick_tight
96.500 0.017 11 15 kick_tight
96.600 0.083 11 15 kick_tight
96.900 0.017 11 15 kick_tight
97.100 0.017 11 15 kick_tight
97.200 0.017 2 15 snare_attack
97.500 0.017 11 15 kick_tight
97.700 0.017 11 15 kick_tight
97.800 0.083 11 15 kick_tight
98.100 0.017 11 15 kick_tight
98.300 0.017 11 15 kick_tight
98.400 0.017 2 15 snare_attack
98.700 0.017 11 15 kick_tight
98.900 0.017 11 15 kick_tight
99.000 0.083 11 15 kick_tight
99.300 0.017 11 15 kick_tight
99.500 0.017 11 15 kick_tight
99.600 0.017 2 15 snare_attack
99.900 0.017 11 15 kick_tight
100.100 0.017 11 15 kick_tight
100.200 0.083 11 15 kick_tight
100.500 0.017 11 15 kick_tight
100.700 0.017 11 15 kick_tight
100.800 0.017 2 15 snare_attack
101.100 0.017 11 15 kick_tight
101.300 0.017 11 15 kick_tight
101.400 0.083 11 15 kick_tight
101.700 0.017 11 15 kick_tight
101.900 0.017 11 15 kick_tight
102.000 0.017 2 15 snare_attack
102.300 0.017 11 15 kick_tight
102.500 0.017 11 15 kick_tight
102.600 0.083 11 15 kick_tight
102.900 0.017 11 15 kick_tight
103.100 0.017 11 15 kick_tight
103.200 0.017 2 15 snare_attack
103.500 0.017 11 15 kick_tight
103.700 0.017 11 15 kick_tight
103.800 0.083 11 15 kick_tight
104.100 0.017 11 15 kick_tight
104.300 0.017 11 15 kick_tight
104.400 0.017 2 15 snare_attack
104.700 0.017 11 15 kick_tight
104.900 0.017 11 15 kick_tight
105.000 0.083 11 15 kick_tight
105.300 0.017 11 15 kick_tight
105.500 0.017 11 15 kick_tight
105.600 0.017 2 15 snare_attack
105.900 0.017 11 15 kick_tight
106.100 0.017 11 15 kick_tight
106.200 0.083 11 15 kick_tight
106.500 0.017 11 15 kick_tight
106.700 0.017 11 15 kick_tight
106.800 0.017 2 15 snare_attack
107.100 0.017 11 15 kick_tight
107.300 0.017 11 15 kick_tight
107.400 0.083 11 15 kick_tight
107.700 0.017 11 15 kick_tight
107.900 0.017 11 15 kick_tight
108.000 0.017 2 15 snare_attack
108.300 0.017 11 15 kick_tight
108.500 0.017 11 15 kick_tight
108.600 0.083 11 15 kick_tight
108.900 0.017 11 15 kick_tight
109.100 0.017 11 15 kick_tight
109.200 0.017 2 15 snare_attack
109.500 0.017 11 15 kick_tight
109.700 0.017 11 15 kick_tight
109.800 0.083 11 15 kick_tight
110.100 0.017 11 15 kick_tight
110.300 0.017 11 15 kick_tight
110.400 0.017 2 15 snare_attack
110.700 0.017 11 15 kick_tight
110.900 0.017 11 15 kick_tight
111.000 0.083 11 15 kick_tight
111.300 0.017 11 15 kick_tight
111.500 0.017 11 15 kick_tight
111.600 0.017 2 15 snare_attack
111.900 0.017 11 15 kick_tight
112.100 0.017 11 15 kick_tight
112.200 0.083 11 15 kick_tight
112.500 0.017 11 15 kick_tight
112.700 0.017 11 15 kick_tight
112.800 0.017 2 15 snare_attack
113.100 0.017 11 15 kick_tight
113.300 0.017 11 15 kick_tight
113.400 0.083 11 15 kick_tight
113.700 0.017 11 15 kick_tight
113.900 0.017 11 15 kick_tight
114.000 0.017 2 15 snare_attack
114.300 0.017 11 15 kick_tight
114.500 0.017 11 15 kick_tight
114.600 0.083 11 15 kick_tight
114.900 0.017 11 15 kick_tight
115.100 0.017 11 15 kick_tight
115.200 0.017 2 15 snare_attack
115.500 0.017 11 15 kick_tight
115.700 0.017 11 15 kick_tight
115.800 0.083 11 15 kick_tight
116.100 0.017 11 15 kick_tight
116.300 0.017 11 15 kick_tight
116.400 0.017 2 15 snare_attack
116.700 0.017 11 15 kick_tight
116.900 0.017 11 15 kick_tight
117.000 0.083 11 15 kick_tight
117.300 0.017 11 15 kick_tight
117.500 0.017 11 15 kick_tight
117.600 0.083 11 15 kick_tight
117.900 0.017 11 15 kick_tight
118.050 0.083 11 15 kick_tight
118.350 0.017 11 15 kick_tight
118.500 0.083 11 15 kick_tight
118.800 0.083 11 15 kick_tight
119.250 0.083 11 15 kick_tight
119.550 0.017 11 15 kick_tight
119.700 0.017 11 15 kick_tight
119.850 0.017 11 15 kick_tight
120.000 0.083 11 15 kick_tight
120.300 0.017 11 15 kick_tight
120.450 0.083 11 15 kick_tight
120.750 0.017 11 15 kick_tight
120.900 0.083 11 15 kick_tight
121.200 0.083 11 15 kick_tight
121.650 0.083 11 15 kick_tight
121.950 0.017 11 15 kick_tight
122.100 0.017 11 15 kick_tight
122.250 0.017 11 15 kick_tight
122.400 0.083 11 15 kick_tight
122.700 0.017 11 15 kick_tight
122.850 0.083 11 15 kick_tight
123.150 0.017 11 15 kick_tight
123.300 0.083 11 15 kick_tight
123.600 0.083 11 15 kick_tight
124.050 0.083 11 15 kick_tight
124.350 0.017 11 15 kick_tight
124.500 0.017 11 15 kick_tight
124.650 0.017 11 15 kick_tight
124.800 0.083 11 15 kick_tight
125.100 0.017 11 15 kick_tight
125.250 0.083 11 15 kick_tight
125.550 0.017 11 15 kick_tight
125.700 0.083 11 15 kick_tight
126.000 0.083 11 15 kick_tight
126.450 0.083 11 15 kick_tight
126.750 0.017 11 15 kick_tight
126.900 0.017 11 15 kick_tight
127.050 END_CYCLE
