ducktales2.nsf track=3 framerate=60

Square1(284)
time dur note vol
2.500 0.167 B4 11
2.667 0.167 C5 11
2.833 0.167 B4 11
3.000 0.167 A4 11
3.167 0.167 G4 11
3.500 0.167 E4 11
3.833 0.167 A4 11
5.167 0.167 A4 11
5.333 0.167 B4 11
5.500 0.167 C5 11
5.667 0.167 B4 11
5.833 0.167 A4 11
6.167 0.167 G4 11
6.500 0.167 E4 11
7.833 0.167 B4 11
8.000 0.167 C5 11
8.167 0.167 B4 11
8.333 0.167 A4 11
8.500 0.167 G4 11
8.833 0.167 E4 11
9.167 0.167 A4 11
10.500 0.167 A4 11
10.667 0.167 B4 11
10.833 0.167 C5 11
11.000 0.167 B4 11
11.167 0.167 A4 11
11.500 0.167 G4 11
11.833 0.167 E4 11
12.833 0.167 E4 11
13.000 0.167 G4 11
13.167 0.167 E4 11
13.333 0.667 A4 11
14.833 0.167 A4 11
15.000 0.167 B4 11
15.167 0.167 C5 11
15.333 0.167 D5 11
15.500 0.167 C5 11
15.667 0.167 B4 11
15.833 0.167 A4 11
16.000 0.667 B4 11
16.667 0.667 G4 11
18.000 0.333 E4 11
18.333 0.167 G4 11
18.500 0.167 E4 11
18.667 0.250 A4 11
20.667 0.167 C5 11
20.833 0.167 B4 11
21.000 0.167 A4 11
21.167 0.167 G4 11
21.333 0.167 A4 11
24.000 0.667 A#4 11
24.833 0.083 A#4 11
25.000 0.167 C5 11
25.167 0.167 D5 11
25.500 0.167 D5 11
25.833 0.167 D5 11
26.000 0.333 C5 11
26.333 0.333 A#4 11
26.667 0.167 A4 11
27.333 0.167 A4 11
27.500 0.167 A#4 11
27.833 0.167 C5 11
28.167 BEGIN_CYCLE
28.167 0.167 C5 11
28.500 0.167 C5 11
28.667 0.333 A#4 11
29.000 0.333 A4 11
29.333 0.167 G4 11
30.000 0.167 G4 11
30.167 0.167 A4 11
30.500 0.167 A#4 11
30.833 0.167 A#4 11
31.167 0.167 A#4 11
31.333 0.333 A4 11
31.667 0.333 G4 11
32.000 0.167 A4 11
32.667 0.167 A4 11
32.833 0.167 A#4 11
33.167 0.167 C5 11
33.500 0.167 C5 11
33.833 0.167 C5 11
34.000 0.333 A#4 11
34.333 0.250 A4 11
34.667 0.167 A#4 11
35.333 0.167 A#4 11
35.500 0.167 C5 11
35.833 0.167 D5 11
36.167 0.167 D5 11
36.500 0.167 D5 11
36.667 0.333 C5 11
37.000 0.333 A#4 11
37.333 0.167 A4 11
38.000 0.167 A4 11
38.167 0.167 A#4 11
38.500 0.167 C5 11
38.833 0.167 C5 11
39.167 0.167 C5 11
39.333 0.333 A#4 11
39.667 0.333 A4 11
40.000 0.167 G4 11
40.667 0.167 G4 11
40.833 0.167 A4 11
41.167 0.167 A#4 11
41.500 0.167 A#4 11
41.833 0.167 A#4 11
42.000 0.333 A4 11
42.333 0.333 G4 11
42.667 0.167 A4 11
43.333 0.167 A4 11
43.500 0.167 G#4 11
43.667 0.167 A4 11
43.833 1.250 D5 11
47.833 0.167 B4 11
48.000 0.167 C5 11
48.167 0.167 B4 11
48.333 0.167 A4 11
48.500 0.167 G4 11
48.833 0.167 E4 11
49.167 0.167 A4 11
50.500 0.167 A4 11
50.667 0.167 B4 11
50.833 0.167 C5 11
51.000 0.167 B4 11
51.167 0.167 A4 11
51.500 0.167 G4 11
51.833 0.167 E4 11
53.167 0.167 B4 11
53.333 0.167 C5 11
53.500 0.167 B4 11
53.667 0.167 A4 11
53.833 0.167 G4 11
54.167 0.167 E4 11
54.500 0.167 A4 11
55.833 0.167 A4 11
56.000 0.167 B4 11
56.167 0.167 C5 11
56.333 0.167 B4 11
56.500 0.167 A4 11
56.833 0.167 G4 11
57.167 0.167 E4 11
58.167 0.167 E4 11
58.333 0.167 G4 11
58.500 0.167 E4 11
58.667 0.667 A4 11
60.167 0.167 A4 11
60.333 0.167 B4 11
60.500 0.167 C5 11
60.667 0.167 D5 11
60.833 0.167 C5 11
61.000 0.167 B4 11
61.167 0.167 A4 11
61.333 0.667 B4 11
62.000 0.667 G4 11
63.333 0.333 E4 11
63.667 0.167 G4 11
63.833 0.167 E4 11
64.000 0.250 A4 11
66.000 0.167 C5 11
66.167 0.167 B4 11
66.333 0.167 A4 11
66.500 0.167 G4 11
66.667 0.167 A4 11
69.333 0.667 A#4 11
70.167 0.083 A#4 11
70.333 0.167 C5 11
70.500 0.167 D5 11
70.833 0.167 D5 11
71.167 0.167 D5 11
71.333 0.333 C5 11
71.667 0.333 A#4 11
72.000 0.167 A4 11
72.667 0.167 A4 11
72.833 0.167 A#4 11
73.167 0.167 C5 11
73.500 0.167 C5 11
73.833 0.167 C5 11
74.000 0.333 A#4 11
74.333 0.333 A4 11
74.667 0.167 G4 11
75.333 0.167 G4 11
75.500 0.167 A4 11
75.833 0.167 A#4 11
76.167 0.167 A#4 11
76.500 0.167 A#4 11
76.667 0.333 A4 11
77.000 0.333 G4 11
77.333 0.167 A4 11
78.000 0.167 A4 11
78.167 0.167 A#4 11
78.500 0.167 C5 11
78.833 0.167 C5 11
79.167 0.167 C5 11
79.333 0.333 A#4 11
79.667 0.250 A4 11
80.000 0.167 A#4 11
80.667 0.167 A#4 11
80.833 0.167 C5 11
81.167 0.167 D5 11
81.500 0.167 D5 11
81.833 0.167 D5 11
82.000 0.333 C5 11
82.333 0.333 A#4 11
82.667 0.167 A4 11
83.333 0.167 A4 11
83.500 0.167 A#4 11
83.833 0.167 C5 11
84.167 0.167 C5 11
84.500 0.167 C5 11
84.667 0.333 A#4 11
85.000 0.333 A4 11
85.333 0.167 G4 11
86.000 0.167 G4 11
86.167 0.167 A4 11
86.500 0.167 A#4 11
86.833 0.167 A#4 11
87.167 0.167 A#4 11
87.333 0.333 A4 11
87.667 0.333 G4 11
88.000 0.167 A4 11
88.667 0.167 A4 11
88.833 0.167 G#4 11
89.000 0.167 A4 11
89.167 1.250 D5 11
93.167 0.167 B4 11
93.333 0.167 C5 11
93.500 0.167 B4 11
93.667 0.167 A4 11
93.833 0.167 G4 11
94.167 0.167 E4 11
94.500 0.167 A4 11
95.833 0.167 A4 11
96.000 0.167 B4 11
96.167 0.167 C5 11
96.333 0.167 B4 11
96.500 0.167 A4 11
96.833 0.167 G4 11
97.167 0.167 E4 11
98.500 0.167 B4 11
98.667 0.167 C5 11
98.833 0.167 B4 11
99.000 0.167 A4 11
99.167 0.167 G4 11
99.500 0.167 E4 11
99.833 0.167 A4 11
101.167 0.167 A4 11
101.333 0.167 B4 11
101.500 0.167 C5 11
101.667 0.167 B4 11
101.833 0.167 A4 11
102.167 0.167 G4 11
102.500 0.167 E4 11
103.500 0.167 E4 11
103.667 0.167 G4 11
103.833 0.167 E4 11
104.000 0.667 A4 11
105.500 0.167 A4 11
105.667 0.167 B4 11
105.833 0.167 C5 11
106.000 0.167 D5 11
106.167 0.167 C5 11
106.333 0.167 B4 11
106.500 0.167 A4 11
106.667 0.667 B4 11
107.333 0.667 G4 11
108.667 0.333 E4 11
109.000 0.167 G4 11
109.167 0.167 E4 11
109.333 0.250 A4 11
111.333 0.167 C5 11
111.500 0.167 B4 11
111.667 0.167 A4 11
111.833 0.167 G4 11
112.000 0.167 A4 11
114.667 0.667 A#4 11
115.500 0.083 A#4 11
115.667 0.167 C5 11
115.833 0.167 D5 11
116.167 0.167 D5 11
116.500 0.167 D5 11
116.667 0.333 C5 11
117.000 0.333 A#4 11
117.333 0.167 A4 11
118.000 0.167 A4 11
118.167 0.167 A#4 11
118.500 0.167 C5 11
118.833 END_CYCLE

Square2(283)
time dur note vol
2.833 0.167 B4 4
3.000 0.167 C5 4
3.167 0.167 B4 4
3.333 0.167 A4 4
3.500 0.167 G4 4
3.833 0.167 E4 4
4.167 0.167 A4 4
5.500 0.167 A4 4
5.667 0.167 B4 4
5.833 0.167 C5 4
6.000 0.167 B4 4
6.167 0.167 A4 4
6.500 0.167 G4 4
6.833 0.167 E4 4
8.167 0.167 B4 4
8.333 0.167 C5 4
8.500 0.167 B4 4
8.667 0.167 A4 4
8.833 0.167 G4 4
9.167 0.167 E4 4
9.500 0.167 A4 4
10.833 0.167 A4 4
11.000 0.167 B4 4
11.167 0.167 C5 4
11.333 0.167 B4 4
11.500 0.167 A4 4
11.833 0.167 G4 4
12.167 0.167 E4 4
13.167 0.167 E4 4
13.333 0.167 G4 4
13.500 0.167 E4 4
13.667 0.667 A4 4
15.167 0.167 A4 4
15.333 0.167 B4 4
15.500 0.167 C5 4
15.667 0.167 D5 4
15.833 0.167 C5 4
16.000 0.167 B4 4
16.167 0.167 A4 4
16.333 0.667 B4 4
17.000 0.667 G4 4
18.333 0.333 E4 4
18.667 0.167 G4 4
18.833 0.167 E4 4
19.000 0.250 A4 4
21.000 0.167 C5 4
21.167 0.167 B4 4
21.333 0.167 A4 4
21.500 0.167 G4 4
21.667 0.167 A4 4
24.333 0.667 A#4 4
25.167 0.083 A#4 4
25.333 0.167 C5 4
25.500 0.167 D5 4
25.833 0.167 D5 4
26.167 0.167 D5 4
26.333 0.333 C5 4
26.667 0.333 A#4 4
27.000 0.167 A4 4
27.667 0.167 A4 4
27.833 0.167 A#4 4
28.167 BEGIN_CYCLE
28.167 0.167 C5 4
28.500 0.167 C5 4
28.833 0.167 C5 4
29.000 0.333 A#4 4
29.333 0.333 A4 4
29.667 0.167 G4 4
30.333 0.167 G4 4
30.500 0.167 A4 4
30.833 0.167 A#4 4
31.167 0.167 A#4 4
31.500 0.167 A#4 4
31.667 0.333 A4 4
32.000 0.333 G4 4
32.333 0.167 A4 4
33.000 0.167 A4 4
33.167 0.167 A#4 4
33.500 0.167 C5 4
33.833 0.167 C5 4
34.167 0.167 C5 4
34.333 0.333 A#4 4
34.667 0.250 A4 4
35.000 0.167 A#4 4
35.667 0.167 A#4 4
35.833 0.167 C5 4
36.167 0.167 D5 4
36.500 0.167 D5 4
36.833 0.167 D5 4
37.000 0.333 C5 4
37.333 0.333 A#4 4
37.667 0.167 A4 4
38.333 0.167 A4 4
38.500 0.167 A#4 4
38.833 0.167 C5 4
39.167 0.167 C5 4
39.500 0.167 C5 4
39.667 0.333 A#4 4
40.000 0.333 A4 4
40.333 0.167 G4 4
41.000 0.167 G4 4
41.167 0.167 A4 4
41.500 0.167 A#4 4
41.833 0.167 A#4 4
42.167 0.167 A#4 4
42.333 0.333 A4 4
42.667 0.333 G4 4
43.000 0.167 A4 4
43.667 0.167 A4 4
43.833 0.167 G#4 4
44.000 0.167 A4 4
44.167 1.250 D5 4
48.167 0.167 B4 4
48.333 0.167 C5 4
48.500 0.167 B4 4
48.667 0.167 A4 4
48.833 0.167 G4 4
49.167 0.167 E4 4
49.500 0.167 A4 4
50.833 0.167 A4 4
51.000 0.167 B4 4
51.167 0.167 C5 4
51.333 0.167 B4 4
51.500 0.167 A4 4
51.833 0.167 G4 4
52.167 0.167 E4 4
53.500 0.167 B4 4
53.667 0.167 C5 4
53.833 0.167 B4 4
54.000 0.167 A4 4
54.167 0.167 G4 4
54.500 0.167 E4 4
54.833 0.167 A4 4
56.167 0.167 A4 4
56.333 0.167 B4 4
56.500 0.167 C5 4
56.667 0.167 B4 4
56.833 0.167 A4 4
57.167 0.167 G4 4
57.500 0.167 E4 4
58.500 0.167 E4 4
58.667 0.167 G4 4
58.833 0.167 E4 4
59.000 0.667 A4 4
60.500 0.167 A4 4
60.667 0.167 B4 4
60.833 0.167 C5 4
61.000 0.167 D5 4
61.167 0.167 C5 4
61.333 0.167 B4 4
61.500 0.167 A4 4
61.667 0.667 B4 4
62.333 0.667 G4 4
63.667 0.333 E4 4
64.000 0.167 G4 4
64.167 0.167 E4 4
64.333 0.250 A4 4
66.333 0.167 C5 4
66.500 0.167 B4 4
66.667 0.167 A4 4
66.833 0.167 G4 4
67.000 0.167 A4 4
69.667 0.667 A#4 4
70.500 0.083 A#4 4
70.667 0.167 C5 4
70.833 0.167 D5 4
71.167 0.167 D5 4
71.500 0.167 D5 4
71.667 0.333 C5 4
72.000 0.333 A#4 4
72.333 0.167 A4 4
73.000 0.167 A4 4
73.167 0.167 A#4 4
73.500 0.167 C5 4
73.833 0.167 C5 4
74.167 0.167 C5 4
74.333 0.333 A#4 4
74.667 0.333 A4 4
75.000 0.167 G4 4
75.667 0.167 G4 4
75.833 0.167 A4 4
76.167 0.167 A#4 4
76.500 0.167 A#4 4
76.833 0.167 A#4 4
77.000 0.333 A4 4
77.333 0.333 G4 4
77.667 0.167 A4 4
78.333 0.167 A4 4
78.500 0.167 A#4 4
78.833 0.167 C5 4
79.167 0.167 C5 4
79.500 0.167 C5 4
79.667 0.333 A#4 4
80.000 0.250 A4 4
80.333 0.167 A#4 4
81.000 0.167 A#4 4
81.167 0.167 C5 4
81.500 0.167 D5 4
81.833 0.167 D5 4
82.167 0.167 D5 4
82.333 0.333 C5 4
82.667 0.333 A#4 4
83.000 0.167 A4 4
83.667 0.167 A4 4
83.833 0.167 A#4 4
84.167 0.167 C5 4
84.500 0.167 C5 4
84.833 0.167 C5 4
85.000 0.333 A#4 4
85.333 0.333 A4 4
85.667 0.167 G4 4
86.333 0.167 G4 4
86.500 0.167 A4 4
86.833 0.167 A#4 4
87.167 0.167 A#4 4
87.500 0.167 A#4 4
87.667 0.333 A4 4
88.000 0.333 G4 4
88.333 0.167 A4 4
89.000 0.167 A4 4
89.167 0.167 G#4 4
89.333 0.167 A4 4
89.500 1.250 D5 4
93.500 0.167 B4 4
93.667 0.167 C5 4
93.833 0.167 B4 4
94.000 0.167 A4 4
94.167 0.167 G4 4
94.500 0.167 E4 4
94.833 0.167 A4 4
96.167 0.167 A4 4
96.333 0.167 B4 4
96.500 0.167 C5 4
96.667 0.167 B4 4
96.833 0.167 A4 4
97.167 0.167 G4 4
97.500 0.167 E4 4
98.833 0.167 B4 4
99.000 0.167 C5 4
99.167 0.167 B4 4
99.333 0.167 A4 4
99.500 0.167 G4 4
99.833 0.167 E4 4
100.167 0.167 A4 4
101.500 0.167 A4 4
101.667 0.167 B4 4
101.833 0.167 C5 4
102.000 0.167 B4 4
102.167 0.167 A4 4
102.500 0.167 G4 4
102.833 0.167 E4 4
103.833 0.167 E4 4
104.000 0.167 G4 4
104.167 0.167 E4 4
104.333 0.667 A4 4
105.833 0.167 A4 4
106.000 0.167 B4 4
106.167 0.167 C5 4
106.333 0.167 D5 4
106.500 0.167 C5 4
106.667 0.167 B4 4
106.833 0.167 A4 4
107.000 0.667 B4 4
107.667 0.667 G4 4
109.000 0.333 E4 4
109.333 0.167 G4 4
109.500 0.167 E4 4
109.667 0.250 A4 4
111.667 0.167 C5 4
111.833 0.167 B4 4
112.000 0.167 A4 4
112.167 0.167 G4 4
112.333 0.167 A4 4
115.000 0.667 A#4 4
115.833 0.083 A#4 4
116.000 0.167 C5 4
116.167 0.167 D5 4
116.500 0.167 D5 4
116.833 0.167 D5 4
117.000 0.333 C5 4
117.333 0.333 A#4 4
117.667 0.167 A4 4
118.333 0.167 A4 4
118.500 0.167 A#4 4
118.833 END_CYCLE

Triangle(446)
time dur note vol
0.000 0.167 D4 15
0.333 0.167 A4 15
0.500 0.167 D4 15
0.667 0.167 G4 15
0.833 0.167 A4 15
1.167 0.167 D4 15
1.500 0.167 A4 15
1.833 0.167 D4 15
2.000 0.333 G4 15
2.333 0.250 C4 15
2.667 0.167 D4 15
3.000 0.167 A4 15
3.167 0.167 D4 15
3.333 0.167 G4 15
3.500 0.167 A4 15
3.833 0.167 D4 15
4.167 0.167 A4 15
4.500 0.167 D4 15
4.667 0.333 G4 15
5.000 0.250 C4 15
5.333 0.167 D4 15
5.667 0.167 A4 15
5.833 0.167 D4 15
6.000 0.167 G4 15
6.167 0.167 A4 15
6.500 0.167 D4 15
6.833 0.167 A4 15
7.167 0.167 D4 15
7.333 0.333 G4 15
7.667 0.250 C4 15
8.000 0.167 D4 15
8.333 0.167 A4 15
8.500 0.167 D4 15
8.667 0.167 G4 15
8.833 0.167 A4 15
9.167 0.167 D4 15
9.500 0.167 A4 15
9.833 0.167 D4 15
10.000 0.333 G4 15
10.333 0.250 C4 15
10.667 0.167 D4 15
11.000 0.167 A4 15
11.167 0.167 D4 15
11.333 0.167 G4 15
11.500 0.167 A4 15
11.833 0.167 D4 15
12.167 0.167 A4 15
12.500 0.167 D4 15
12.667 0.333 G4 15
13.000 0.250 C4 15
13.333 0.167 F4 15
13.667 0.167 F5 15
13.833 0.167 F4 15
14.000 0.167 C5 15
14.167 0.167 D5 15
14.500 0.167 F4 15
14.833 0.167 F5 15
15.167 0.167 F4 15
15.333 0.333 D#5 15
15.667 0.250 C5 15
16.000 0.167 G4 15
16.333 0.167 D5 15
16.500 0.167 G4 15
16.667 0.167 C5 15
16.833 0.167 D5 15
17.167 0.167 G4 15
17.500 0.167 D5 15
17.833 0.167 G4 15
18.000 0.333 C5 15
18.333 0.250 G4 15
18.667 0.167 A3 15
19.000 0.167 A4 15
19.167 0.167 E4 15
19.333 0.167 G4 15
19.500 0.167 A4 15
19.833 0.167 A3 15
20.167 0.167 A4 15
20.500 0.167 E4 15
20.667 0.333 G4 15
21.000 0.250 A4 15
21.333 0.167 A3 15
21.667 0.167 A4 15
21.833 0.167 E4 15
22.000 0.167 G4 15
22.167 0.167 A4 15
22.500 0.167 A3 15
22.833 0.167 A4 15
23.167 0.167 E4 15
23.333 0.333 G4 15
23.667 0.250 A4 15
24.000 0.167 A#3 15
24.333 0.167 A#4 15
24.500 0.167 F4 15
24.667 0.167 G#4 15
24.833 0.167 A#4 15
25.167 0.167 A#3 15
25.500 0.167 A#4 15
25.833 0.167 F4 15
26.000 0.333 G#4 15
26.333 0.250 A#4 15
26.667 0.167 A3 15
27.000 0.167 A4 15
27.167 0.167 E4 15
27.333 0.167 G4 15
27.500 0.167 A4 15
27.833 0.167 A3 15
28.167 BEGIN_CYCLE
28.167 0.167 A4 15
28.500 0.167 E4 15
28.667 0.333 G4 15
29.000 0.250 A4 15
29.333 0.167 D#3 15
29.667 0.167 D#4 15
29.833 0.167 A#3 15
30.000 0.167 C#4 15
30.167 0.167 D#4 15
30.500 0.167 D#3 15
30.833 0.167 D#4 15
31.167 0.167 A#3 15
31.333 0.333 C#4 15
31.667 0.250 D#4 15
32.000 0.167 F3 15
32.333 0.167 F4 15
32.500 0.167 C4 15
32.667 0.167 D#4 15
32.833 0.167 F4 15
33.167 0.167 F3 15
33.500 0.167 F4 15
33.833 0.167 C4 15
34.000 0.333 D#4 15
34.333 0.250 F4 15
34.667 0.167 G3 15
35.000 0.167 G4 15
35.167 0.167 D4 15
35.333 0.167 F4 15
35.500 0.167 G4 15
35.833 0.167 G3 15
36.167 0.167 G4 15
36.500 0.167 D4 15
36.667 0.333 F4 15
37.000 0.250 G4 15
37.333 0.167 F3 15
37.667 0.167 F4 15
37.833 0.167 C4 15
38.000 0.167 D#4 15
38.167 0.167 F4 15
38.500 0.167 F3 15
38.833 0.167 F4 15
39.167 0.167 C4 15
39.333 0.333 D#4 15
39.667 0.250 F4 15
40.000 0.167 D#3 15
40.333 0.167 D#4 15
40.500 0.167 A#3 15
40.667 0.167 C#4 15
40.833 0.167 D#4 15
41.167 0.167 D#3 15
41.500 0.167 D#4 15
41.833 0.167 A#3 15
42.000 0.333 C#4 15
42.333 0.250 D#4 15
42.667 0.167 D4 15
43.000 0.167 A4 15
43.167 0.167 D4 15
43.333 0.167 G4 15
43.500 0.167 A4 15
43.833 0.167 D4 15
44.167 0.167 A4 15
44.500 0.167 D4 15
44.667 0.333 G4 15
45.000 0.250 C4 15
45.333 0.167 D4 15
45.667 0.167 A4 15
45.833 0.167 D4 15
46.000 0.167 G4 15
46.167 0.167 A4 15
46.500 0.167 D4 15
46.833 0.167 A4 15
47.167 0.167 D4 15
47.333 0.333 G4 15
47.667 0.250 C4 15
48.000 0.167 D4 15
48.333 0.167 A4 15
48.500 0.167 D4 15
48.667 0.167 G4 15
48.833 0.167 A4 15
49.167 0.167 D4 15
49.500 0.167 A4 15
49.833 0.167 D4 15
50.000 0.333 G4 15
50.333 0.250 C4 15
50.667 0.167 D4 15
51.000 0.167 A4 15
51.167 0.167 D4 15
51.333 0.167 G4 15
51.500 0.167 A4 15
51.833 0.167 D4 15
52.167 0.167 A4 15
52.500 0.167 D4 15
52.667 0.333 G4 15
53.000 0.250 C4 15
53.333 0.167 D4 15
53.667 0.167 A4 15
53.833 0.167 D4 15
54.000 0.167 G4 15
54.167 0.167 A4 15
54.500 0.167 D4 15
54.833 0.167 A4 15
55.167 0.167 D4 15
55.333 0.333 G4 15
55.667 0.250 C4 15
56.000 0.167 D4 15
56.333 0.167 A4 15
56.500 0.167 D4 15
56.667 0.167 G4 15
56.833 0.167 A4 15
57.167 0.167 D4 15
57.500 0.167 A4 15
57.833 0.167 D4 15
58.000 0.333 G4 15
58.333 0.250 C4 15
58.667 0.167 F4 15
59.000 0.167 F5 15
59.167 0.167 F4 15
59.333 0.167 C5 15
59.500 0.167 D5 15
59.833 0.167 F4 15
60.167 0.167 F5 15
60.500 0.167 F4 15
60.667 0.333 D#5 15
61.000 0.250 C5 15
61.333 0.167 G4 15
61.667 0.167 D5 15
61.833 0.167 G4 15
62.000 0.167 C5 15
62.167 0.167 D5 15
62.500 0.167 G4 15
62.833 0.167 D5 15
63.167 0.167 G4 15
63.333 0.333 C5 15
63.667 0.250 G4 15
64.000 0.167 A3 15
64.333 0.167 A4 15
64.500 0.167 E4 15
64.667 0.167 G4 15
64.833 0.167 A4 15
65.167 0.167 A3 15
65.500 0.167 A4 15
65.833 0.167 E4 15
66.000 0.333 G4 15
66.333 0.250 A4 15
66.667 0.167 A3 15
67.000 0.167 A4 15
67.167 0.167 E4 15
67.333 0.167 G4 15
67.500 0.167 A4 15
67.833 0.167 A3 15
68.167 0.167 A4 15
68.500 0.167 E4 15
68.667 0.333 G4 15
69.000 0.250 A4 15
69.333 0.167 A#3 15
69.667 0.167 A#4 15
69.833 0.167 F4 15
70.000 0.167 G#4 15
70.167 0.167 A#4 15
70.500 0.167 A#3 15
70.833 0.167 A#4 15
71.167 0.167 F4 15
71.333 0.333 G#4 15
71.667 0.250 A#4 15
72.000 0.167 A3 15
72.333 0.167 A4 15
72.500 0.167 E4 15
72.667 0.167 G4 15
72.833 0.167 A4 15
73.167 0.167 A3 15
73.500 0.167 A4 15
73.833 0.167 E4 15
74.000 0.333 G4 15
74.333 0.250 A4 15
74.667 0.167 D#3 15
75.000 0.167 D#4 15
75.167 0.167 A#3 15
75.333 0.167 C#4 15
75.500 0.167 D#4 15
75.833 0.167 D#3 15
76.167 0.167 D#4 15
76.500 0.167 A#3 15
76.667 0.333 C#4 15
77.000 0.250 D#4 15
77.333 0.167 F3 15
77.667 0.167 F4 15
77.833 0.167 C4 15
78.000 0.167 D#4 15
78.167 0.167 F4 15
78.500 0.167 F3 15
78.833 0.167 F4 15
79.167 0.167 C4 15
79.333 0.333 D#4 15
79.667 0.250 F4 15
80.000 0.167 G3 15
80.333 0.167 G4 15
80.500 0.167 D4 15
80.667 0.167 F4 15
80.833 0.167 G4 15
81.167 0.167 G3 15
81.500 0.167 G4 15
81.833 0.167 D4 15
82.000 0.333 F4 15
82.333 0.250 G4 15
82.667 0.167 F3 15
83.000 0.167 F4 15
83.167 0.167 C4 15
83.333 0.167 D#4 15
83.500 0.167 F4 15
83.833 0.167 F3 15
84.167 0.167 F4 15
84.500 0.167 C4 15
84.667 0.333 D#4 15
85.000 0.250 F4 15
85.333 0.167 D#3 15
85.667 0.167 D#4 15
85.833 0.167 A#3 15
86.000 0.167 C#4 15
86.167 0.167 D#4 15
86.500 0.167 D#3 15
86.833 0.167 D#4 15
87.167 0.167 A#3 15
87.333 0.333 C#4 15
87.667 0.250 D#4 15
88.000 0.167 D4 15
88.333 0.167 A4 15
88.500 0.167 D4 15
88.667 0.167 G4 15
88.833 0.167 A4 15
89.167 0.167 D4 15
89.500 0.167 A4 15
89.833 0.167 D4 15
90.000 0.333 G4 15
90.333 0.250 C4 15
90.667 0.167 D4 15
91.000 0.167 A4 15
91.167 0.167 D4 15
91.333 0.167 G4 15
91.500 0.167 A4 15
91.833 0.167 D4 15
92.167 0.167 A4 15
92.500 0.167 D4 15
92.667 0.333 G4 15
93.000 0.250 C4 15
93.333 0.167 D4 15
93.667 0.167 A4 15
93.833 0.167 D4 15
94.000 0.167 G4 15
94.167 0.167 A4 15
94.500 0.167 D4 15
94.833 0.167 A4 15
95.167 0.167 D4 15
95.333 0.333 G4 15
95.667 0.250 C4 15
96.000 0.167 D4 15
96.333 0.167 A4 15
96.500 0.167 D4 15
96.667 0.167 G4 15
96.833 0.167 A4 15
97.167 0.167 D4 15
97.500 0.167 A4 15
97.833 0.167 D4 15
98.000 0.333 G4 15
98.333 0.250 C4 15
98.667 0.167 D4 15
99.000 0.167 A4 15
99.167 0.167 D4 15
99.333 0.167 G4 15
99.500 0.167 A4 15
99.833 0.167 D4 15
100.167 0.167 A4 15
100.500 0.167 D4 15
100.667 0.333 G4 15
101.000 0.250 C4 15
101.333 0.167 D4 15
101.667 0.167 A4 15
101.833 0.167 D4 15
102.000 0.167 G4 15
102.167 0.167 A4 15
102.500 0.167 D4 15
102.833 0.167 A4 15
103.167 0.167 D4 15
103.333 0.333 G4 15
103.667 0.250 C4 15
104.000 0.167 F4 15
104.333 0.167 F5 15
104.500 0.167 F4 15
104.667 0.167 C5 15
104.833 0.167 D5 15
105.167 0.167 F4 15
105.500 0.167 F5 15
105.833 0.167 F4 15
106.000 0.333 D#5 15
106.333 0.250 C5 15
106.667 0.167 G4 15
107.000 0.167 D5 15
107.167 0.167 G4 15
107.333 0.167 C5 15
107.500 0.167 D5 15
107.833 0.167 G4 15
108.167 0.167 D5 15
108.500 0.167 G4 15
108.667 0.333 C5 15
109.000 0.250 G4 15
109.333 0.167 A3 15
109.667 0.167 A4 15
109.833 0.167 E4 15
110.000 0.167 G4 15
110.167 0.167 A4 15
110.500 0.167 A3 15
110.833 0.167 A4 15
111.167 0.167 E4 15
111.333 0.333 G4 15
111.667 0.250 A4 15
112.000 0.167 A3 15
112.333 0.167 A4 15
112.500 0.167 E4 15
112.667 0.167 G4 15
112.833 0.167 A4 15
113.167 0.167 A3 15
113.500 0.167 A4 15
113.833 0.167 E4 15
114.000 0.333 G4 15
114.333 0.250 A4 15
114.667 0.167 A#3 15
115.000 0.167 A#4 15
115.167 0.167 F4 15
115.333 0.167 G#4 15
115.500 0.167 A#4 15
115.833 0.167 A#3 15
116.167 0.167 A#4 15
116.500 0.167 F4 15
116.667 0.333 G#4 15
117.000 0.250 A#4 15
117.333 0.167 A3 15
117.667 0.167 A4 15
117.833 0.167 E4 15
118.000 0.167 G4 15
118.167 0.167 A4 15
118.500 0.167 A3 15
118.833 END_CYCLE

Noise(381)
time dur noise vol drum
0.000 0.067 0 13 hihat_closed
0.500 0.067 0 13 hihat_closed
0.667 0.067 3 12 snare_body
1.167 0.067 0 13 hihat_closed
1.500 0.067 0 13 hihat_closed
1.833 0.067 0 13 hihat_closed
2.000 0.067 3 12 snare_body
2.333 0.067 3 12 snare_body
2.667 0.067 0 13 hihat_closed
3.167 0.067 0 13 hihat_closed
3.333 0.067 3 12 snare_body
3.833 0.067 0 13 hihat_closed
4.167 0.067 0 13 hihat_closed
4.500 0.067 0 13 hihat_closed
4.667 0.067 3 12 snare_body
5.000 0.067 3 12 snare_body
5.333 0.067 0 13 hihat_closed
5.833 0.067 0 13 hihat_closed
6.000 0.067 3 12 snare_body
6.500 0.067 0 13 hihat_closed
6.833 0.067 0 13 hihat_closed
7.167 0.067 0 13 hihat_closed
7.333 0.067 3 12 snare_body
7.667 0.067 3 12 snare_body
8.000 0.067 0 13 hihat_closed
8.500 0.067 0 13 hihat_closed
8.667 0.067 3 12 snare_body
9.167 0.067 0 13 hihat_closed
9.500 0.067 0 13 hihat_closed
9.833 0.067 0 13 hihat_closed
10.000 0.067 3 12 snare_body
10.333 0.067 3 12 snare_body
10.667 0.067 0 13 hihat_closed
11.167 0.067 0 13 hihat_closed
11.333 0.067 3 12 snare_body
11.833 0.067 0 13 hihat_closed
12.167 0.067 0 13 hihat_closed
12.500 0.067 0 13 hihat_closed
12.667 0.067 3 12 snare_body
13.000 0.067 3 12 snare_body
13.333 0.067 0 13 hihat_closed
13.833 0.067 0 13 hihat_closed
14.000 0.067 3 12 snare_body
14.500 0.067 0 13 hihat_closed
14.833 0.067 0 13 hihat_closed
15.167 0.067 0 13 hihat_closed
15.333 0.067 3 12 snare_body
15.667 0.067 3 12 snare_body
16.000 0.067 0 13 hihat_closed
16.500 0.067 0 13 hihat_closed
16.667 0.067 3 12 snare_body
17.167 0.067 0 13 hihat_closed
17.500 0.067 0 13 hihat_closed
17.833 0.067 0 13 hihat_closed
18.000 0.067 3 12 snare_body
18.333 0.067 3 12 snare_body
18.667 0.067 0 13 hihat_closed
19.167 0.067 0 13 hihat_closed
19.333 0.067 3 12 snare_body
19.833 0.067 0 13 hihat_closed
20.167 0.067 0 13 hihat_closed
20.500 0.067 0 13 hihat_closed
20.667 0.067 3 12 snare_body
21.000 0.067 3 12 snare_body
21.333 0.067 0 13 hihat_closed
21.833 0.067 0 13 hihat_closed
22.000 0.067 3 12 snare_body
22.500 0.067 0 13 hihat_closed
22.833 0.067 0 13 hihat_closed
23.167 0.067 0 13 hihat_closed
23.333 0.067 3 12 snare_body
23.500 0.067 3 12 snare_body
23.667 0.067 3 12 snare_body
23.833 BEGIN_CYCLE
23.833 0.067 3 12 snare_body
24.000 0.067 0 13 hihat_closed
24.500 0.067 0 13 hihat_closed
24.667 0.067 3 12 snare_body
25.167 0.067 0 13 hihat_closed
25.500 0.067 0 13 hihat_closed
25.833 0.067 0 13 hihat_closed
26.000 0.067 3 12 snare_body
26.167 0.067 0 13 hihat_closed
26.333 0.067 3 12 snare_body
26.500 0.067 0 13 hihat_closed
26.667 0.067 0 13 hihat_closed
27.167 0.067 0 13 hihat_closed
27.333 0.067 3 12 snare_body
27.833 0.067 0 13 hihat_closed
28.167 0.067 0 13 hihat_closed
28.500 0.067 0 13 hihat_closed
28.667 0.067 3 12 snare_body
28.833 0.067 0 13 hihat_closed
29.000 0.067 3 12 snare_body
29.167 0.067 0 13 hihat_closed
29.333 0.067 0 13 hihat_closed
29.833 0.067 0 13 hihat_closed
30.000 0.067 3 12 snare_body
30.500 0.067 0 13 hihat_closed
30.833 0.067 0 13 hihat_closed
31.167 0.067 0 13 hihat_closed
31.333 0.067 3 12 snare_body
31.500 0.067 0 13 hihat_closed
31.667 0.067 3 12 snare_body
31.833 0.067 0 13 hihat_closed
32.000 0.067 0 13 hihat_closed
32.500 0.067 0 13 hihat_closed
32.667 0.067 3 12 snare_body
33.167 0.067 0 13 hihat_closed
33.500 0.067 0 13 hihat_closed
33.833 0.067 0 13 hihat_closed
34.000 0.067 3 12 snare_body
34.167 0.067 0 13 hihat_closed
34.333 0.067 3 12 snare_body
34.500 0.067 0 13 hihat_closed
34.667 0.067 0 13 hihat_closed
35.167 0.067 0 13 hihat_closed
35.333 0.067 3 12 snare_body
35.833 0.067 0 13 hihat_closed
36.167 0.067 0 13 hihat_closed
36.500 0.067 0 13 hihat_closed
36.667 0.067 3 12 snare_body
36.833 0.067 0 13 hihat_closed
37.000 0.067 3 12 snare_body
37.167 0.067 0 13 hihat_closed
37.333 0.067 0 13 hihat_closed
37.833 0.067 0 13 hihat_closed
38.000 0.067 3 12 snare_body
38.500 0.067 0 13 hihat_closed
38.833 0.067 0 13 hihat_closed
39.167 0.067 0 13 hihat_closed
39.333 0.067 3 12 snare_body
39.500 0.067 0 13 hihat_closed
39.667 0.067 3 12 snare_body
39.833 0.067 0 13 hihat_closed
40.000 0.067 0 13 hihat_closed
40.500 0.067 0 13 hihat_closed
40.667 0.067 3 12 snare_body
41.167 0.067 0 13 hihat_closed
41.500 0.067 0 13 hihat_closed
41.833 0.067 0 13 hihat_closed
42.000 0.067 3 12 snare_body
42.167 0.067 0 13 hihat_closed
42.333 0.067 3 12 snare_body
42.500 0.067 0 13 hihat_closed
42.667 0.067 0 13 hihat_closed
43.167 0.067 0 13 hihat_closed
43.333 0.067 3 12 snare_body
43.833 0.067 0 13 hihat_closed
44.167 0.067 0 13 hihat_closed
44.500 0.067 0 13 hihat_closed
44.667 0.067 3 12 snare_body
44.833 0.067 0 13 hihat_closed
45.000 0.067 3 12 snare_body
45.167 0.067 0 13 hihat_closed
45.333 0.067 0 13 hihat_closed
45.833 0.067 0 13 hihat_closed
46.000 0.067 3 12 snare_body
46.500 0.067 0 13 hihat_closed
46.833 0.067 0 13 hihat_closed
47.167 0.067 0 13 hihat_closed
47.333 0.067 3 12 snare_body
47.667 0.067 3 12 snare_body
48.000 0.067 0 13 hihat_closed
48.500 0.067 0 13 hihat_closed
48.667 0.067 3 12 snare_body
49.167 0.067 0 13 hihat_closed
49.500 0.067 0 13 hihat_closed
49.833 0.067 0 13 hihat_closed
50.000 0.067 3 12 snare_body
50.333 0.067 3 12 snare_body
50.667 0.067 0 13 hihat_closed
51.167 0.067 0 13 hihat_closed
51.333 0.067 3 12 snare_body
51.833 0.067 0 13 hihat_closed
52.167 0.067 0 13 hihat_closed
52.500 0.067 0 13 hihat_closed
52.667 0.067 3 12 snare_body
53.000 0.067 3 12 snare_body
53.333 0.067 0 13 hihat_closed
53.833 0.067 0 13 hihat_closed
54.000 0.067 3 12 snare_body
54.500 0.067 0 13 hihat_closed
54.833 0.067 0 13 hihat_closed
55.167 0.067 0 13 hihat_closed
55.333 0.067 3 12 snare_body
55.667 0.067 3 12 snare_body
56.000 0.067 0 13 hihat_closed
56.500 0.067 0 13 hihat_closed
56.667 0.067 3 12 snare_body
57.167 0.067 0 13 hihat_closed
57.500 0.067 0 13 hihat_closed
57.833 0.067 0 13 hihat_closed
58.000 0.067 3 12 snare_body
58.333 0.067 3 12 snare_body
58.667 0.067 0 13 hihat_closed
59.167 0.067 0 13 hihat_closed
59.333 0.067 3 12 snare_body
59.833 0.067 0 13 hihat_closed
60.167 0.067 0 13 hihat_closed
60.500 0.067 0 13 hihat_closed
60.667 0.067 3 12 snare_body
61.000 0.067 3 12 snare_body
61.333 0.067 0 13 hihat_closed
61.833 0.067 0 13 hihat_closed
62.000 0.067 3 12 snare_body
62.500 0.067 0 13 hihat_closed
62.833 0.067 0 13 hihat_closed
63.167 0.067 0 13 hihat_closed
63.333 0.067 3 12 snare_body
63.667 0.067 3 12 snare_body
64.000 0.067 0 13 hihat_closed
64.500 0.067 0 13 hihat_closed
64.667 0.067 3 12 snare_body
65.167 0.067 0 13 hihat_closed
65.500 0.067 0 13 hihat_closed
65.833 0.067 0 13 hihat_closed
66.000 0.067 3 12 snare_body
66.333 0.067 3 12 snare_body
66.667 0.067 0 13 hihat_closed
67.167 0.067 0 13 hihat_closed
67.333 0.067 3 12 snare_body
67.833 0.067 0 13 hihat_closed
68.167 0.067 0 13 hihat_closed
68.500 0.067 0 13 hihat_closed
68.667 0.067 3 12 snare_body
68.833 0.067 3 12 snare_body
69.000 0.067 3 12 snare_body
69.167 0.067 3 12 snare_body
69.333 0.067 0 13 hihat_closed
69.833 0.067 0 13 hihat_closed
70.000 0.067 3 12 snare_body
70.500 0.067 0 13 hihat_closed
70.833 0.067 0 13 hihat_closed
71.167 0.067 0 13 hihat_closed
71.333 0.067 3 12 snare_body
71.500 0.067 0 13 hihat_closed
71.667 0.067 3 12 snare_body
71.833 0.067 0 13 hihat_closed
72.000 0.067 0 13 hihat_closed
72.500 0.067 0 13 hihat_closed
72.667 0.067 3 12 snare_body
73.167 0.067 0 13 hihat_closed
73.500 0.067 0 13 hihat_closed
73.833 0.067 0 13 hihat_closed
74.000 0.067 3 12 snare_body
74.167 0.067 0 13 hihat_closed
74.333 0.067 3 12 snare_body
74.500 0.067 0 13 hihat_closed
74.667 0.067 0 13 hihat_closed
75.167 0.067 0 13 hihat_closed
75.333 0.067 3 12 snare_body
75.833 0.067 0 13 hihat_closed
76.167 0.067 0 13 hihat_closed
76.500 0.067 0 13 hihat_closed
76.667 0.067 3 12 snare_body
76.833 0.067 0 13 hihat_closed
77.000 0.067 3 12 snare_body
77.167 0.067 0 13 hihat_closed
77.333 0.067 0 13 hihat_closed
77.833 0.067 0 13 hihat_closed
78.000 0.067 3 12 snare_body
78.500 0.067 0 13 hihat_closed
78.833 0.067 0 13 hihat_closed
79.167 0.067 0 13 hihat_closed
79.333 0.067 3 12 snare_body
79.500 0.067 0 13 hihat_closed
79.667 0.067 3 12 snare_body
79.833 0.067 0 13 hihat_closed
80.000 0.067 0 13 hihat_closed
80.500 0.067 0 13 hihat_closed
80.667 0.067 3 12 snare_body
81.167 0.067 0 13 hihat_closed
81.500 0.067 0 13 hihat_closed
81.833 0.067 0 13 hihat_closed
82.000 0.067 3 12 snare_body
82.167 0.067 0 13 hihat_closed
82.333 0.067 3 12 snare_body
82.500 0.067 0 13 hihat_closed
82.667 0.067 0 13 hihat_closed
83.167 0.067 0 13 hihat_closed
83.333 0.067 3 12 snare_body
83.833 0.067 0 13 hihat_closed
84.167 0.067 0 13 hihat_closed
84.500 0.067 0 13 hihat_closed
84.667 0.067 3 12 snare_body
84.833 0.067 0 13 hihat_closed
85.000 0.067 3 12 snare_body
85.167 0.067 0 13 hihat_closed
85.333 0.067 0 13 hihat_closed
85.833 0.067 0 13 hihat_closed
86.000 0.067 3 12 snare_body
86.500 0.067 0 13 hihat_closed
86.833 0.067 0 13 hihat_closed
87.167 0.067 0 13 hihat_closed
87.333 0.067 3 12 snare_body
87.500 0.067 0 13 hihat_closed
87.667 0.067 3 12 snare_body
87.833 0.067 0 13 hihat_closed
88.000 0.067 0 13 hihat_closed
88.500 0.067 0 13 hihat_closed
88.667 0.067 3 12 snare_body
89.167 0.067 0 13 hihat_closed
89.500 0.067 0 13 hihat_closed
89.833 0.067 0 13 hihat_closed
90.000 0.067 3 12 snare_body
90.167 0.067 0 13 hihat_closed
90.333 0.067 3 12 snare_body
90.500 0.067 0 13 hihat_closed
90.667 0.067 0 13 hihat_closed
91.167 0.067 0 13 hihat_closed
91.333 0.067 3 12 snare_body
91.833 0.067 0 13 hihat_closed
92.167 0.067 0 13 hihat_closed
92.500 0.067 0 13 hihat_closed
92.667 0.067 3 12 snare_body
93.000 0.067 3 12 snare_body
93.333 0.067 0 13 hihat_closed
93.833 0.067 0 13 hihat_closed
94.000 0.067 3 12 snare_body
94.500 0.067 0 13 hihat_closed
94.833 0.067 0 13 hihat_closed
95.167 0.067 0 13 hihat_closed
95.333 0.067 3 12 snare_body
95.667 0.067 3 12 snare_body
96.000 0.067 0 13 hihat_closed
96.500 0.067 0 13 hihat_closed
96.667 0.067 3 12 snare_body
97.167 0.067 0 13 hihat_closed
97.500 0.067 0 13 hihat_closed
97.833 0.067 0 13 hihat_closed
98.000 0.067 3 12 snare_body
98.333 0.067 3 12 snare_body
98.667 0.067 0 13 hihat_closed
99.167 0.067 0 13 hihat_closed
99.333 0.067 3 12 snare_body
99.833 0.067 0 13 hihat_closed
100.167 0.067 0 13 hihat_closed
100.500 0.067 0 13 hihat_closed
100.667 0.067 3 12 snare_body
101.000 0.067 3 12 snare_body
101.333 0.067 0 13 hihat_closed
101.833 0.067 0 13 hihat_closed
102.000 0.067 3 12 snare_body
102.500 0.067 0 13 hihat_closed
102.833 0.067 0 13 hihat_closed
103.167 0.067 0 13 hihat_closed
103.333 0.067 3 12 snare_body
103.667 0.067 3 12 snare_body
104.000 0.067 0 13 hihat_closed
104.500 0.067 0 13 hihat_closed
104.667 0.067 3 12 snare_body
105.167 0.067 0 13 hihat_closed
105.500 0.067 0 13 hihat_closed
105.833 0.067 0 13 hihat_closed
106.000 0.067 3 12 snare_body
106.333 0.067 3 12 snare_body
106.667 0.067 0 13 hihat_closed
107.167 0.067 0 13 hihat_closed
107.333 0.067 3 12 snare_body
107.833 0.067 0 13 hihat_closed
108.167 0.067 0 13 hihat_closed
108.500 0.067 0 13 hihat_closed
108.667 0.067 3 12 snare_body
109.000 0.067 3 12 snare_body
109.333 0.067 0 13 hihat_closed
109.833 0.067 0 13 hihat_closed
110.000 0.067 3 12 snare_body
110.500 0.067 0 13 hihat_closed
110.833 0.067 0 13 hihat_closed
111.167 0.067 0 13 hihat_closed
111.333 0.067 3 12 snare_body
111.667 0.067 3 12 snare_body
112.000 0.067 0 13 hihat_closed
112.500 0.067 0 13 hihat_closed
112.667 0.067 3 12 snare_body
113.167 0.067 0 13 hihat_closed
113.500 0.067 0 13 hihat_closed
113.833 0.067 0 13 hihat_closed
114.000 0.067 3 12 snare_body
114.167 0.067 3 12 snare_body
114.333 0.067 3 12 snare_body
114.500 END_CYCLE
