ducktales2.nsf track=8 framerate=60

Square1(646)
time dur note vol
0.000 0.100 A#2 10
0.500 0.400 C#3 10
0.900 0.100 F3 10
1.200 0.100 D#3 10
1.700 0.300 G2 10
2.000 0.100 G#2 10
2.100 0.100 A#2 10
2.400 0.100 A#2 10
2.900 0.400 C#3 10
3.300 0.100 F3 10
3.600 0.100 D#3 10
4.100 0.300 G2 10
4.400 0.100 G#2 10
4.500 0.100 A#2 10
4.800 0.100 A#2 10
5.300 0.400 C#3 10
5.700 0.100 F3 10
6.000 0.100 D#3 10
6.500 0.300 G2 10
6.800 0.100 G#2 10
6.900 0.100 A#2 10
7.200 0.100 A#2 10
7.700 0.400 C#3 10
8.100 0.100 F3 10
8.400 0.100 D#3 10
8.900 0.300 G2 10
9.200 0.100 G#2 10
9.300 0.100 A#2 10
9.600 0.200 G#4 10
9.800 0.100 D#4 10
9.900 0.200 G#4 10
10.100 0.300 B4 10
10.400 0.100 G#4 10
10.500 0.100 D#4 10
10.800 0.200 G#4 10
11.000 0.100 D#4 10
11.100 0.200 G#4 10
11.300 0.300 B4 10
11.600 0.100 G#4 10
11.700 0.100 D#4 10
12.000 0.200 A#4 10
12.300 0.200 C#5 10
12.600 0.200 A#4 10
12.900 0.200 F#4 10
13.200 0.033 A4 10
13.233 0.167 A#4 15
13.400 0.100 C#5 10
13.700 0.400 A#4 10
14.100 0.200 F#4 10
14.400 0.200 G#4 10
14.600 0.100 D#4 10
14.700 0.200 G#4 10
14.900 0.300 B4 10
15.200 0.100 G#4 10
15.300 0.100 D#4 10
15.600 0.200 G#4 10
15.800 0.100 D#4 10
15.900 0.200 G#4 10
16.100 0.300 B4 10
16.400 0.100 G#4 10
16.500 0.100 D#4 10
16.800 0.200 A#4 10
17.100 0.200 C#5 10
17.400 0.200 A#4 10
17.700 0.200 F#4 10
18.000 0.033 D5 10
18.033 0.167 D#5 15
18.200 0.100 C#5 10
18.500 0.300 B4 10
18.800 0.100 C#5 10
18.900 0.200 D#5 10
19.200 0.200 E5 10
19.400 0.100 D#5 10
19.500 0.200 E5 10
19.700 0.300 C#5 10
20.000 0.100 G#4 10
20.100 0.200 C#5 10
20.300 0.300 E5 10
20.600 0.100 D#5 10
20.700 0.200 E5 10
20.900 0.100 C#5 10
21.000 0.200 F#5 10
21.200 0.300 E5 10
21.500 0.100 D#5 10
21.600 0.300 G#5 10
21.900 0.200 F#5 10
22.100 0.100 G#5 10
22.400 0.100 F#5 10
22.500 0.200 G#5 10
22.700 0.100 F#5 10
22.800 0.033 G5 10
22.833 0.167 G#5 15
23.000 0.100 C#6 10
23.300 0.300 G#5 10
23.600 0.300 F#5 10
23.900 0.100 D#5 10
24.000 0.200 E5 10
24.200 0.100 D#5 10
24.300 0.200 E5 10
24.500 0.300 C#5 10
24.800 0.100 G#4 10
24.900 0.200 C#5 10
25.100 0.300 E5 10
25.400 0.100 D#5 10
25.500 0.200 E5 10
25.700 0.100 C#5 10
25.800 0.200 F#5 10
26.000 0.300 E5 10
26.300 0.100 D#5 10
26.400 0.200 C#5 10
26.600 0.100 C#4 10
26.700 0.200 E4 10
26.900 0.300 G#4 10
27.200 0.100 C#4 10
27.300 0.200 E4 10
27.500 0.300 G#4 10
27.800 0.100 C#4 10
27.900 0.200 E4 10
28.100 0.300 G#4 10
28.400 0.100 E4 10
28.500 0.200 G#4 10
28.700 0.100 C#5 10
28.800 0.200 E5 10
29.000 0.100 D#5 10
29.100 0.200 E5 10
29.300 0.300 C#5 10
29.600 0.100 G#4 10
29.700 0.200 C#5 10
29.900 0.300 E5 10
30.200 0.100 D#5 10
30.300 0.200 E5 10
30.500 0.100 C#5 10
30.600 0.200 F#5 10
30.800 0.300 E5 10
31.100 0.100 D#5 10
31.200 0.300 G#5 10
31.500 0.200 F#5 10
31.700 0.100 G#5 10
32.000 0.100 F#5 10
32.100 0.200 G#5 10
32.300 0.100 F#5 10
32.400 0.033 G5 10
32.433 0.167 G#5 15
32.600 0.100 C#6 10
32.900 0.300 G#5 10
33.200 0.300 F#5 10
33.500 0.100 D#5 10
33.600 0.200 E5 10
33.800 0.100 D#5 10
33.900 0.200 E5 10
34.100 0.300 C#5 10
34.400 0.100 G#4 10
34.500 0.200 C#5 10
34.700 0.300 E5 10
35.000 0.100 D#5 10
35.100 0.200 E5 10
35.300 0.100 C#5 10
35.400 0.200 F#5 10
35.600 0.300 E5 10
35.900 0.100 D#5 10
36.000 0.200 C#5 10
36.200 0.100 C#4 10
36.300 0.200 E4 10
36.500 0.300 G#4 10
36.800 0.100 E4 10
36.900 0.200 G#4 10
37.100 0.100 D#5 10
37.700 0.300 G#5 10
38.000 0.200 G#4 10
38.300 0.100 G#4 10
38.400 0.100 A#2 10
38.900 0.400 C#3 10
39.300 0.100 F3 10
39.600 0.100 D#3 10
40.100 0.300 G2 10
40.400 0.100 G#2 10
40.500 0.100 A#2 10
40.800 0.100 A#2 10
41.300 0.400 C#3 10
41.700 0.100 F3 10
42.000 0.100 D#3 10
42.500 0.300 G2 10
42.800 0.100 G#2 10
42.900 0.100 A#2 10
43.200 0.100 A#2 10
43.700 0.400 C#3 10
44.100 0.100 F3 10
44.400 0.100 D#3 10
44.900 0.300 G2 10
45.200 0.100 G#2 10
45.300 0.100 A#2 10
45.600 0.100 A#2 10
46.100 0.400 C#3 10
46.500 0.100 F3 10
46.800 0.100 D#3 10
47.300 0.300 G2 10
47.600 0.100 G#2 10
47.700 0.100 A#2 10
48.000 0.200 G#4 10
48.200 0.100 D#4 10
48.300 0.200 G#4 10
48.500 0.300 B4 10
48.800 0.100 G#4 10
48.900 0.100 D#4 10
49.200 0.200 G#4 10
49.400 0.100 D#4 10
49.500 0.200 G#4 10
49.700 0.300 B4 10
50.000 0.100 G#4 10
50.100 0.100 D#4 10
50.400 0.200 A#4 10
50.700 0.200 C#5 10
51.000 0.200 A#4 10
51.300 0.200 F#4 10
51.600 0.033 A4 10
51.633 0.167 A#4 15
51.800 0.100 C#5 10
52.100 0.400 A#4 10
52.500 0.200 F#4 10
52.800 0.200 G#4 10
53.000 0.100 D#4 10
53.100 0.200 G#4 10
53.300 0.300 B4 10
53.600 0.100 G#4 10
53.700 0.100 D#4 10
54.000 0.200 G#4 10
54.200 0.100 D#4 10
54.300 0.200 G#4 10
54.500 0.300 B4 10
54.800 0.100 G#4 10
54.900 0.100 D#4 10
55.200 0.200 A#4 10
55.500 0.200 C#5 10
55.800 0.200 A#4 10
56.100 0.200 F#4 10
56.400 0.033 D5 10
56.433 0.167 D#5 15
56.600 0.100 C#5 10
56.900 0.300 B4 10
57.200 0.100 C#5 10
57.300 0.200 D#5 10
57.600 0.200 E5 10
57.800 0.100 D#5 10
57.900 0.200 E5 10
58.100 0.300 C#5 10
58.400 0.100 G#4 10
58.500 0.200 C#5 10
58.700 0.300 E5 10
59.000 0.100 D#5 10
59.100 0.200 E5 10
59.300 0.100 C#5 10
59.400 0.200 F#5 10
59.600 0.300 E5 10
59.900 0.100 D#5 10
60.000 0.300 G#5 10
60.300 0.200 F#5 10
60.500 0.100 G#5 10
60.800 0.100 F#5 10
60.900 0.200 G#5 10
61.100 0.100 F#5 10
61.200 0.033 G5 10
61.233 0.167 G#5 15
61.400 0.100 C#6 10
61.700 0.300 G#5 10
62.000 0.300 F#5 10
62.300 0.100 D#5 10
62.400 0.200 E5 10
62.600 0.100 D#5 10
62.700 0.200 E5 10
62.900 0.300 C#5 10
63.200 0.100 G#4 10
63.300 0.200 C#5 10
63.500 0.300 E5 10
63.800 0.100 D#5 10
63.900 0.200 E5 10
64.100 0.100 C#5 10
64.200 0.200 F#5 10
64.400 0.300 E5 10
64.700 0.100 D#5 10
64.800 0.200 C#5 10
65.000 0.100 C#4 10
65.100 0.200 E4 10
65.300 0.300 G#4 10
65.600 0.100 C#4 10
65.700 0.200 E4 10
65.900 0.300 G#4 10
66.200 0.100 C#4 10
66.300 0.200 E4 10
66.500 0.300 G#4 10
66.800 0.100 E4 10
66.900 0.200 G#4 10
67.100 0.100 C#5 10
67.200 0.200 E5 10
67.400 0.100 D#5 10
67.500 0.200 E5 10
67.700 0.300 C#5 10
68.000 0.100 G#4 10
68.100 0.200 C#5 10
68.300 0.300 E5 10
68.600 0.100 D#5 10
68.700 0.200 E5 10
68.900 0.100 C#5 10
69.000 0.200 F#5 10
69.200 0.300 E5 10
69.500 0.100 D#5 10
69.600 0.300 G#5 10
69.900 BEGIN_CYCLE
69.900 0.200 F#5 10
70.100 0.100 G#5 10
70.400 0.100 F#5 10
70.500 0.200 G#5 10
70.700 0.100 F#5 10
70.800 0.033 G5 10
70.833 0.167 G#5 15
71.000 0.100 C#6 10
71.300 0.300 G#5 10
71.600 0.300 F#5 10
71.900 0.100 D#5 10
72.000 0.200 E5 10
72.200 0.100 D#5 10
72.300 0.200 E5 10
72.500 0.300 C#5 10
72.800 0.100 G#4 10
72.900 0.200 C#5 10
73.100 0.300 E5 10
73.400 0.100 D#5 10
73.500 0.200 E5 10
73.700 0.100 C#5 10
73.800 0.200 F#5 10
74.000 0.300 E5 10
74.300 0.100 D#5 10
74.400 0.200 C#5 10
74.600 0.100 C#4 10
74.700 0.200 E4 10
74.900 0.300 G#4 10
75.200 0.100 E4 10
75.300 0.200 G#4 10
75.500 0.100 D#5 10
76.100 0.300 G#5 10
76.400 0.200 G#4 10
76.700 0.100 G#4 10
76.800 0.100 A#2 10
77.300 0.400 C#3 10
77.700 0.100 F3 10
78.000 0.100 D#3 10
78.500 0.300 G2 10
78.800 0.100 G#2 10
78.900 0.100 A#2 10
79.200 0.100 A#2 10
79.700 0.400 C#3 10
80.100 0.100 F3 10
80.400 0.100 D#3 10
80.900 0.300 G2 10
81.200 0.100 G#2 10
81.300 0.100 A#2 10
81.600 0.100 A#2 10
82.100 0.400 C#3 10
82.500 0.100 F3 10
82.800 0.100 D#3 10
83.300 0.300 G2 10
83.600 0.100 G#2 10
83.700 0.100 A#2 10
84.000 0.100 A#2 10
84.500 0.400 C#3 10
84.900 0.100 F3 10
85.200 0.100 D#3 10
85.700 0.300 G2 10
86.000 0.100 G#2 10
86.100 0.100 A#2 10
86.400 0.200 G#4 10
86.600 0.100 D#4 10
86.700 0.200 G#4 10
86.900 0.300 B4 10
87.200 0.100 G#4 10
87.300 0.100 D#4 10
87.600 0.200 G#4 10
87.800 0.100 D#4 10
87.900 0.200 G#4 10
88.100 0.300 B4 10
88.400 0.100 G#4 10
88.500 0.100 D#4 10
88.800 0.200 A#4 10
89.100 0.200 C#5 10
89.400 0.200 A#4 10
89.700 0.200 F#4 10
90.000 0.033 A4 10
90.033 0.167 A#4 15
90.200 0.100 C#5 10
90.500 0.400 A#4 10
90.900 0.200 F#4 10
91.200 0.200 G#4 10
91.400 0.100 D#4 10
91.500 0.200 G#4 10
91.700 0.300 B4 10
92.000 0.100 G#4 10
92.100 0.100 D#4 10
92.400 0.200 G#4 10
92.600 0.100 D#4 10
92.700 0.200 G#4 10
92.900 0.300 B4 10
93.200 0.100 G#4 10
93.300 0.100 D#4 10
93.600 0.200 A#4 10
93.900 0.200 C#5 10
94.200 0.200 A#4 10
94.500 0.200 F#4 10
94.800 0.033 D5 10
94.833 0.167 D#5 15
95.000 0.100 C#5 10
95.300 0.300 B4 10
95.600 0.100 C#5 10
95.700 0.200 D#5 10
96.000 0.200 E5 10
96.200 0.100 D#5 10
96.300 0.200 E5 10
96.500 0.300 C#5 10
96.800 0.100 G#4 10
96.900 0.200 C#5 10
97.100 0.300 E5 10
97.400 0.100 D#5 10
97.500 0.200 E5 10
97.700 0.100 C#5 10
97.800 0.200 F#5 10
98.000 0.300 E5 10
98.300 0.100 D#5 10
98.400 0.300 G#5 10
98.700 0.200 F#5 10
98.900 0.100 G#5 10
99.200 0.100 F#5 10
99.300 0.200 G#5 10
99.500 0.100 F#5 10
99.600 0.033 G5 10
99.633 0.167 G#5 15
99.800 0.100 C#6 10
100.100 0.300 G#5 10
100.400 0.300 F#5 10
100.700 0.100 D#5 10
100.800 0.200 E5 10
101.000 0.100 D#5 10
101.100 0.200 E5 10
101.300 0.300 C#5 10
101.600 0.100 G#4 10
101.700 0.200 C#5 10
101.900 0.300 E5 10
102.200 0.100 D#5 10
102.300 0.200 E5 10
102.500 0.100 C#5 10
102.600 0.200 F#5 10
102.800 0.300 E5 10
103.100 0.100 D#5 10
103.200 0.200 C#5 10
103.400 0.100 C#4 10
103.500 0.200 E4 10
103.700 0.300 G#4 10
104.000 0.100 C#4 10
104.100 0.200 E4 10
104.300 0.300 G#4 10
104.600 0.100 C#4 10
104.700 0.200 E4 10
104.900 0.300 G#4 10
105.200 0.100 E4 10
105.300 0.200 G#4 10
105.500 0.100 C#5 10
105.600 0.200 E5 10
105.800 0.100 D#5 10
105.900 0.200 E5 10
106.100 0.300 C#5 10
106.400 0.100 G#4 10
106.500 0.200 C#5 10
106.700 0.300 E5 10
107.000 0.100 D#5 10
107.100 0.200 E5 10
107.300 0.100 C#5 10
107.400 0.200 F#5 10
107.600 0.300 E5 10
107.900 0.100 D#5 10
108.000 0.300 G#5 10
108.300 0.200 F#5 10
108.500 0.100 G#5 10
108.800 0.100 F#5 10
108.900 0.200 G#5 10
109.100 0.100 F#5 10
109.200 0.033 G5 10
109.233 0.167 G#5 15
109.400 0.100 C#6 10
109.700 0.300 G#5 10
110.000 0.300 F#5 10
110.300 0.100 D#5 10
110.400 0.200 E5 10
110.600 0.100 D#5 10
110.700 0.200 E5 10
110.900 0.300 C#5 10
111.200 0.100 G#4 10
111.300 0.200 C#5 10
111.500 0.300 E5 10
111.800 0.100 D#5 10
111.900 0.200 E5 10
112.100 0.100 C#5 10
112.200 0.200 F#5 10
112.400 0.300 E5 10
112.700 0.100 D#5 10
112.800 0.200 C#5 10
113.000 0.100 C#4 10
113.100 0.200 E4 10
113.300 0.300 G#4 10
113.600 0.100 E4 10
113.700 0.200 G#4 10
113.900 0.100 D#5 10
114.500 0.300 G#5 10
114.800 0.200 G#4 10
115.100 0.100 G#4 10
115.200 0.100 A#2 10
115.700 0.400 C#3 10
116.100 0.100 F3 10
116.400 0.100 D#3 10
116.900 0.300 G2 10
117.200 0.100 G#2 10
117.300 0.100 A#2 10
117.600 0.100 A#2 10
118.100 0.400 C#3 10
118.500 0.100 F3 10
118.800 0.100 D#3 10
119.300 0.300 G2 10
119.600 0.100 G#2 10
119.700 0.100 A#2 10
120.000 0.100 A#2 10
120.500 0.400 C#3 10
120.900 0.100 F3 10
121.200 0.100 D#3 10
121.700 0.300 G2 10
122.000 0.100 G#2 10
122.100 0.100 A#2 10
122.400 0.100 A#2 10
122.900 0.400 C#3 10
123.300 0.100 F3 10
123.600 0.100 D#3 10
124.100 0.300 G2 10
124.400 0.100 G#2 10
124.500 0.100 A#2 10
124.800 0.200 G#4 10
125.000 0.100 D#4 10
125.100 0.200 G#4 10
125.300 0.300 B4 10
125.600 0.100 G#4 10
125.700 0.100 D#4 10
126.000 0.200 G#4 10
126.200 0.100 D#4 10
126.300 0.200 G#4 10
126.500 0.300 B4 10
126.800 0.100 G#4 10
126.900 0.100 D#4 10
127.200 0.200 A#4 10
127.500 0.200 C#5 10
127.800 0.200 A#4 10
128.100 0.200 F#4 10
128.400 0.033 A4 10
128.433 0.167 A#4 15
128.600 0.100 C#5 10
128.900 0.400 A#4 10
129.300 0.200 F#4 10
129.600 0.200 G#4 10
129.800 0.100 D#4 10
129.900 0.200 G#4 10
130.100 0.300 B4 10
130.400 0.100 G#4 10
130.500 0.100 D#4 10
130.800 0.200 G#4 10
131.000 0.100 D#4 10
131.100 0.200 G#4 10
131.300 0.300 B4 10
131.600 0.100 G#4 10
131.700 0.100 D#4 10
132.000 0.200 A#4 10
132.300 0.200 C#5 10
132.600 0.200 A#4 10
132.900 0.200 F#4 10
133.200 0.033 D5 10
133.233 0.167 D#5 15
133.400 0.100 C#5 10
133.700 0.300 B4 10
134.000 0.100 C#5 10
134.100 0.200 D#5 10
134.400 0.200 E5 10
134.600 0.100 D#5 10
134.700 0.200 E5 10
134.900 0.300 C#5 10
135.200 0.100 G#4 10
135.300 0.200 C#5 10
135.500 0.300 E5 10
135.800 0.100 D#5 10
135.900 0.200 E5 10
136.100 0.100 C#5 10
136.200 0.200 F#5 10
136.400 0.300 E5 10
136.700 0.100 D#5 10
136.800 0.300 G#5 10
137.100 0.200 F#5 10
137.300 0.100 G#5 10
137.600 0.100 F#5 10
137.700 0.200 G#5 10
137.900 0.100 F#5 10
138.000 0.033 G5 10
138.033 0.167 G#5 15
138.200 0.100 C#6 10
138.500 0.300 G#5 10
138.800 0.300 F#5 10
139.100 0.100 D#5 10
139.200 0.200 E5 10
139.400 0.100 D#5 10
139.500 0.200 E5 10
139.700 0.300 C#5 10
140.000 0.100 G#4 10
140.100 0.200 C#5 10
140.300 0.300 E5 10
140.600 0.100 D#5 10
140.700 0.200 E5 10
140.900 0.100 C#5 10
141.000 0.200 F#5 10
141.200 0.300 E5 10
141.500 0.100 D#5 10
141.600 0.200 C#5 10
141.800 0.100 C#4 10
141.900 0.200 E4 10
142.100 0.300 G#4 10
142.400 0.100 C#4 10
142.500 0.200 E4 10
142.700 0.300 G#4 10
143.000 0.100 C#4 10
143.100 0.200 E4 10
143.300 0.300 G#4 10
143.600 0.100 E4 10
143.700 0.200 G#4 10
143.900 0.100 C#5 10
144.000 0.200 E5 10
144.200 0.100 D#5 10
144.300 0.200 E5 10
144.500 0.300 C#5 10
144.800 0.100 G#4 10
144.900 0.200 C#5 10
145.100 0.300 E5 10
145.400 0.100 D#5 10
145.500 0.200 E5 10
145.700 0.100 C#5 10
145.800 0.200 F#5 10
146.000 0.300 E5 10
146.300 0.100 D#5 10
146.400 0.300 G#5 10
146.700 END_CYCLE

Square2(603)
time dur note vol
0.200 0.100 A#3 9
0.300 0.200 C#4 9
0.500 0.100 A#3 9
0.600 0.033 E4 9
0.633 0.167 F4 15
0.800 0.100 G#4 9
1.100 0.400 G4 9
1.500 0.200 D#4 9
1.700 0.100 F4 9
2.000 0.033 D4 9
2.033 0.167 D#4 15
2.300 1.300 C#4 9
3.600 0.200 G3 9
3.800 0.200 G#3 9
4.100 0.200 A#3 9
4.400 0.200 C4 9
5.000 0.100 A#3 9
5.100 0.200 C#4 9
5.300 0.100 A#3 9
5.400 0.033 E4 9
5.433 0.167 F4 15
5.600 0.100 G#4 9
5.900 0.400 G4 9
6.300 0.200 D#4 9
6.500 0.100 F4 9
6.800 0.033 D4 9
6.833 0.167 D#4 15
7.100 1.300 C#4 9
8.400 0.200 G3 9
8.600 0.200 G#3 9
8.900 0.200 A#3 9
9.200 0.200 C4 9
9.600 0.200 D#4 9
10.100 0.300 D#4 9
10.400 0.100 C#4 9
10.500 0.100 D#4 9
10.800 0.200 D#4 9
11.300 0.300 D#4 9
11.600 0.100 C#4 9
11.700 0.100 D#4 9
12.000 0.200 F#4 9
12.300 0.200 F#4 9
12.600 0.200 F#4 9
12.900 0.200 C#4 9
13.200 0.200 F#4 9
13.400 0.100 A#4 9
13.700 0.400 F#4 9
14.100 0.200 C#4 9
14.400 0.200 D#4 9
14.900 0.300 D#4 9
15.200 0.100 C#4 9
15.300 0.100 D#4 9
15.600 0.200 D#4 9
16.100 0.300 D#4 9
16.400 0.100 C#4 9
16.500 0.100 D#4 9
16.800 0.200 F#4 9
17.100 0.200 F#4 9
17.400 0.200 F#4 9
17.700 0.200 C#4 9
18.000 0.300 G#4 9
18.500 0.600 G#4 9
19.200 0.300 E5 8
19.500 0.100 D#5 8
19.600 0.200 E5 8
19.800 0.300 C#5 8
20.100 0.100 G#4 8
20.200 0.200 C#5 8
20.400 0.300 E5 8
20.700 0.100 D#5 8
20.800 0.200 E5 8
21.000 0.100 C#5 8
21.100 0.200 F#5 8
21.300 0.300 E5 8
21.600 0.100 D#5 8
21.700 0.300 G#5 8
22.000 0.200 F#5 8
22.200 0.100 G#5 8
22.500 0.100 F#5 8
22.600 0.200 G#5 8
22.800 0.100 F#5 8
22.900 0.033 G5 8
22.933 0.167 G#5 15
23.100 0.100 C#6 8
23.400 0.300 G#5 8
23.700 0.300 F#5 8
24.000 0.100 D#5 8
24.100 0.200 E5 8
24.300 0.100 D#5 8
24.400 0.200 E5 8
24.600 0.300 C#5 8
24.900 0.100 G#4 8
25.000 0.200 C#5 8
25.200 0.300 E5 8
25.500 0.100 D#5 8
25.600 0.200 E5 8
25.800 0.100 C#5 8
25.900 0.200 F#5 8
26.100 0.300 E5 8
26.400 0.100 D#5 8
26.500 0.200 C#5 8
26.700 0.100 C#4 8
26.800 0.200 E4 8
27.000 0.300 G#4 8
27.300 0.100 C#4 8
27.400 0.200 E4 8
27.600 0.300 G#4 8
27.900 0.100 C#4 8
28.000 0.200 E4 8
28.200 0.300 G#4 8
28.500 0.100 E4 8
28.600 0.200 G#4 8
28.800 0.200 C#5 9
29.000 0.100 B4 9
29.100 0.200 C#5 9
29.300 0.300 G#4 9
29.600 0.100 E4 9
29.700 0.200 G#4 9
29.900 0.300 C#5 9
30.200 0.100 B4 9
30.300 0.200 C#5 9
30.500 0.100 G#4 9
30.600 0.200 D#5 9
30.800 0.300 C#5 9
31.100 0.100 B4 9
31.200 0.300 E5 9
31.500 0.200 D#5 9
31.700 0.100 E5 9
32.000 0.100 D#5 9
32.100 0.200 E5 9
32.300 0.100 D#5 9
32.400 0.200 E5 9
32.600 0.100 G#5 9
32.900 0.300 E5 9
33.200 0.300 D#5 9
33.500 0.100 B4 9
33.600 0.200 C#5 9
33.800 0.100 B4 9
33.900 0.200 C#5 9
34.100 0.300 G#4 9
34.400 0.100 E4 9
34.500 0.200 G#4 9
34.700 0.300 C#5 9
35.000 0.100 B4 9
35.100 0.200 C#5 9
35.300 0.100 G#4 9
35.400 0.200 D#5 9
35.600 0.300 C#5 9
35.900 0.100 B4 9
36.000 0.200 G#4 9
36.200 0.100 G#3 9
36.300 0.200 C#4 9
36.500 0.300 E4 9
36.800 0.100 B3 9
36.900 0.200 D#4 9
37.100 0.100 B4 9
37.700 0.300 D#5 9
38.000 0.200 D#4 9
38.300 0.100 D#4 9
38.600 0.100 A#3 9
38.700 0.200 C#4 9
38.900 0.100 A#3 9
39.000 0.033 E4 9
39.033 0.167 F4 15
39.200 0.100 G#4 9
39.500 0.400 G4 9
39.900 0.200 D#4 9
40.100 0.100 F4 9
40.400 0.033 D4 9
40.433 0.167 D#4 15
40.700 1.300 C#4 9
42.000 0.200 G3 9
42.200 0.200 G#3 9
42.500 0.200 A#3 9
42.800 0.200 C4 9
43.400 0.100 A#3 9
43.500 0.200 C#4 9
43.700 0.100 A#3 9
43.800 0.033 E4 9
43.833 0.167 F4 15
44.000 0.100 G#4 9
44.300 0.400 G4 9
44.700 0.200 D#4 9
44.900 0.100 F4 9
45.200 0.033 D4 9
45.233 0.167 D#4 15
45.500 1.300 C#4 9
46.800 0.200 G3 9
47.000 0.200 G#3 9
47.300 0.200 A#3 9
47.600 0.200 C4 9
48.000 0.200 D#4 9
48.500 0.300 D#4 9
48.800 0.100 C#4 9
48.900 0.100 D#4 9
49.200 0.200 D#4 9
49.700 0.300 D#4 9
50.000 0.100 C#4 9
50.100 0.100 D#4 9
50.400 0.200 F#4 9
50.700 0.200 F#4 9
51.000 0.200 F#4 9
51.300 0.200 C#4 9
51.600 0.200 F#4 9
51.800 0.100 A#4 9
52.100 0.400 F#4 9
52.500 0.200 C#4 9
52.800 0.200 D#4 9
53.300 0.300 D#4 9
53.600 0.100 C#4 9
53.700 0.100 D#4 9
54.000 0.200 D#4 9
54.500 0.300 D#4 9
54.800 0.100 C#4 9
54.900 0.100 D#4 9
55.200 0.200 F#4 9
55.500 0.200 F#4 9
55.800 0.200 F#4 9
56.100 0.200 C#4 9
56.400 0.300 G#4 9
56.900 0.600 G#4 9
57.600 0.300 E5 8
57.900 0.100 D#5 8
58.000 0.200 E5 8
58.200 0.300 C#5 8
58.500 0.100 G#4 8
58.600 0.200 C#5 8
58.800 0.300 E5 8
59.100 0.100 D#5 8
59.200 0.200 E5 8
59.400 0.100 C#5 8
59.500 0.200 F#5 8
59.700 0.300 E5 8
60.000 0.100 D#5 8
60.100 0.300 G#5 8
60.400 0.200 F#5 8
60.600 0.100 G#5 8
60.900 0.100 F#5 8
61.000 0.200 G#5 8
61.200 0.100 F#5 8
61.300 0.033 G5 8
61.333 0.167 G#5 15
61.500 0.100 C#6 8
61.800 0.300 G#5 8
62.100 0.300 F#5 8
62.400 0.100 D#5 8
62.500 0.200 E5 8
62.700 0.100 D#5 8
62.800 0.200 E5 8
63.000 0.300 C#5 8
63.300 0.100 G#4 8
63.400 0.200 C#5 8
63.600 0.300 E5 8
63.900 0.100 D#5 8
64.000 0.200 E5 8
64.200 0.100 C#5 8
64.300 0.200 F#5 8
64.500 0.300 E5 8
64.800 0.100 D#5 8
64.900 0.200 C#5 8
65.100 0.100 C#4 8
65.200 0.200 E4 8
65.400 0.300 G#4 8
65.700 0.100 C#4 8
65.800 0.200 E4 8
66.000 0.300 G#4 8
66.300 0.100 C#4 8
66.400 0.200 E4 8
66.600 0.300 G#4 8
66.900 0.100 E4 8
67.000 0.200 G#4 8
67.200 0.200 C#5 9
67.400 0.100 B4 9
67.500 0.200 C#5 9
67.700 0.300 G#4 9
68.000 0.100 E4 9
68.100 0.200 G#4 9
68.300 0.300 C#5 9
68.600 0.100 B4 9
68.700 0.200 C#5 9
68.900 0.100 G#4 9
69.000 0.200 D#5 9
69.200 0.300 C#5 9
69.500 0.100 B4 9
69.600 0.300 E5 9
69.900 BEGIN_CYCLE
69.900 0.200 D#5 9
70.100 0.100 E5 9
70.400 0.100 D#5 9
70.500 0.200 E5 9
70.700 0.100 D#5 9
70.800 0.200 E5 9
71.000 0.100 G#5 9
71.300 0.300 E5 9
71.600 0.300 D#5 9
71.900 0.100 B4 9
72.000 0.200 C#5 9
72.200 0.100 B4 9
72.300 0.200 C#5 9
72.500 0.300 G#4 9
72.800 0.100 E4 9
72.900 0.200 G#4 9
73.100 0.300 C#5 9
73.400 0.100 B4 9
73.500 0.200 C#5 9
73.700 0.100 G#4 9
73.800 0.200 D#5 9
74.000 0.300 C#5 9
74.300 0.100 B4 9
74.400 0.200 G#4 9
74.600 0.100 G#3 9
74.700 0.200 C#4 9
74.900 0.300 E4 9
75.200 0.100 B3 9
75.300 0.200 D#4 9
75.500 0.100 B4 9
76.100 0.300 D#5 9
76.400 0.200 D#4 9
76.700 0.100 D#4 9
77.000 0.100 A#3 9
77.100 0.200 C#4 9
77.300 0.100 A#3 9
77.400 0.033 E4 9
77.433 0.167 F4 15
77.600 0.100 G#4 9
77.900 0.400 G4 9
78.300 0.200 D#4 9
78.500 0.100 F4 9
78.800 0.033 D4 9
78.833 0.167 D#4 15
79.100 1.300 C#4 9
80.400 0.200 G3 9
80.600 0.200 G#3 9
80.900 0.200 A#3 9
81.200 0.200 C4 9
81.800 0.100 A#3 9
81.900 0.200 C#4 9
82.100 0.100 A#3 9
82.200 0.033 E4 9
82.233 0.167 F4 15
82.400 0.100 G#4 9
82.700 0.400 G4 9
83.100 0.200 D#4 9
83.300 0.100 F4 9
83.600 0.033 D4 9
83.633 0.167 D#4 15
83.900 1.300 C#4 9
85.200 0.200 G3 9
85.400 0.200 G#3 9
85.700 0.200 A#3 9
86.000 0.200 C4 9
86.400 0.200 D#4 9
86.900 0.300 D#4 9
87.200 0.100 C#4 9
87.300 0.100 D#4 9
87.600 0.200 D#4 9
88.100 0.300 D#4 9
88.400 0.100 C#4 9
88.500 0.100 D#4 9
88.800 0.200 F#4 9
89.100 0.200 F#4 9
89.400 0.200 F#4 9
89.700 0.200 C#4 9
90.000 0.200 F#4 9
90.200 0.100 A#4 9
90.500 0.400 F#4 9
90.900 0.200 C#4 9
91.200 0.200 D#4 9
91.700 0.300 D#4 9
92.000 0.100 C#4 9
92.100 0.100 D#4 9
92.400 0.200 D#4 9
92.900 0.300 D#4 9
93.200 0.100 C#4 9
93.300 0.100 D#4 9
93.600 0.200 F#4 9
93.900 0.200 F#4 9
94.200 0.200 F#4 9
94.500 0.200 C#4 9
94.800 0.300 G#4 9
95.300 0.600 G#4 9
96.000 0.300 E5 8
96.300 0.100 D#5 8
96.400 0.200 E5 8
96.600 0.300 C#5 8
96.900 0.100 G#4 8
97.000 0.200 C#5 8
97.200 0.300 E5 8
97.500 0.100 D#5 8
97.600 0.200 E5 8
97.800 0.100 C#5 8
97.900 0.200 F#5 8
98.100 0.300 E5 8
98.400 0.100 D#5 8
98.500 0.300 G#5 8
98.800 0.200 F#5 8
99.000 0.100 G#5 8
99.300 0.100 F#5 8
99.400 0.200 G#5 8
99.600 0.100 F#5 8
99.700 0.033 G5 8
99.733 0.167 G#5 15
99.900 0.100 C#6 8
100.200 0.300 G#5 8
100.500 0.300 F#5 8
100.800 0.100 D#5 8
100.900 0.200 E5 8
101.100 0.100 D#5 8
101.200 0.200 E5 8
101.400 0.300 C#5 8
101.700 0.100 G#4 8
101.800 0.200 C#5 8
102.000 0.300 E5 8
102.300 0.100 D#5 8
102.400 0.200 E5 8
102.600 0.100 C#5 8
102.700 0.200 F#5 8
102.900 0.300 E5 8
103.200 0.100 D#5 8
103.300 0.200 C#5 8
103.500 0.100 C#4 8
103.600 0.200 E4 8
103.800 0.300 G#4 8
104.100 0.100 C#4 8
104.200 0.200 E4 8
104.400 0.300 G#4 8
104.700 0.100 C#4 8
104.800 0.200 E4 8
105.000 0.300 G#4 8
105.300 0.100 E4 8
105.400 0.200 G#4 8
105.600 0.200 C#5 9
105.800 0.100 B4 9
105.900 0.200 C#5 9
106.100 0.300 G#4 9
106.400 0.100 E4 9
106.500 0.200 G#4 9
106.700 0.300 C#5 9
107.000 0.100 B4 9
107.100 0.200 C#5 9
107.300 0.100 G#4 9
107.400 0.200 D#5 9
107.600 0.300 C#5 9
107.900 0.100 B4 9
108.000 0.300 E5 9
108.300 0.200 D#5 9
108.500 0.100 E5 9
108.800 0.100 D#5 9
108.900 0.200 E5 9
109.100 0.100 D#5 9
109.200 0.200 E5 9
109.400 0.100 G#5 9
109.700 0.300 E5 9
110.000 0.300 D#5 9
110.300 0.100 B4 9
110.400 0.200 C#5 9
110.600 0.100 B4 9
110.700 0.200 C#5 9
110.900 0.300 G#4 9
111.200 0.100 E4 9
111.300 0.200 G#4 9
111.500 0.300 C#5 9
111.800 0.100 B4 9
111.900 0.200 C#5 9
112.100 0.100 G#4 9
112.200 0.200 D#5 9
112.400 0.300 C#5 9
112.700 0.100 B4 9
112.800 0.200 G#4 9
113.000 0.100 G#3 9
113.100 0.200 C#4 9
113.300 0.300 E4 9
113.600 0.100 B3 9
113.700 0.200 D#4 9
113.900 0.100 B4 9
114.500 0.300 D#5 9
114.800 0.200 D#4 9
115.100 0.100 D#4 9
115.400 0.100 A#3 9
115.500 0.200 C#4 9
115.700 0.100 A#3 9
115.800 0.033 E4 9
115.833 0.167 F4 15
116.000 0.100 G#4 9
116.300 0.400 G4 9
116.700 0.200 D#4 9
116.900 0.100 F4 9
117.200 0.033 D4 9
117.233 0.167 D#4 15
117.500 1.300 C#4 9
118.800 0.200 G3 9
119.000 0.200 G#3 9
119.300 0.200 A#3 9
119.600 0.200 C4 9
120.200 0.100 A#3 9
120.300 0.200 C#4 9
120.500 0.100 A#3 9
120.600 0.033 E4 9
120.633 0.167 F4 15
120.800 0.100 G#4 9
121.100 0.400 G4 9
121.500 0.200 D#4 9
121.700 0.100 F4 9
122.000 0.033 D4 9
122.033 0.167 D#4 15
122.300 1.300 C#4 9
123.600 0.200 G3 9
123.800 0.200 G#3 9
124.100 0.200 A#3 9
124.400 0.200 C4 9
124.800 0.200 D#4 9
125.300 0.300 D#4 9
125.600 0.100 C#4 9
125.700 0.100 D#4 9
126.000 0.200 D#4 9
126.500 0.300 D#4 9
126.800 0.100 C#4 9
126.900 0.100 D#4 9
127.200 0.200 F#4 9
127.500 0.200 F#4 9
127.800 0.200 F#4 9
128.100 0.200 C#4 9
128.400 0.200 F#4 9
128.600 0.100 A#4 9
128.900 0.400 F#4 9
129.300 0.200 C#4 9
129.600 0.200 D#4 9
130.100 0.300 D#4 9
130.400 0.100 C#4 9
130.500 0.100 D#4 9
130.800 0.200 D#4 9
131.300 0.300 D#4 9
131.600 0.100 C#4 9
131.700 0.100 D#4 9
132.000 0.200 F#4 9
132.300 0.200 F#4 9
132.600 0.200 F#4 9
132.900 0.200 C#4 9
133.200 0.300 G#4 9
133.700 0.600 G#4 9
134.400 0.300 E5 8
134.700 0.100 D#5 8
134.800 0.200 E5 8
135.000 0.300 C#5 8
135.300 0.100 G#4 8
135.400 0.200 C#5 8
135.600 0.300 E5 8
135.900 0.100 D#5 8
136.000 0.200 E5 8
136.200 0.100 C#5 8
136.300 0.200 F#5 8
136.500 0.300 E5 8
136.800 0.100 D#5 8
136.900 0.300 G#5 8
137.200 0.200 F#5 8
137.400 0.100 G#5 8
137.700 0.100 F#5 8
137.800 0.200 G#5 8
138.000 0.100 F#5 8
138.100 0.033 G5 8
138.133 0.167 G#5 15
138.300 0.100 C#6 8
138.600 0.300 G#5 8
138.900 0.300 F#5 8
139.200 0.100 D#5 8
139.300 0.200 E5 8
139.500 0.100 D#5 8
139.600 0.200 E5 8
139.800 0.300 C#5 8
140.100 0.100 G#4 8
140.200 0.200 C#5 8
140.400 0.300 E5 8
140.700 0.100 D#5 8
140.800 0.200 E5 8
141.000 0.100 C#5 8
141.100 0.200 F#5 8
141.300 0.300 E5 8
141.600 0.100 D#5 8
141.700 0.200 C#5 8
141.900 0.100 C#4 8
142.000 0.200 E4 8
142.200 0.300 G#4 8
142.500 0.100 C#4 8
142.600 0.200 E4 8
142.800 0.300 G#4 8
143.100 0.100 C#4 8
143.200 0.200 E4 8
143.400 0.300 G#4 8
143.700 0.100 E4 8
143.800 0.200 G#4 8
144.000 0.200 C#5 9
144.200 0.100 B4 9
144.300 0.200 C#5 9
144.500 0.300 G#4 9
144.800 0.100 E4 9
144.900 0.200 G#4 9
145.100 0.300 C#5 9
145.400 0.100 B4 9
145.500 0.200 C#5 9
145.700 0.100 G#4 9
145.800 0.200 D#5 9
146.000 0.300 C#5 9
146.300 0.100 B4 9
146.400 0.300 E5 9
146.700 END_CYCLE

Triangle(505)
time dur note vol
0.200 0.100 A#4 15
0.300 0.200 C#5 15
0.500 0.100 A#4 15
0.600 0.033 E5 15
0.633 0.167 F5 15
0.800 0.100 G#5 15
1.100 0.400 G5 15
1.500 0.200 D#5 15
1.700 0.100 F5 15
2.600 0.100 A#4 15
2.700 0.200 C#5 15
2.900 0.100 A#4 15
3.000 0.033 E5 15
3.033 0.167 F5 15
3.200 0.100 G#5 15
3.500 0.900 G5 15
4.400 0.100 G#5 15
4.500 0.100 A#5 15
5.000 0.100 A#4 15
5.100 0.200 C#5 15
5.300 0.100 A#4 15
5.400 0.033 E5 15
5.433 0.167 F5 15
5.600 0.100 G#5 15
5.900 0.400 G5 15
6.300 0.200 D#5 15
6.500 0.100 F5 15
7.400 0.100 A#4 15
7.500 0.200 C#5 15
7.700 0.100 A#4 15
7.800 0.033 E5 15
7.833 0.167 F5 15
8.000 0.100 G#5 15
8.300 0.900 G5 15
9.200 0.100 G#5 15
9.300 0.100 A#5 15
9.600 0.200 E4 15
9.900 0.200 E4 15
10.200 0.200 E4 15
10.500 0.200 E4 15
10.800 0.200 F#4 15
11.100 0.200 F#4 15
11.400 0.200 F#4 15
11.700 0.200 F#4 15
12.000 0.200 G#4 15
12.300 0.200 G#4 15
12.600 0.200 G#4 15
12.900 0.200 G#4 15
13.200 0.200 G#4 15
13.400 0.100 G#3 15
13.700 0.400 G#4 15
14.100 0.100 F#4 15
14.400 0.200 E4 15
14.700 0.200 E4 15
15.000 0.200 E4 15
15.300 0.200 E4 15
15.600 0.200 F#4 15
15.900 0.200 F#4 15
16.200 0.200 F#4 15
16.500 0.200 F#4 15
16.800 0.200 G#4 15
17.100 0.200 G#4 15
17.400 0.200 G#4 15
17.700 0.200 G#4 15
18.000 0.200 G#4 15
18.200 0.100 G#3 15
18.500 0.400 G#4 15
18.900 0.100 F#4 15
19.200 0.200 A4 15
19.500 0.200 A4 15
19.800 0.200 A4 15
20.100 0.200 A4 15
20.400 0.200 B4 15
20.700 0.200 B4 15
21.000 0.200 B4 15
21.300 0.200 B4 15
21.600 0.200 C#5 15
21.900 0.200 C#5 15
22.200 0.200 B4 15
22.500 0.200 B4 15
22.800 0.200 A4 15
23.100 0.200 A4 15
23.400 0.200 G#4 15
23.700 0.200 G#4 15
24.000 0.200 A4 15
24.300 0.200 A4 15
24.600 0.200 A4 15
24.900 0.200 A4 15
25.200 0.200 B4 15
25.500 0.200 B4 15
25.800 0.200 B4 15
26.100 0.200 B4 15
26.400 0.200 C#5 15
26.700 0.200 C#5 15
27.000 0.200 B4 15
27.300 0.200 B4 15
27.600 0.200 A4 15
27.900 0.200 A4 15
28.200 0.200 G#4 15
28.500 0.200 G#4 15
28.800 0.200 A4 15
29.100 0.200 A4 15
29.400 0.200 A4 15
29.700 0.200 A4 15
30.000 0.200 B4 15
30.300 0.200 B4 15
30.600 0.200 B4 15
30.900 0.200 B4 15
31.200 0.200 C#5 15
31.500 0.200 C#5 15
31.800 0.200 B4 15
32.100 0.200 B4 15
32.400 0.200 A4 15
32.700 0.200 A4 15
33.000 0.200 G#4 15
33.300 0.200 G#4 15
33.600 0.200 A4 15
33.900 0.200 A4 15
34.200 0.200 A4 15
34.500 0.200 A4 15
34.800 0.200 B4 15
35.100 0.200 B4 15
35.400 0.200 B4 15
35.700 0.200 B4 15
36.000 0.200 C#5 15
36.300 0.200 C#5 15
36.600 0.200 B4 15
36.900 0.200 B4 15
37.100 0.100 A4 15
37.700 0.200 G#4 15
38.000 0.200 G#4 15
38.300 0.100 G#4 15
38.600 0.100 A#4 15
38.700 0.200 C#5 15
38.900 0.100 A#4 15
39.000 0.033 E5 15
39.033 0.167 F5 15
39.200 0.100 G#5 15
39.500 0.400 G5 15
39.900 0.200 D#5 15
40.100 0.100 F5 15
41.000 0.100 A#4 15
41.100 0.200 C#5 15
41.300 0.100 A#4 15
41.400 0.033 E5 15
41.433 0.167 F5 15
41.600 0.100 G#5 15
41.900 0.900 G5 15
42.800 0.100 G#5 15
42.900 0.100 A#5 15
43.400 0.100 A#4 15
43.500 0.200 C#5 15
43.700 0.100 A#4 15
43.800 0.033 E5 15
43.833 0.167 F5 15
44.000 0.100 G#5 15
44.300 0.400 G5 15
44.700 0.200 D#5 15
44.900 0.100 F5 15
45.800 0.100 A#4 15
45.900 0.200 C#5 15
46.100 0.100 A#4 15
46.200 0.033 E5 15
46.233 0.167 F5 15
46.400 0.100 G#5 15
46.700 0.900 G5 15
47.600 0.100 G#5 15
47.700 0.100 A#5 15
48.000 0.200 E4 15
48.300 0.200 E4 15
48.600 0.200 E4 15
48.900 0.200 E4 15
49.200 0.200 F#4 15
49.500 0.200 F#4 15
49.800 0.200 F#4 15
50.100 0.200 F#4 15
50.400 0.200 G#4 15
50.700 0.200 G#4 15
51.000 0.200 G#4 15
51.300 0.200 G#4 15
51.600 0.200 G#4 15
51.800 0.100 G#3 15
52.100 0.400 G#4 15
52.500 0.100 F#4 15
52.800 0.200 E4 15
53.100 0.200 E4 15
53.400 0.200 E4 15
53.700 0.200 E4 15
54.000 0.200 F#4 15
54.300 0.200 F#4 15
54.600 0.200 F#4 15
54.900 0.200 F#4 15
55.200 0.200 G#4 15
55.500 0.200 G#4 15
55.800 0.200 G#4 15
56.100 0.200 G#4 15
56.400 0.200 G#4 15
56.600 0.100 G#3 15
56.900 0.400 G#4 15
57.300 0.100 F#4 15
57.600 0.200 A4 15
57.900 0.200 A4 15
58.200 0.200 A4 15
58.500 0.200 A4 15
58.800 0.200 B4 15
59.100 0.200 B4 15
59.400 0.200 B4 15
59.700 0.200 B4 15
60.000 0.200 C#5 15
60.300 0.200 C#5 15
60.600 0.200 B4 15
60.900 0.200 B4 15
61.200 0.200 A4 15
61.500 0.200 A4 15
61.800 0.200 G#4 15
62.100 0.200 G#4 15
62.400 0.200 A4 15
62.700 0.200 A4 15
63.000 0.200 A4 15
63.300 0.200 A4 15
63.600 0.200 B4 15
63.900 0.200 B4 15
64.200 0.200 B4 15
64.500 0.200 B4 15
64.800 0.200 C#5 15
65.100 0.200 C#5 15
65.400 0.200 B4 15
65.700 0.200 B4 15
66.000 0.200 A4 15
66.300 0.200 A4 15
66.600 0.200 G#4 15
66.900 0.200 G#4 15
67.200 0.200 A4 15
67.500 0.200 A4 15
67.800 0.200 A4 15
68.100 0.200 A4 15
68.400 0.200 B4 15
68.700 0.200 B4 15
69.000 0.200 B4 15
69.300 0.200 B4 15
69.600 0.200 C#5 15
69.900 BEGIN_CYCLE
69.900 0.200 C#5 15
70.200 0.200 B4 15
70.500 0.200 B4 15
70.800 0.200 A4 15
71.100 0.200 A4 15
71.400 0.200 G#4 15
71.700 0.200 G#4 15
72.000 0.200 A4 15
72.300 0.200 A4 15
72.600 0.200 A4 15
72.900 0.200 A4 15
73.200 0.200 B4 15
73.500 0.200 B4 15
73.800 0.200 B4 15
74.100 0.200 B4 15
74.400 0.200 C#5 15
74.700 0.200 C#5 15
75.000 0.200 B4 15
75.300 0.200 B4 15
75.500 0.100 A4 15
76.100 0.200 G#4 15
76.400 0.200 G#4 15
76.700 0.100 G#4 15
77.000 0.100 A#4 15
77.100 0.200 C#5 15
77.300 0.100 A#4 15
77.400 0.033 E5 15
77.433 0.167 F5 15
77.600 0.100 G#5 15
77.900 0.400 G5 15
78.300 0.200 D#5 15
78.500 0.100 F5 15
79.400 0.100 A#4 15
79.500 0.200 C#5 15
79.700 0.100 A#4 15
79.800 0.033 E5 15
79.833 0.167 F5 15
80.000 0.100 G#5 15
80.300 0.900 G5 15
81.200 0.100 G#5 15
81.300 0.100 A#5 15
81.800 0.100 A#4 15
81.900 0.200 C#5 15
82.100 0.100 A#4 15
82.200 0.033 E5 15
82.233 0.167 F5 15
82.400 0.100 G#5 15
82.700 0.400 G5 15
83.100 0.200 D#5 15
83.300 0.100 F5 15
84.200 0.100 A#4 15
84.300 0.200 C#5 15
84.500 0.100 A#4 15
84.600 0.033 E5 15
84.633 0.167 F5 15
84.800 0.100 G#5 15
85.100 0.900 G5 15
86.000 0.100 G#5 15
86.100 0.100 A#5 15
86.400 0.200 E4 15
86.700 0.200 E4 15
87.000 0.200 E4 15
87.300 0.200 E4 15
87.600 0.200 F#4 15
87.900 0.200 F#4 15
88.200 0.200 F#4 15
88.500 0.200 F#4 15
88.800 0.200 G#4 15
89.100 0.200 G#4 15
89.400 0.200 G#4 15
89.700 0.200 G#4 15
90.000 0.200 G#4 15
90.200 0.100 G#3 15
90.500 0.400 G#4 15
90.900 0.100 F#4 15
91.200 0.200 E4 15
91.500 0.200 E4 15
91.800 0.200 E4 15
92.100 0.200 E4 15
92.400 0.200 F#4 15
92.700 0.200 F#4 15
93.000 0.200 F#4 15
93.300 0.200 F#4 15
93.600 0.200 G#4 15
93.900 0.200 G#4 15
94.200 0.200 G#4 15
94.500 0.200 G#4 15
94.800 0.200 G#4 15
95.000 0.100 G#3 15
95.300 0.400 G#4 15
95.700 0.100 F#4 15
96.000 0.200 A4 15
96.300 0.200 A4 15
96.600 0.200 A4 15
96.900 0.200 A4 15
97.200 0.200 B4 15
97.500 0.200 B4 15
97.800 0.200 B4 15
98.100 0.200 B4 15
98.400 0.200 C#5 15
98.700 0.200 C#5 15
99.000 0.200 B4 15
99.300 0.200 B4 15
99.600 0.200 A4 15
99.900 0.200 A4 15
100.200 0.200 G#4 15
100.500 0.200 G#4 15
100.800 0.200 A4 15
101.100 0.200 A4 15
101.400 0.200 A4 15
101.700 0.200 A4 15
102.000 0.200 B4 15
102.300 0.200 B4 15
102.600 0.200 B4 15
102.900 0.200 B4 15
103.200 0.200 C#5 15
103.500 0.200 C#5 15
103.800 0.200 B4 15
104.100 0.200 B4 15
104.400 0.200 A4 15
104.700 0.200 A4 15
105.000 0.200 G#4 15
105.300 0.200 G#4 15
105.600 0.200 A4 15
105.900 0.200 A4 15
106.200 0.200 A4 15
106.500 0.200 A4 15
106.800 0.200 B4 15
107.100 0.200 B4 15
107.400 0.200 B4 15
107.700 0.200 B4 15
108.000 0.200 C#5 15
108.300 0.200 C#5 15
108.600 0.200 B4 15
108.900 0.200 B4 15
109.200 0.200 A4 15
109.500 0.200 A4 15
109.800 0.200 G#4 15
110.100 0.200 G#4 15
110.400 0.200 A4 15
110.700 0.200 A4 15
111.000 0.200 A4 15
111.300 0.200 A4 15
111.600 0.200 B4 15
111.900 0.200 B4 15
112.200 0.200 B4 15
112.500 0.200 B4 15
112.800 0.200 C#5 15
113.100 0.200 C#5 15
113.400 0.200 B4 15
113.700 0.200 B4 15
113.900 0.100 A4 15
114.500 0.200 G#4 15
114.800 0.200 G#4 15
115.100 0.100 G#4 15
115.400 0.100 A#4 15
115.500 0.200 C#5 15
115.700 0.100 A#4 15
115.800 0.033 E5 15
115.833 0.167 F5 15
116.000 0.100 G#5 15
116.300 0.400 G5 15
116.700 0.200 D#5 15
116.900 0.100 F5 15
117.800 0.100 A#4 15
117.900 0.200 C#5 15
118.100 0.100 A#4 15
118.200 0.033 E5 15
118.233 0.167 F5 15
118.400 0.100 G#5 15
118.700 0.900 G5 15
119.600 0.100 G#5 15
119.700 0.100 A#5 15
120.200 0.100 A#4 15
120.300 0.200 C#5 15
120.500 0.100 A#4 15
120.600 0.033 E5 15
120.633 0.167 F5 15
120.800 0.100 G#5 15
121.100 0.400 G5 15
121.500 0.200 D#5 15
121.700 0.100 F5 15
122.600 0.100 A#4 15
122.700 0.200 C#5 15
122.900 0.100 A#4 15
123.000 0.033 E5 15
123.033 0.167 F5 15
123.200 0.100 G#5 15
123.500 0.900 G5 15
124.400 0.100 G#5 15
124.500 0.100 A#5 15
124.800 0.200 E4 15
125.100 0.200 E4 15
125.400 0.200 E4 15
125.700 0.200 E4 15
126.000 0.200 F#4 15
126.300 0.200 F#4 15
126.600 0.200 F#4 15
126.900 0.200 F#4 15
127.200 0.200 G#4 15
127.500 0.200 G#4 15
127.800 0.200 G#4 15
128.100 0.200 G#4 15
128.400 0.200 G#4 15
128.600 0.100 G#3 15
128.900 0.400 G#4 15
129.300 0.100 F#4 15
129.600 0.200 E4 15
129.900 0.200 E4 15
130.200 0.200 E4 15
130.500 0.200 E4 15
130.800 0.200 F#4 15
131.100 0.200 F#4 15
131.400 0.200 F#4 15
131.700 0.200 F#4 15
132.000 0.200 G#4 15
132.300 0.200 G#4 15
132.600 0.200 G#4 15
132.900 0.200 G#4 15
133.200 0.200 G#4 15
133.400 0.100 G#3 15
133.700 0.400 G#4 15
134.100 0.100 F#4 15
134.400 0.200 A4 15
134.700 0.200 A4 15
135.000 0.200 A4 15
135.300 0.200 A4 15
135.600 0.200 B4 15
135.900 0.200 B4 15
136.200 0.200 B4 15
136.500 0.200 B4 15
136.800 0.200 C#5 15
137.100 0.200 C#5 15
137.400 0.200 B4 15
137.700 0.200 B4 15
138.000 0.200 A4 15
138.300 0.200 A4 15
138.600 0.200 G#4 15
138.900 0.200 G#4 15
139.200 0.200 A4 15
139.500 0.200 A4 15
139.800 0.200 A4 15
140.100 0.200 A4 15
140.400 0.200 B4 15
140.700 0.200 B4 15
141.000 0.200 B4 15
141.300 0.200 B4 15
141.600 0.200 C#5 15
141.900 0.200 C#5 15
142.200 0.200 B4 15
142.500 0.200 B4 15
142.800 0.200 A4 15
143.100 0.200 A4 15
143.400 0.200 G#4 15
143.700 0.200 G#4 15
144.000 0.200 A4 15
144.300 0.200 A4 15
144.600 0.200 A4 15
144.900 0.200 A4 15
145.200 0.200 B4 15
145.500 0.200 B4 15
145.800 0.200 B4 15
146.100 0.200 B4 15
146.400 0.200 C#5 15
146.700 END_CYCLE

Noise(1071)
time dur noise vol drum
0.000 0.050 0 11 hihat_closed
0.200 0.050 0 11 hihat_closed
0.300 0.050 3 10 snare_body
0.600 0.050 0 11 hihat_closed
0.900 0.050 3 10 snare_body
1.200 0.050 0 11 hihat_closed
1.400 0.050 0 11 hihat_closed
1.500 0.050 3 10 snare_body
1.800 0.050 0 11 hihat_closed
2.100 0.050 3 10 snare_body
2.400 0.050 0 11 hihat_closed
2.600 0.050 0 11 hihat_closed
2.700 0.050 3 10 snare_body
3.000 0.050 0 11 hihat_closed
3.300 0.050 3 10 snare_body
3.600 0.050 0 11 hihat_closed
3.800 0.050 0 11 hihat_closed
3.900 0.050 3 10 snare_body
4.200 0.050 0 11 hihat_closed
4.500 0.050 3 10 snare_body
4.800 0.050 0 11 hihat_closed
5.000 0.050 0 11 hihat_closed
5.100 0.050 3 10 snare_body
5.400 0.050 0 11 hihat_closed
5.700 0.050 3 10 snare_body
6.000 0.050 0 11 hihat_closed
6.200 0.050 0 11 hihat_closed
6.300 0.050 3 10 snare_body
6.600 0.050 0 11 hihat_closed
6.900 0.050 3 10 snare_body
7.200 0.050 0 11 hihat_closed
7.400 0.050 0 11 hihat_closed
7.500 0.050 3 10 snare_body
7.800 0.050 0 11 hihat_closed
8.100 0.050 3 10 snare_body
8.400 0.050 0 11 hihat_closed
8.600 0.050 0 11 hihat_closed
8.700 0.050 3 10 snare_body
9.000 0.050 0 11 hihat_closed
9.300 0.050 3 10 snare_body
9.600 0.050 0 11 hihat_closed
9.800 0.050 0 11 hihat_closed
9.900 0.050 3 10 snare_body
10.200 0.050 0 11 hihat_closed
10.500 0.050 3 10 snare_body
10.800 0.050 0 11 hihat_closed
11.000 0.050 0 11 hihat_closed
11.100 0.050 3 10 snare_body
11.400 0.050 0 11 hihat_closed
11.700 0.050 3 10 snare_body
12.000 0.050 0 11 hihat_closed
12.200 0.050 0 11 hihat_closed
12.300 0.050 3 10 snare_body
12.600 0.050 0 11 hihat_closed
12.900 0.050 3 10 snare_body
13.200 0.050 0 11 hihat_closed
13.400 0.050 0 11 hihat_closed
13.500 0.050 3 10 snare_body
13.800 0.050 0 11 hihat_closed
14.100 0.050 3 10 snare_body
14.400 0.050 0 11 hihat_closed
14.600 0.050 0 11 hihat_closed
14.700 0.050 3 10 snare_body
15.000 0.050 0 11 hihat_closed
15.300 0.050 3 10 snare_body
15.600 0.050 0 11 hihat_closed
15.800 0.050 0 11 hihat_closed
15.900 0.050 3 10 snare_body
16.200 0.050 0 11 hihat_closed
16.500 0.050 3 10 snare_body
16.800 0.050 0 11 hihat_closed
17.000 0.050 0 11 hihat_closed
17.100 0.050 3 10 snare_body
17.400 0.050 0 11 hihat_closed
17.700 0.050 3 10 snare_body
18.000 0.050 0 11 hihat_closed
18.200 0.050 0 11 hihat_closed
18.300 0.050 3 10 snare_body
18.600 0.050 0 11 hihat_closed
18.900 0.050 3 10 snare_body
19.200 0.050 0 11 hihat_closed
19.400 0.050 0 11 hihat_closed
19.500 0.050 3 10 snare_body
19.800 0.050 0 11 hihat_closed
20.100 0.050 3 10 snare_body
20.400 0.050 0 11 hihat_closed
20.600 0.050 0 11 hihat_closed
20.700 0.050 3 10 snare_body
21.000 0.050 0 11 hihat_closed
21.300 0.050 3 10 snare_body
21.600 0.050 0 11 hihat_closed
21.800 0.050 0 11 hihat_closed
21.900 0.050 3 10 snare_body
22.200 0.050 0 11 hihat_closed
22.500 0.050 3 10 snare_body
22.800 0.050 0 11 hihat_closed
23.000 0.050 0 11 hihat_closed
23.100 0.050 3 10 snare_body
23.400 0.050 0 11 hihat_closed
23.700 0.050 3 10 snare_body
24.000 0.050 0 11 hihat_closed
24.200 0.050 0 11 hihat_closed
24.300 0.050 3 10 snare_body
24.600 0.050 0 11 hihat_closed
24.900 0.050 3 10 snare_body
25.200 0.050 0 11 hihat_closed
25.400 0.050 0 11 hihat_closed
25.500 0.050 3 10 snare_body
25.800 0.050 0 11 hihat_closed
26.100 0.050 3 10 snare_body
26.400 0.050 0 11 hihat_closed
26.600 0.050 0 11 hihat_closed
26.700 0.050 3 10 snare_body
27.000 0.050 0 11 hihat_closed
27.300 0.050 3 10 snare_body
27.600 0.050 0 11 hihat_closed
27.800 0.050 0 11 hihat_closed
27.900 0.050 3 10 snare_body
28.200 0.050 0 11 hihat_closed
28.500 0.050 3 10 snare_body
28.800 0.050 0 11 hihat_closed
29.000 0.050 0 11 hihat_closed
29.100 0.050 3 10 snare_body
29.400 0.050 0 11 hihat_closed
29.700 0.050 3 10 snare_body
30.000 0.050 0 11 hihat_closed
30.200 0.050 0 11 hihat_closed
30.300 0.050 3 10 snare_body
30.600 0.050 0 11 hihat_closed
30.900 0.050 3 10 snare_body
31.200 0.050 0 11 hihat_closed
31.400 0.050 0 11 hihat_closed
31.500 0.050 3 10 snare_body
31.800 0.050 0 11 hihat_closed
32.100 0.050 3 10 snare_body
32.400 0.050 0 11 hihat_closed
32.600 0.050 0 11 hihat_closed
32.700 0.050 3 10 snare_body
33.000 0.050 0 11 hihat_closed
33.300 0.050 3 10 snare_body
33.600 0.050 0 11 hihat_closed
33.800 0.050 0 11 hihat_closed
33.900 0.050 3 10 snare_body
34.200 0.050 0 11 hihat_closed
34.500 0.050 3 10 snare_body
34.800 0.050 0 11 hihat_closed
35.000 0.050 0 11 hihat_closed
35.100 0.050 3 10 snare_body
35.400 0.050 0 11 hihat_closed
35.700 0.050 3 10 snare_body
36.000 0.050 0 11 hihat_closed
36.200 0.050 0 11 hihat_closed
36.300 0.050 3 10 snare_body
36.600 0.050 0 11 hihat_closed
36.900 0.050 3 10 snare_body
37.200 0.050 0 11 hihat_closed
37.400 0.050 0 11 hihat_closed
37.500 0.050 3 10 snare_body
37.800 0.050 0 11 hihat_closed
38.100 0.050 3 10 snare_body
38.400 0.050 0 11 hihat_closed
38.600 0.050 0 11 hihat_closed
38.700 0.050 3 10 snare_body
39.000 0.050 0 11 hihat_closed
39.300 0.050 3 10 snare_body
39.600 0.050 0 11 hihat_closed
39.800 0.050 0 11 hihat_closed
39.900 0.050 3 10 snare_body
40.200 0.050 0 11 hihat_closed
40.500 0.050 3 10 snare_body
40.800 0.050 0 11 hihat_closed
41.000 0.050 0 11 hihat_closed
41.100 0.050 3 10 snare_body
41.400 0.050 0 11 hihat_closed
41.700 0.050 3 10 snare_body
42.000 0.050 0 11 hihat_closed
42.200 0.050 0 11 hihat_closed
42.300 0.050 3 10 snare_body
42.600 0.050 0 11 hihat_closed
42.900 0.050 3 10 snare_body
43.200 0.050 0 11 hihat_closed
43.400 0.050 0 11 hihat_closed
43.500 0.050 3 10 snare_body
43.800 0.050 0 11 hihat_closed
44.100 0.050 3 10 snare_body
44.400 0.050 0 11 hihat_closed
44.600 0.050 0 11 hihat_closed
44.700 0.050 3 10 snare_body
45.000 0.050 0 11 hihat_closed
45.300 0.050 3 10 snare_body
45.600 0.050 0 11 hihat_closed
45.800 0.050 0 11 hihat_closed
45.900 0.050 3 10 snare_body
46.200 0.050 0 11 hihat_closed
46.500 0.050 3 10 snare_body
46.800 0.050 0 11 hihat_closed
47.000 0.050 0 11 hihat_closed
47.100 0.050 3 10 snare_body
47.400 0.050 0 11 hihat_closed
47.700 0.050 3 10 snare_body
48.000 0.050 0 11 hihat_closed
48.200 0.050 0 11 hihat_closed
48.300 0.050 3 10 snare_body
48.600 0.050 0 11 hihat_closed
48.900 0.050 3 10 snare_body
49.200 0.050 0 11 hihat_closed
49.400 0.050 0 11 hihat_closed
49.500 0.050 3 10 snare_body
49.800 0.050 0 11 hihat_closed
50.100 0.050 3 10 snare_body
50.400 0.050 0 11 hihat_closed
50.600 0.050 0 11 hihat_closed
50.700 0.050 3 10 snare_body
51.000 0.050 0 11 hihat_closed
51.300 0.050 3 10 snare_body
51.600 0.050 0 11 hihat_closed
51.800 0.050 0 11 hihat_closed
51.900 0.050 3 10 snare_body
52.200 0.050 0 11 hihat_closed
52.500 0.050 3 10 snare_body
52.800 0.050 0 11 hihat_closed
53.000 0.050 0 11 hihat_closed
53.100 0.050 3 10 snare_body
53.400 0.050 0 11 hihat_closed
53.700 0.050 3 10 snare_body
54.000 0.050 0 11 hihat_closed
54.200 0.050 0 11 hihat_closed
54.300 0.050 3 10 snare_body
54.600 0.050 0 11 hihat_closed
54.900 0.050 3 10 snare_body
55.200 0.050 0 11 hihat_closed
55.400 0.050 0 11 hihat_closed
55.500 0.050 3 10 snare_body
55.800 0.050 0 11 hihat_closed
56.100 0.050 3 10 snare_body
56.400 0.050 0 11 hihat_closed
56.600 0.050 0 11 hihat_closed
56.700 0.050 3 10 snare_body
57.000 0.050 0 11 hihat_closed
57.300 0.050 3 10 snare_body
57.600 0.050 0 11 hihat_closed
57.800 0.050 0 11 hihat_closed
57.900 0.050 3 10 snare_body
58.200 0.050 0 11 hihat_closed
58.500 0.050 3 10 snare_body
58.800 0.050 0 11 hihat_closed
59.000 0.050 0 11 hihat_closed
59.100 0.050 3 10 snare_body
59.400 0.050 0 11 hihat_closed
59.700 0.050 3 10 snare_body
60.000 0.050 0 11 hihat_closed
60.200 0.050 0 11 hihat_closed
60.300 0.050 3 10 snare_body
60.600 0.050 0 11 hihat_closed
60.900 0.050 3 10 snare_body
61.200 0.050 0 11 hihat_closed
61.400 0.050 0 11 hihat_closed
61.500 0.050 3 10 snare_body
61.800 0.050 0 11 hihat_closed
62.100 0.050 3 10 snare_body
62.400 0.050 0 11 hihat_closed
62.600 0.050 0 11 hihat_closed
62.700 0.050 3 10 snare_body
63.000 0.050 0 11 hihat_closed
63.300 0.050 3 10 snare_body
63.600 0.050 0 11 hihat_closed
63.800 0.050 0 11 hihat_closed
63.900 0.050 3 10 snare_body
64.200 0.050 0 11 hihat_closed
64.500 0.050 3 10 snare_body
64.800 0.050 0 11 hihat_closed
65.000 0.050 0 11 hihat_closed
65.100 0.050 3 10 snare_body
65.400 0.050 0 11 hihat_closed
65.700 0.050 3 10 snare_body
66.000 0.050 0 11 hihat_closed
66.200 0.050 0 11 hihat_closed
66.300 0.050 3 10 snare_body
66.600 0.050 0 11 hihat_closed
66.900 0.050 3 10 snare_body
67.200 0.050 0 11 hihat_closed
67.400 0.050 0 11 hihat_closed
67.500 0.050 3 10 snare_body
67.800 0.050 0 11 hihat_closed
68.100 0.050 3 10 snare_body
68.400 0.050 0 11 hihat_closed
68.600 0.050 0 11 hihat_closed
68.700 0.050 3 10 snare_body
69.000 0.050 0 11 hihat_closed
69.300 0.050 3 10 snare_body
69.600 0.050 0 11 hihat_closed
69.800 0.050 0 11 hihat_closed
69.900 0.050 3 10 snare_body
70.200 0.050 0 11 hihat_closed
70.500 0.050 3 10 snare_body
70.800 0.050 0 11 hihat_closed
71.000 0.050 0 11 hihat_closed
71.100 0.050 3 10 snare_body
71.400 0.050 0 11 hihat_closed
71.700 0.050 3 10 snare_body
72.000 0.050 0 11 hihat_closed
72.200 0.050 0 11 hihat_closed
72.300 0.050 3 10 snare_body
72.600 0.050 0 11 hihat_closed
72.900 0.050 3 10 snare_body
73.200 0.050 0 11 hihat_closed
73.400 0.050 0 11 hihat_closed
73.500 0.050 3 10 snare_body
73.800 0.050 0 11 hihat_closed
74.100 0.050 3 10 snare_body
74.400 0.050 0 11 hihat_closed
74.600 0.050 0 11 hihat_closed
74.700 0.050 3 10 snare_body
75.000 0.050 0 11 hihat_closed
75.300 0.050 3 10 snare_body
75.600 0.050 0 11 hihat_closed
75.800 0.050 0 11 hihat_closed
75.900 0.050 3 10 snare_body
76.200 0.050 0 11 hihat_closed
76.500 0.050 3 10 snare_body
76.800 0.050 0 11 hihat_closed
77.000 0.050 0 11 hihat_closed
77.100 0.050 3 10 snare_body
77.400 0.050 0 11 hihat_closed
77.700 0.050 3 10 snare_body
78.000 0.050 0 11 hihat_closed
78.200 0.050 0 11 hihat_closed
78.300 0.050 3 10 snare_body
78.600 0.050 0 11 hihat_closed
78.900 0.050 3 10 snare_body
79.200 0.050 0 11 hihat_closed
79.400 0.050 0 11 hihat_closed
79.500 0.050 3 10 snare_body
79.800 0.050 0 11 hihat_closed
80.100 0.050 3 10 snare_body
80.400 0.050 0 11 hihat_closed
80.600 0.050 0 11 hihat_closed
80.700 0.050 3 10 snare_body
81.000 0.050 0 11 hihat_closed
81.300 0.050 3 10 snare_body
81.600 0.050 0 11 hihat_closed
81.800 0.050 0 11 hihat_closed
81.900 0.050 3 10 snare_body
82.200 0.050 0 11 hihat_closed
82.500 0.050 3 10 snare_body
82.800 0.050 0 11 hihat_closed
83.000 0.050 0 11 hihat_closed
83.100 0.050 3 10 snare_body
83.400 0.050 0 11 hihat_closed
83.700 0.050 3 10 snare_body
84.000 0.050 0 11 hihat_closed
84.200 0.050 0 11 hihat_closed
84.300 0.050 3 10 snare_body
84.600 0.050 0 11 hihat_closed
84.900 0.050 3 10 snare_body
85.200 0.050 0 11 hihat_closed
85.400 0.050 0 11 hihat_closed
85.500 0.050 3 10 snare_body
85.800 0.050 0 11 hihat_closed
86.100 0.050 3 10 snare_body
86.400 0.050 0 11 hihat_closed
86.600 0.050 0 11 hihat_closed
86.700 0.050 3 10 snare_body
87.000 0.050 0 11 hihat_closed
87.300 0.050 3 10 snare_body
87.600 0.050 0 11 hihat_closed
87.800 0.050 0 11 hihat_closed
87.900 0.050 3 10 snare_body
88.200 0.050 0 11 hihat_closed
88.500 0.050 3 10 snare_body
88.800 0.050 0 11 hihat_closed
89.000 0.050 0 11 hihat_closed
89.100 0.050 3 10 snare_body
89.400 0.050 0 11 hihat_closed
89.700 0.050 3 10 snare_body
90.000 0.050 0 11 hihat_closed
90.200 0.050 0 11 hihat_closed
90.300 0.050 3 10 snare_body
90.600 0.050 0 11 hihat_closed
90.900 0.050 3 10 snare_body
91.200 0.050 0 11 hihat_closed
91.400 0.050 0 11 hihat_closed
91.500 0.050 3 10 snare_body
91.800 0.050 0 11 hihat_closed
92.100 0.050 3 10 snare_body
92.400 0.050 0 11 hihat_closed
92.600 0.050 0 11 hihat_closed
92.700 0.050 3 10 snare_body
93.000 0.050 0 11 hihat_closed
93.300 0.050 3 10 snare_body
93.600 0.050 0 11 hihat_closed
93.800 0.050 0 11 hihat_closed
93.900 0.050 3 10 snare_body
94.200 0.050 0 11 hihat_closed
94.500 0.050 3 10 snare_body
94.800 0.050 0 11 hihat_closed
95.000 0.050 0 11 hihat_closed
95.100 0.050 3 10 snare_body
95.400 0.050 0 11 hihat_closed
95.700 0.050 3 10 snare_body
96.000 0.050 0 11 hihat_closed
96.200 0.050 0 11 hihat_closed
96.300 0.050 3 10 snare_body
96.600 0.050 0 11 hihat_closed
96.900 0.050 3 10 snare_body
97.200 0.050 0 11 hihat_closed
97.400 0.050 0 11 hihat_closed
97.500 0.050 3 10 snare_body
97.800 0.050 0 11 hihat_closed
98.100 0.050 3 10 snare_body
98.400 0.050 0 11 hihat_closed
98.600 0.050 0 11 hihat_closed
98.700 0.050 3 10 snare_body
99.000 0.050 0 11 hihat_closed
99.300 0.050 3 10 snare_body
99.600 0.050 0 11 hihat_closed
99.800 0.050 0 11 hihat_closed
99.900 0.050 3 10 snare_body
100.200 0.050 0 11 hihat_closed
100.500 0.050 3 10 snare_body
100.800 0.050 0 11 hihat_closed
101.000 0.050 0 11 hihat_closed
101.100 0.050 3 10 snare_body
101.400 0.050 0 11 hihat_closed
101.700 0.050 3 10 snare_body
102.000 0.050 0 11 hihat_closed
102.200 0.050 0 11 hihat_closed
102.300 0.050 3 10 snare_body
102.600 0.050 0 11 hihat_closed
102.900 0.050 3 10 snare_body
103.200 0.050 0 11 hihat_closed
103.400 0.050 0 11 hihat_closed
103.500 0.050 3 10 snare_body
103.800 0.050 0 11 hihat_closed
104.100 0.050 3 10 snare_body
104.400 0.050 0 11 hihat_closed
104.600 0.050 0 11 hihat_closed
104.700 0.050 3 10 snare_body
105.000 0.050 0 11 hihat_closed
105.300 0.050 3 10 snare_body
105.600 0.050 0 11 hihat_closed
105.800 0.050 0 11 hihat_closed
105.900 0.050 3 10 snare_body
106.200 0.050 0 11 hihat_closed
106.500 0.050 3 10 snare_body
106.800 0.050 0 11 hihat_closed
107.000 0.050 0 11 hihat_closed
107.100 0.050 3 10 snare_body
107.400 0.050 0 11 hihat_closed
107.700 0.050 3 10 snare_body
108.000 0.050 0 11 hihat_closed
108.200 0.050 0 11 hihat_closed
108.300 0.050 3 10 snare_body
108.600 0.050 0 11 hihat_closed
108.900 0.050 3 10 snare_body
109.200 0.050 0 11 hihat_closed
109.400 0.050 0 11 hihat_closed
109.500 0.050 3 10 snare_body
109.800 0.050 0 11 hihat_closed
110.100 0.050 3 10 snare_body
110.400 0.050 0 11 hihat_closed
110.600 0.050 0 11 hihat_closed
110.700 0.050 3 10 snare_body
111.000 0.050 0 11 hihat_closed
111.300 0.050 3 10 snare_body
111.600 0.050 0 11 hihat_closed
111.800 0.050 0 11 hihat_closed
111.900 0.050 3 10 snare_body
112.200 0.050 0 11 hihat_closed
112.500 0.050 3 10 snare_body
112.800 0.050 0 11 hihat_closed
113.000 0.050 0 11 hihat_closed
113.100 0.050 3 10 snare_body
113.400 0.050 0 11 hihat_closed
113.700 0.050 3 10 snare_body
114.000 0.050 0 11 hihat_closed
114.200 0.050 0 11 hihat_closed
114.300 0.050 3 10 snare_body
114.600 0.050 0 11 hihat_closed
114.900 0.050 3 10 snare_body
115.200 0.050 0 11 hihat_closed
115.400 0.050 0 11 hihat_closed
115.500 0.050 3 10 snare_body
115.800 0.050 0 11 hihat_closed
116.100 0.050 3 10 snare_body
116.400 0.050 0 11 hihat_closed
116.600 0.050 0 11 hihat_closed
116.700 0.050 3 10 snare_body
117.000 0.050 0 11 hihat_closed
117.300 0.050 3 10 snare_body
117.600 0.050 0 11 hihat_closed
117.800 0.050 0 11 hihat_closed
117.900 0.050 3 10 snare_body
118.200 0.050 0 11 hihat_closed
118.500 0.050 3 10 snare_body
118.800 0.050 0 11 hihat_closed
119.000 0.050 0 11 hihat_closed
119.100 0.050 3 10 snare_body
119.400 0.050 0 11 hihat_closed
119.700 0.050 3 10 snare_body
120.000 0.050 0 11 hihat_closed
120.200 0.050 0 11 hihat_closed
120.300 0.050 3 10 snare_body
120.600 0.050 0 11 hihat_closed
120.900 0.050 3 10 snare_body
121.200 0.050 0 11 hihat_closed
121.400 0.050 0 11 hihat_closed
121.500 0.050 3 10 snare_body
121.800 0.050 0 11 hihat_closed
122.100 0.050 3 10 snare_body
122.400 0.050 0 11 hihat_closed
122.600 0.050 0 11 hihat_closed
122.700 0.050 3 10 snare_body
123.000 0.050 0 11 hihat_closed
123.300 0.050 3 10 snare_body
123.600 0.050 0 11 hihat_closed
123.800 0.050 0 11 hihat_closed
123.900 0.050 3 10 snare_body
124.200 0.050 0 11 hihat_closed
124.500 0.050 3 10 snare_body
124.800 0.050 0 11 hihat_closed
125.000 0.050 0 11 hihat_closed
125.100 0.050 3 10 snare_body
125.400 0.050 0 11 hihat_closed
125.700 0.050 3 10 snare_body
126.000 0.050 0 11 hihat_closed
126.200 0.050 0 11 hihat_closed
126.300 0.050 3 10 snare_body
126.600 0.050 0 11 hihat_closed
126.900 0.050 3 10 snare_body
127.200 0.050 0 11 hihat_closed
127.400 0.050 0 11 hihat_closed
127.500 0.050 3 10 snare_body
127.800 0.050 0 11 hihat_closed
128.100 0.050 3 10 snare_body
128.400 0.050 0 11 hihat_closed
128.600 0.050 0 11 hihat_closed
128.700 0.050 3 10 snare_body
129.000 0.050 0 11 hihat_closed
129.300 0.050 3 10 snare_body
129.600 0.050 0 11 hihat_closed
129.800 0.050 0 11 hihat_closed
129.900 0.050 3 10 snare_body
130.200 0.050 0 11 hihat_closed
130.500 0.050 3 10 snare_body
130.800 0.050 0 11 hihat_closed
131.000 0.050 0 11 hihat_closed
131.100 0.050 3 10 snare_body
131.400 0.050 0 11 hihat_closed
131.700 0.050 3 10 snare_body
132.000 0.050 0 11 hihat_closed
132.200 0.050 0 11 hihat_closed
132.300 0.050 3 10 snare_body
132.600 0.050 0 11 hihat_closed
132.900 0.050 3 10 snare_body
133.200 0.050 0 11 hihat_closed
133.400 0.050 0 11 hihat_closed
133.500 0.050 3 10 snare_body
133.800 0.050 0 11 hihat_closed
134.100 0.050 3 10 snare_body
134.400 0.050 0 11 hihat_closed
134.600 0.050 0 11 hihat_closed
134.700 0.050 3 10 snare_body
135.000 0.050 0 11 hihat_closed
135.300 0.050 3 10 snare_body
135.600 0.050 0 11 hihat_closed
135.800 0.050 0 11 hihat_closed
135.900 0.050 3 10 snare_body
136.200 0.050 0 11 hihat_closed
136.500 0.050 3 10 snare_body
136.800 0.050 0 11 hihat_closed
137.000 0.050 0 11 hihat_closed
137.100 0.050 3 10 snare_body
137.400 0.050 0 11 hihat_closed
137.700 0.050 3 10 snare_body
138.000 0.050 0 11 hihat_closed
138.200 0.050 0 11 hihat_closed
138.300 0.050 3 10 snare_body
138.600 0.050 0 11 hihat_closed
138.900 0.050 3 10 snare_body
139.200 0.050 0 11 hihat_closed
139.400 0.050 0 11 hihat_closed
139.500 0.050 3 10 snare_body
139.800 0.050 0 11 hihat_closed
140.100 0.050 3 10 snare_body
140.400 0.050 0 11 hihat_closed
140.600 0.050 0 11 hihat_closed
140.700 0.050 3 10 snare_body
141.000 0.050 0 11 hihat_closed
141.300 0.050 3 10 snare_body
141.600 0.050 0 11 hihat_closed
141.800 0.050 0 11 hihat_closed
141.900 0.050 3 10 snare_body
142.200 0.050 0 11 hihat_closed
142.500 0.050 3 10 snare_body
142.800 0.050 0 11 hihat_closed
143.000 0.050 0 11 hihat_closed
143.100 0.050 3 10 snare_body
143.400 0.050 0 11 hihat_closed
143.700 0.050 3 10 snare_body
144.000 0.050 0 11 hihat_closed
144.200 0.050 0 11 hihat_closed
144.300 0.050 3 10 snare_body
144.600 0.050 0 11 hihat_closed
144.900 0.050 3 10 snare_body
145.200 0.050 0 11 hihat_closed
145.400 0.050 0 11 hihat_closed
145.500 0.050 3 10 snare_body
145.800 0.050 0 11 hihat_closed
146.100 0.050 3 10 snare_body
146.400 0.050 0 11 hihat_closed
146.600 0.050 0 11 hihat_closed
146.700 0.050 3 10 snare_body
147.000 0.050 0 11 hihat_closed
147.300 0.050 3 10 snare_body
147.600 0.050 0 11 hihat_closed
147.800 0.050 0 11 hihat_closed
147.900 0.050 3 10 snare_body
148.200 0.050 0 11 hihat_closed
148.500 0.050 3 10 snare_body
148.800 0.050 0 11 hihat_closed
149.000 0.050 0 11 hihat_closed
149.100 0.050 3 10 snare_body
149.400 0.050 0 11 hihat_closed
149.700 0.050 3 10 snare_body
150.000 0.050 0 11 hihat_closed
150.200 0.050 0 11 hihat_closed
150.300 0.050 3 10 snare_body
150.600 0.050 0 11 hihat_closed
150.900 0.050 3 10 snare_body
151.200 0.050 0 11 hihat_closed
151.400 0.050 0 11 hihat_closed
151.500 0.050 3 10 snare_body
151.800 0.050 0 11 hihat_closed
152.100 0.050 3 10 snare_body
152.400 0.050 0 11 hihat_closed
152.600 0.050 0 11 hihat_closed
152.700 0.050 3 10 snare_body
153.000 0.050 0 11 hihat_closed
153.300 0.050 3 10 snare_body
153.600 0.050 0 11 hihat_closed
153.800 0.050 0 11 hihat_closed
153.900 0.050 3 10 snare_body
154.200 0.050 0 11 hihat_closed
154.500 0.050 3 10 snare_body
154.800 0.050 0 11 hihat_closed
155.000 0.050 0 11 hihat_closed
155.100 0.050 3 10 snare_body
155.400 0.050 0 11 hihat_closed
155.700 0.050 3 10 snare_body
156.000 0.050 0 11 hihat_closed
156.200 0.050 0 11 hihat_closed
156.300 0.050 3 10 snare_body
156.600 0.050 0 11 hihat_closed
156.900 0.050 3 10 snare_body
157.200 0.050 0 11 hihat_closed
157.400 0.050 0 11 hihat_closed
157.500 0.050 3 10 snare_body
157.800 0.050 0 11 hihat_closed
158.100 0.050 3 10 snare_body
158.400 0.050 0 11 hihat_closed
158.600 0.050 0 11 hihat_closed
158.700 0.050 3 10 snare_body
159.000 0.050 0 11 hihat_closed
159.300 0.050 3 10 snare_body
159.600 0.050 0 11 hihat_closed
159.800 0.050 0 11 hihat_closed
159.900 0.050 3 10 snare_body
160.200 0.050 0 11 hihat_closed
160.500 0.050 3 10 snare_body
160.800 0.050 0 11 hihat_closed
161.000 0.050 0 11 hihat_closed
161.100 0.050 3 10 snare_body
161.400 0.050 0 11 hihat_closed
161.700 0.050 3 10 snare_body
162.000 0.050 0 11 hihat_closed
162.200 0.050 0 11 hihat_closed
162.300 0.050 3 10 snare_body
162.600 0.050 0 11 hihat_closed
162.900 0.050 3 10 snare_body
163.200 0.050 0 11 hihat_closed
163.400 0.050 0 11 hihat_closed
163.500 0.050 3 10 snare_body
163.800 0.050 0 11 hihat_closed
164.100 0.050 3 10 snare_body
164.400 0.050 0 11 hihat_closed
164.600 0.050 0 11 hihat_closed
164.700 0.050 3 10 snare_body
165.000 0.050 0 11 hihat_closed
165.300 0.050 3 10 snare_body
165.600 0.050 0 11 hihat_closed
165.800 0.050 0 11 hihat_closed
165.900 0.050 3 10 snare_body
166.200 0.050 0 11 hihat_closed
166.500 0.050 3 10 snare_body
166.800 0.050 0 11 hihat_closed
167.000 0.050 0 11 hihat_closed
167.100 0.050 3 10 snare_body
167.400 0.050 0 11 hihat_closed
167.700 0.050 3 10 snare_body
168.000 0.050 0 11 hihat_closed
168.200 0.050 0 11 hihat_closed
168.300 0.050 3 10 snare_body
168.600 0.050 0 11 hihat_closed
168.900 0.050 3 10 snare_body
169.200 0.050 0 11 hihat_closed
169.400 0.050 0 11 hihat_closed
169.500 0.050 3 10 snare_body
169.800 0.050 0 11 hihat_closed
170.100 0.050 3 10 snare_body
170.400 0.050 0 11 hihat_closed
170.600 0.050 0 11 hihat_closed
170.700 0.050 3 10 snare_body
171.000 0.050 0 11 hihat_closed
171.300 0.050 3 10 snare_body
171.600 0.050 0 11 hihat_closed
171.800 0.050 0 11 hihat_closed
171.900 0.050 3 10 snare_body
172.200 0.050 0 11 hihat_closed
172.500 0.050 3 10 snare_body
172.800 0.050 0 11 hihat_closed
173.000 0.050 0 11 hihat_closed
173.100 0.050 3 10 snare_body
173.400 0.050 0 11 hihat_closed
173.700 0.050 3 10 snare_body
174.000 0.050 0 11 hihat_closed
174.200 0.050 0 11 hihat_closed
174.300 0.050 3 10 snare_body
174.600 0.050 0 11 hihat_closed
174.900 0.050 3 10 snare_body
175.200 0.050 0 11 hihat_closed
175.400 0.050 0 11 hihat_closed
175.500 0.050 3 10 snare_body
175.800 0.050 0 11 hihat_closed
176.100 0.050 3 10 snare_body
176.400 0.050 0 11 hihat_closed
176.600 0.050 0 11 hihat_closed
176.700 0.050 3 10 snare_body
177.000 0.050 0 11 hihat_closed
177.300 0.050 3 10 snare_body
177.600 0.050 0 11 hihat_closed
177.800 0.050 0 11 hihat_closed
177.900 0.050 3 10 snare_body
178.200 0.050 0 11 hihat_closed
178.500 0.050 3 10 snare_body
178.800 0.050 0 11 hihat_closed
179.000 0.050 0 11 hihat_closed
179.100 0.050 3 10 snare_body
179.400 0.050 0 11 hihat_closed
179.700 0.050 3 10 snare_body
180.000 0.050 0 11 hihat_closed
180.200 0.050 0 11 hihat_closed
180.300 0.050 3 10 snare_body
180.600 0.050 0 11 hihat_closed
180.900 0.050 3 10 snare_body
181.200 0.050 0 11 hihat_closed
181.400 0.050 0 11 hihat_closed
181.500 0.050 3 10 snare_body
181.800 0.050 0 11 hihat_closed
182.100 0.050 3 10 snare_body
182.400 0.050 0 11 hihat_closed
182.600 0.050 0 11 hihat_closed
182.700 0.050 3 10 snare_body
183.000 0.050 0 11 hihat_closed
183.300 0.050 3 10 snare_body
183.600 0.050 0 11 hihat_closed
183.800 0.050 0 11 hihat_closed
183.900 0.050 3 10 snare_body
184.200 0.050 0 11 hihat_closed
184.500 0.050 3 10 snare_body
184.800 0.050 0 11 hihat_closed
185.000 0.050 0 11 hihat_closed
185.100 0.050 3 10 snare_body
185.400 0.050 0 11 hihat_closed
185.700 0.050 3 10 snare_body
186.000 0.050 0 11 hihat_closed
186.200 0.050 0 11 hihat_closed
186.300 0.050 3 10 snare_body
186.600 0.050 0 11 hihat_closed
186.900 0.050 3 10 snare_body
187.200 0.050 0 11 hihat_closed
187.400 0.050 0 11 hihat_closed
187.500 0.050 3 10 snare_body
187.800 0.050 0 11 hihat_closed
188.100 0.050 3 10 snare_body
188.400 0.050 0 11 hihat_closed
188.600 0.050 0 11 hihat_closed
188.700 0.050 3 10 snare_body
189.000 0.050 0 11 hihat_closed
189.300 0.050 3 10 snare_body
189.600 0.050 0 11 hihat_closed
189.800 0.050 0 11 hihat_closed
189.900 0.050 3 10 snare_body
190.200 0.050 0 11 hihat_closed
190.500 0.050 3 10 snare_body
190.800 0.050 0 11 hihat_closed
191.000 0.050 0 11 hihat_closed
191.100 0.050 3 10 snare_body
191.400 0.050 0 11 hihat_closed
191.700 0.050 3 10 snare_body
192.000 0.050 0 11 hihat_closed
192.200 0.050 0 11 hihat_closed
192.300 0.050 3 10 snare_body
192.600 0.050 0 11 hihat_closed
192.900 0.050 3 10 snare_body
193.200 0.050 0 11 hihat_closed
193.400 0.050 0 11 hihat_closed
193.500 0.050 3 10 snare_body
193.800 0.050 0 11 hihat_closed
194.100 0.050 3 10 snare_body
194.400 0.050 0 11 hihat_closed
194.600 0.050 0 11 hihat_closed
194.700 0.050 3 10 snare_body
195.000 0.050 0 11 hihat_closed
195.300 0.050 3 10 snare_body
195.600 0.050 0 11 hihat_closed
195.800 0.050 0 11 hihat_closed
195.900 0.050 3 10 snare_body
196.200 0.050 0 11 hihat_closed
196.500 0.050 3 10 snare_body
196.800 0.050 0 11 hihat_closed
197.000 0.050 0 11 hihat_closed
197.100 0.050 3 10 snare_body
197.400 0.050 0 11 hihat_closed
197.700 0.050 3 10 snare_body
198.000 0.050 0 11 hihat_closed
198.200 0.050 0 11 hihat_closed
198.300 0.050 3 10 snare_body
198.600 0.050 0 11 hihat_closed
198.900 0.050 3 10 snare_body
199.200 0.050 0 11 hihat_closed
199.400 0.050 0 11 hihat_closed
199.500 0.050 3 10 snare_body
199.800 0.050 0 11 hihat_closed
200.100 0.050 3 10 snare_body
200.400 0.050 0 11 hihat_closed
200.600 0.050 0 11 hihat_closed
200.700 0.050 3 10 snare_body
201.000 0.050 0 11 hihat_closed
201.300 0.050 3 10 snare_body
201.600 0.050 0 11 hihat_closed
201.800 0.050 0 11 hihat_closed
201.900 0.050 3 10 snare_body
202.200 0.050 0 11 hihat_closed
202.500 0.050 3 10 snare_body
202.800 0.050 0 11 hihat_closed
203.000 0.050 0 11 hihat_closed
203.100 0.050 3 10 snare_body
203.400 0.050 0 11 hihat_closed
203.700 0.050 3 10 snare_body
204.000 0.050 0 11 hihat_closed
204.200 0.050 0 11 hihat_closed
204.300 0.050 3 10 snare_body
204.600 0.050 0 11 hihat_closed
204.900 0.050 3 10 snare_body
205.200 0.050 0 11 hihat_closed
205.400 0.050 0 11 hihat_closed
205.500 0.050 3 10 snare_body
205.800 0.050 0 11 hihat_closed
206.100 0.050 3 10 snare_body
206.400 0.050 0 11 hihat_closed
206.600 0.050 0 11 hihat_closed
206.700 0.050 3 10 snare_body
207.000 0.050 0 11 hihat_closed
207.300 0.050 3 10 snare_body
207.600 0.050 0 11 hihat_closed
207.800 0.050 0 11 hihat_closed
207.900 0.050 3 10 snare_body
208.200 0.050 0 11 hihat_closed
208.500 0.050 3 10 snare_body
208.800 0.050 0 11 hihat_closed
209.000 0.050 0 11 hihat_closed
209.100 0.050 3 10 snare_body
209.400 0.050 0 11 hihat_closed
209.700 0.050 3 10 snare_body
210.000 0.050 0 11 hihat_closed
210.200 0.050 0 11 hihat_closed
210.300 0.050 3 10 snare_body
210.600 0.050 0 11 hihat_closed
210.900 0.050 3 10 snare_body
211.200 0.050 0 11 hihat_closed
211.400 0.050 0 11 hihat_closed
211.500 0.050 3 10 snare_body
211.800 0.050 0 11 hihat_closed
212.100 0.050 3 10 snare_body
212.400 0.050 0 11 hihat_closed
212.600 0.050 0 11 hihat_closed
212.700 0.050 3 10 snare_body
213.000 0.050 0 11 hihat_closed
213.300 0.050 3 10 snare_body
213.600 0.050 0 11 hihat_closed
213.800 0.050 0 11 hihat_closed
213.900 0.050 3 10 snare_body
214.200 0.050 0 11 hihat_closed
214.500 0.050 3 10 snare_body
214.800 0.050 0 11 hihat_closed
215.000 0.050 0 11 hihat_closed
215.100 0.050 3 10 snare_body
215.400 0.050 0 11 hihat_closed
215.700 0.050 3 10 snare_body
216.000 0.050 0 11 hihat_closed
216.200 0.050 0 11 hihat_closed
216.300 0.050 3 10 snare_body
216.600 0.050 0 11 hihat_closed
216.900 0.050 3 10 snare_body
217.200 0.050 0 11 hihat_closed
217.400 0.050 0 11 hihat_closed
217.500 0.050 3 10 snare_body
217.800 0.050 0 11 hihat_closed
218.100 0.050 3 10 snare_body
218.400 0.050 0 11 hihat_closed
218.600 0.050 0 11 hihat_closed
218.700 0.050 3 10 snare_body
219.000 0.050 0 11 hihat_closed
219.300 0.050 3 10 snare_body
219.600 0.050 0 11 hihat_closed
219.800 0.050 0 11 hihat_closed
219.900 0.050 3 10 snare_body
220.200 0.050 0 11 hihat_closed
220.500 0.050 3 10 snare_body
220.800 0.050 0 11 hihat_closed
221.000 0.050 0 11 hihat_closed
221.100 0.050 3 10 snare_body
221.400 0.050 0 11 hihat_closed
221.700 0.050 3 10 snare_body
222.000 0.050 0 11 hihat_closed
222.200 0.050 0 11 hihat_closed
222.300 0.050 3 10 snare_body
222.600 0.050 0 11 hihat_closed
222.900 0.050 3 10 snare_body
223.200 0.050 0 11 hihat_closed
223.400 0.050 0 11 hihat_closed
223.500 0.050 3 10 snare_body
223.800 0.050 0 11 hihat_closed
224.100 0.050 3 10 snare_body
224.400 0.050 0 11 hihat_closed
224.600 0.050 0 11 hihat_closed
224.700 0.050 3 10 snare_body
225.000 0.050 0 11 hihat_closed
225.300 0.050 3 10 snare_body
225.600 0.050 0 11 hihat_closed
225.800 0.050 0 11 hihat_closed
225.900 0.050 3 10 snare_body
226.200 0.050 0 11 hihat_closed
226.500 0.050 3 10 snare_body
226.800 0.050 0 11 hihat_closed
227.000 0.050 0 11 hihat_closed
227.100 0.050 3 10 snare_body
227.400 0.050 0 11 hihat_closed
227.700 0.050 3 10 snare_body
228.000 0.050 0 11 hihat_closed
228.200 0.050 0 11 hihat_closed
228.300 0.050 3 10 snare_body
228.600 0.050 0 11 hihat_closed
228.900 0.050 3 10 snare_body
229.200 0.050 0 11 hihat_closed
229.400 0.050 0 11 hihat_closed
229.500 0.050 3 10 snare_body
229.800 0.050 0 11 hihat_closed
230.100 0.050 3 10 snare_body
230.400 0.050 0 11 hihat_closed
230.600 0.050 0 11 hihat_closed
230.700 0.050 3 10 snare_body
231.000 0.050 0 11 hihat_closed
231.300 0.050 3 10 snare_body
231.600 0.050 0 11 hihat_closed
231.800 0.050 0 11 hihat_closed
231.900 0.050 3 10 snare_body
232.200 0.050 0 11 hihat_closed
232.500 0.050 3 10 snare_body
232.800 0.050 0 11 hihat_closed
233.000 0.050 0 11 hihat_closed
233.100 0.050 3 10 snare_body
233.400 0.050 0 11 hihat_closed
233.700 0.050 3 10 snare_body
234.000 0.050 0 11 hihat_closed
234.200 0.050 0 11 hihat_closed
234.300 0.050 3 10 snare_body
234.600 0.050 0 11 hihat_closed
234.900 0.050 3 10 snare_body
235.200 0.050 0 11 hihat_closed
235.400 0.050 0 11 hihat_closed
235.500 0.050 3 10 snare_body
235.800 0.050 0 11 hihat_closed
236.100 0.050 3 10 snare_body
236.400 0.050 0 11 hihat_closed
236.600 0.050 0 11 hihat_closed
236.700 0.050 3 10 snare_body
237.000 0.050 0 11 hihat_closed
237.300 0.050 3 10 snare_body
237.600 0.050 0 11 hihat_closed
237.800 0.050 0 11 hihat_closed
237.900 0.050 3 10 snare_body
238.200 0.050 0 11 hihat_closed
238.500 0.050 3 10 snare_body
238.800 0.050 0 11 hihat_closed
239.000 0.050 0 11 hihat_closed
239.100 0.050 3 10 snare_body
239.400 0.050 0 11 hihat_closed
239.700 0.050 3 10 snare_body
240.000 0.050 0 11 hihat_closed
240.200 0.050 0 11 hihat_closed
240.300 0.050 3 10 snare_body
240.600 0.050 0 11 hihat_closed
240.900 0.050 3 10 snare_body
241.200 0.050 0 11 hihat_closed
241.400 0.050 0 11 hihat_closed
241.500 0.050 3 10 snare_body
241.800 0.050 0 11 hihat_closed
242.100 0.050 3 10 snare_body
242.400 0.050 0 11 hihat_closed
242.600 BEGIN_CYCLE
242.600 0.050 0 11 hihat_closed
242.700 0.050 3 10 snare_body
243.000 0.050 0 11 hihat_closed
243.300 0.050 3 10 snare_body
243.600 0.050 0 11 hihat_closed
243.800 0.050 0 11 hihat_closed
243.900 0.050 3 10 snare_body
244.200 0.050 0 11 hihat_closed
244.500 0.050 3 10 snare_body
244.800 0.050 0 11 hihat_closed
245.000 0.050 0 11 hihat_closed
245.100 0.050 3 10 snare_body
245.400 0.050 0 11 hihat_closed
245.700 0.050 3 10 snare_body
246.000 0.050 0 11 hihat_closed
246.200 0.050 0 11 hihat_closed
246.300 0.050 3 10 snare_body
246.600 0.050 0 11 hihat_closed
246.900 0.050 3 10 snare_body
247.200 0.050 0 11 hihat_closed
247.400 0.050 0 11 hihat_closed
247.500 0.050 3 10 snare_body
247.800 0.050 0 11 hihat_closed
248.100 0.050 3 10 snare_body
248.400 0.050 0 11 hihat_closed
248.600 0.050 0 11 hihat_closed
248.700 0.050 3 10 snare_body
249.000 0.050 0 11 hihat_closed
249.300 0.050 3 10 snare_body
249.600 0.050 0 11 hihat_closed
249.800 0.050 0 11 hihat_closed
249.900 0.050 3 10 snare_body
250.200 0.050 0 11 hihat_closed
250.500 0.050 3 10 snare_body
250.800 0.050 0 11 hihat_closed
251.000 0.050 0 11 hihat_closed
251.100 0.050 3 10 snare_body
251.400 0.050 0 11 hihat_closed
251.700 0.050 3 10 snare_body
252.000 0.050 0 11 hihat_closed
252.200 0.050 0 11 hihat_closed
252.300 0.050 3 10 snare_body
252.600 0.050 0 11 hihat_closed
252.900 0.050 3 10 snare_body
253.200 0.050 0 11 hihat_closed
253.400 0.050 0 11 hihat_closed
253.500 0.050 3 10 snare_body
253.800 0.050 0 11 hihat_closed
254.100 0.050 3 10 snare_body
254.400 0.050 0 11 hihat_closed
254.600 0.050 0 11 hihat_closed
254.700 0.050 3 10 snare_body
255.000 0.050 0 11 hihat_closed
255.300 0.050 3 10 snare_body
255.600 0.050 0 11 hihat_closed
255.800 0.050 0 11 hihat_closed
255.900 0.050 3 10 snare_body
256.200 0.050 0 11 hihat_closed
256.500 0.050 3 10 snare_body
256.800 0.050 0 11 hihat_closed
257.000 END_CYCLE
