ducktales2.nsf track=4 framerate=60

Square1(260)
time dur note vol
0.000 1.950 G3 9
1.950 0.150 F3 9
2.100 0.150 G3 9
2.250 1.500 G#3 9
3.750 0.150 B3 9
3.900 0.150 G#3 9
4.050 0.150 G3 9
4.200 0.150 B3 9
4.350 0.150 G#3 9
4.500 0.150 F3 9
4.650 2.000 G3 9
7.350 0.150 C5 9
7.500 0.150 D5 9
7.650 0.150 G4 9
7.800 0.150 C5 9
7.950 0.150 D5 9
8.100 0.150 G4 9
8.250 0.300 C5 9
8.550 0.150 B4 9
8.700 0.150 G#4 9
8.850 0.450 F4 9
9.300 0.300 G4 9
9.600 1.950 G3 9
11.550 0.150 F3 9
11.700 0.150 G3 9
11.850 1.500 G#3 9
13.350 0.150 B3 9
13.500 0.150 G#3 9
13.650 0.150 G3 9
13.800 0.150 B3 9
13.950 0.150 G#3 9
14.100 0.150 F3 9
14.250 2.000 G3 9
16.950 0.150 C5 9
17.100 0.150 D5 9
17.250 0.150 G4 9
17.400 0.150 C5 9
17.550 0.150 D5 9
17.700 0.150 G4 9
17.850 0.300 C5 9
18.150 0.150 B4 9
18.300 0.150 G#4 9
18.450 0.450 F4 9
18.900 0.300 G4 9
19.200 1.950 D4 9
21.150 0.150 C4 9
21.300 0.150 D4 9
21.450 1.500 D#4 9
22.950 0.150 F#4 9
23.100 0.150 D#4 9
23.250 0.150 D4 9
23.400 0.150 F#4 9
23.550 0.150 D#4 9
23.700 0.150 C4 9
23.850 2.000 D4 9
26.550 0.150 C5 9
26.700 0.150 D5 9
26.850 0.150 G4 9
27.000 0.150 C5 9
27.150 0.150 D5 9
27.300 0.150 G4 9
27.450 0.300 C5 9
27.750 0.150 B4 9
27.900 0.150 G#4 9
28.050 BEGIN_CYCLE
28.050 0.450 F4 9
28.500 0.300 G4 9
28.800 1.950 D4 9
30.750 0.150 C4 9
30.900 0.150 D4 9
31.050 1.500 D#4 9
32.550 0.150 F#4 9
32.700 0.150 D#4 9
32.850 0.150 D4 9
33.000 0.150 F#4 9
33.150 0.150 D#4 9
33.300 0.150 C4 9
33.450 2.000 D4 9
36.150 0.150 C5 9
36.300 0.150 D5 9
36.450 0.150 G4 9
36.600 0.150 C5 9
36.750 0.150 D5 9
36.900 0.150 G4 9
37.050 0.300 C5 9
37.350 0.150 B4 9
37.500 0.150 G#4 9
37.650 0.450 F4 9
38.100 0.300 G4 9
38.550 0.150 C4 9
38.700 0.150 D4 9
38.850 0.150 D#4 9
39.150 0.150 C4 9
39.300 0.150 D4 9
39.450 0.150 D#4 9
39.750 0.150 F#4 9
39.900 0.150 D#4 9
40.200 0.150 C4 9
40.500 0.150 D4 9
40.950 0.150 F#4 9
41.100 0.150 D#4 9
41.400 0.150 F#4 9
41.550 0.150 D#4 9
41.850 0.450 F#4 9
42.300 0.150 D#4 9
42.600 0.150 C4 9
42.900 0.150 D4 9
43.350 0.150 C4 9
43.500 0.150 D4 9
43.650 0.150 D#4 9
43.950 0.150 C4 9
44.100 0.150 D4 9
44.250 0.150 D#4 9
44.550 0.150 F#4 9
44.700 0.150 D#4 9
45.000 0.150 C4 9
45.300 0.150 D4 9
45.750 0.150 F#4 9
45.900 0.150 D#4 9
46.200 0.150 F#4 9
46.350 0.150 D#4 9
46.650 0.450 F#4 9
47.100 0.150 D#4 9
47.400 0.150 C4 9
47.700 0.150 D4 9
48.000 0.150 C#5 9
48.150 0.150 D5 9
48.450 0.150 D4 9
48.750 0.150 D4 9
48.900 0.150 C5 9
49.050 0.150 D4 9
49.200 0.150 B4 9
49.350 0.150 G4 9
49.500 0.150 G#4 9
49.650 0.150 F4 9
49.950 0.150 G4 9
50.100 0.150 G#4 9
50.250 0.150 F4 9
50.400 0.150 C#5 9
50.550 0.150 D5 9
50.850 0.150 D4 9
51.150 0.150 D4 9
51.300 0.150 C5 9
51.450 0.150 D4 9
51.600 0.150 B4 9
51.750 0.150 G4 9
51.900 0.150 G#4 9
52.050 0.150 F4 9
52.350 0.150 G4 9
52.500 0.300 G#4 9
52.800 0.150 C#5 9
52.950 0.150 D5 9
53.250 0.150 D4 9
53.550 0.150 D4 9
53.700 0.150 C5 9
53.850 0.150 D4 9
54.000 0.150 B4 9
54.150 0.150 G4 9
54.300 0.150 G#4 9
54.450 0.150 F4 9
54.750 0.150 G4 9
54.900 0.150 G#4 9
55.050 0.150 F4 9
55.200 0.150 C#5 9
55.350 0.150 D5 9
55.650 0.150 D4 9
55.950 0.150 D4 9
56.100 0.150 C5 9
56.250 0.150 D4 9
56.400 0.150 B4 9
56.550 0.150 G4 9
56.700 0.150 G#4 9
56.850 0.150 F4 9
57.150 0.150 G4 9
57.300 0.300 G#4 9
57.600 0.900 G3 9
58.500 1.200 G#3 9
59.700 0.900 G4 9
60.600 1.200 F4 9
61.800 0.900 G3 9
62.700 1.200 G#3 9
63.900 0.900 G4 9
64.800 1.200 F4 9
66.000 0.150 G#3 9
66.150 0.150 G3 9
66.300 0.150 G#3 9
66.450 0.150 B3 9
66.600 0.150 G#3 9
66.750 0.150 G3 9
66.900 0.150 B3 9
67.050 0.150 G#3 9
67.200 0.150 G3 9
67.350 0.150 B3 9
67.500 0.150 G#3 9
67.650 0.150 G3 9
67.800 0.150 B3 9
67.950 0.150 G#3 9
68.100 1.950 G3 9
70.050 0.150 F3 9
70.200 0.150 G3 9
70.350 1.500 G#3 9
71.850 0.150 B3 9
72.000 0.150 G#3 9
72.150 0.150 G3 9
72.300 0.150 B3 9
72.450 0.150 G#3 9
72.600 0.150 F3 9
72.750 2.000 G3 9
75.450 0.150 C5 9
75.600 0.150 D5 9
75.750 0.150 G4 9
75.900 0.150 C5 9
76.050 0.150 D5 9
76.200 0.150 G4 9
76.350 0.300 C5 9
76.650 0.150 B4 9
76.800 0.150 G#4 9
76.950 0.450 F4 9
77.400 0.300 G4 9
77.700 1.950 G3 9
79.650 0.150 F3 9
79.800 0.150 G3 9
79.950 1.500 G#3 9
81.450 0.150 B3 9
81.600 0.150 G#3 9
81.750 0.150 G3 9
81.900 0.150 B3 9
82.050 0.150 G#3 9
82.200 0.150 F3 9
82.350 2.000 G3 9
85.050 0.150 C5 9
85.200 0.150 D5 9
85.350 0.150 G4 9
85.500 0.150 C5 9
85.650 0.150 D5 9
85.800 0.150 G4 9
85.950 0.300 C5 9
86.250 0.150 B4 9
86.400 0.150 G#4 9
86.550 0.450 F4 9
87.000 0.300 G4 9
87.300 1.950 D4 9
89.250 0.150 C4 9
89.400 0.150 D4 9
89.550 1.500 D#4 9
91.050 0.150 F#4 9
91.200 0.150 D#4 9
91.350 0.150 D4 9
91.500 0.150 F#4 9
91.650 0.150 D#4 9
91.800 0.150 C4 9
91.950 2.000 D4 9
94.650 0.150 C5 9
94.800 0.150 D5 9
94.950 0.150 G4 9
95.100 0.150 C5 9
95.250 0.150 D5 9
95.400 0.150 G4 9
95.550 0.300 C5 9
95.850 0.150 B4 9
96.000 0.150 G#4 9
96.150 END_CYCLE

Square2(309)
time dur note vol
0.000 1.783 D4 8
1.950 0.150 C4 8
2.100 0.150 D4 8
2.250 1.500 D#4 8
3.750 0.150 F#4 8
3.900 0.150 D#4 8
4.050 0.150 D4 8
4.200 0.150 F#4 8
4.350 0.150 D#4 8
4.500 0.150 C4 8
4.650 1.783 D4 8
7.350 0.150 C5 6
7.500 0.150 D5 6
7.650 0.150 G4 6
7.800 0.150 C5 6
7.950 0.150 D5 6
8.100 0.150 G4 6
8.250 0.150 C5 6
8.467 0.083 C5 15
8.550 0.150 B4 6
8.700 0.150 G#4 6
8.850 0.150 F4 6
9.067 0.233 F4 15
9.300 0.150 G4 6
9.517 0.083 G4 15
9.600 1.783 D4 8
11.550 0.150 C4 8
11.700 0.150 D4 8
11.850 1.500 D#4 8
13.350 0.150 F#4 8
13.500 0.150 D#4 8
13.650 0.150 D4 8
13.800 0.150 F#4 8
13.950 0.150 D#4 8
14.100 0.150 C4 8
14.250 1.783 D4 8
16.950 0.150 C5 6
17.100 0.150 D5 6
17.250 0.150 G4 6
17.400 0.150 C5 6
17.550 0.150 D5 6
17.700 0.150 G4 6
17.850 0.150 C5 6
18.067 0.083 C5 15
18.150 0.150 B4 6
18.300 0.150 G#4 6
18.450 0.150 F4 6
18.667 0.233 F4 15
18.900 0.150 G4 6
19.117 1.867 G4 15
21.150 0.150 F4 8
21.300 0.150 G4 8
21.450 1.500 G#4 8
22.950 0.150 B4 8
23.100 0.150 G#4 8
23.250 0.150 G4 8
23.400 0.150 B4 8
23.550 0.150 G#4 8
23.700 0.150 F4 8
23.850 1.783 G4 8
26.550 0.150 C5 6
26.700 0.150 D5 6
26.850 0.150 G4 6
27.000 0.150 C5 6
27.150 0.150 D5 6
27.300 0.150 G4 6
27.450 0.150 C5 6
27.667 0.083 C5 15
27.750 0.150 B4 6
27.900 0.150 G#4 6
28.050 BEGIN_CYCLE
28.050 0.150 F4 6
28.267 0.233 F4 15
28.500 0.150 G4 6
28.717 1.867 G4 15
30.750 0.150 F4 8
30.900 0.150 G4 8
31.050 1.500 G#4 8
32.550 0.150 B4 8
32.700 0.150 G#4 8
32.850 0.150 G4 8
33.000 0.150 B4 8
33.150 0.150 G#4 8
33.300 0.150 F4 8
33.450 1.783 G4 8
36.150 0.150 C5 6
36.300 0.150 D5 6
36.450 0.150 G4 6
36.600 0.150 C5 6
36.750 0.150 D5 6
36.900 0.150 G4 6
37.050 0.150 C5 6
37.267 0.083 C5 15
37.350 0.150 B4 6
37.500 0.150 G#4 6
37.650 0.150 F4 6
37.867 0.233 F4 15
38.100 0.150 G4 6
38.317 0.083 G4 15
38.400 0.133 C5 5
38.550 0.133 D#5 5
38.700 0.133 C5 5
38.850 0.133 G4 5
39.000 0.133 C5 5
39.150 0.133 D#5 5
39.300 0.133 C5 5
39.450 0.133 G4 5
39.600 0.133 C5 5
39.750 0.133 D#5 5
39.900 0.133 C5 5
40.050 0.133 G4 5
40.200 0.133 C5 5
40.350 0.133 D#5 5
40.500 0.133 C5 5
40.650 0.133 G4 5
40.800 0.133 C5 5
40.950 0.133 C4 5
41.100 0.133 C5 5
41.250 0.133 G#4 5
41.400 0.133 C4 5
41.550 0.133 D#5 5
41.700 0.133 C5 5
41.850 0.133 C4 5
42.000 0.133 C5 5
42.150 0.133 C4 5
42.300 0.133 C5 5
42.450 0.133 G#4 5
42.600 0.133 C5 5
42.750 0.133 D#5 5
42.900 0.133 C5 5
43.050 0.133 G#4 5
43.200 0.133 C5 5
43.350 0.133 D#5 5
43.500 0.133 C5 5
43.650 0.133 G4 5
43.800 0.133 C5 5
43.950 0.133 D#5 5
44.100 0.133 C5 5
44.250 0.133 G4 5
44.400 0.133 C5 5
44.550 0.133 D#5 5
44.700 0.133 C5 5
44.850 0.133 G4 5
45.000 0.133 C5 5
45.150 0.133 D#5 5
45.300 0.133 C5 5
45.450 0.133 G4 5
45.600 0.133 C5 5
45.750 0.133 C4 5
45.900 0.133 C5 5
46.050 0.133 G#4 5
46.200 0.133 C4 5
46.350 0.133 D#5 5
46.500 0.133 C5 5
46.650 0.133 C4 5
46.800 0.133 C5 5
46.950 0.133 C4 5
47.100 0.133 C5 5
47.250 0.133 G#4 5
47.400 0.133 C5 5
47.550 0.133 D#5 5
47.700 0.133 C5 5
47.850 0.133 G#4 5
48.000 0.133 G2 5
48.150 0.133 D3 5
48.300 0.133 D#3 5
48.450 0.133 F#3 5
48.600 0.133 D#3 5
48.750 0.133 D3 5
48.900 0.133 G2 5
49.050 0.133 D3 5
49.200 0.133 G2 5
49.350 0.133 D3 5
49.500 0.133 D#3 5
49.650 0.133 F#3 5
49.800 0.133 D#3 5
49.950 0.133 D3 5
50.100 0.133 G2 5
50.250 0.133 D3 5
50.400 0.133 G2 5
50.550 0.133 D3 5
50.700 0.133 D#3 5
50.850 0.133 F#3 5
51.000 0.133 D#3 5
51.150 0.133 D3 5
51.300 0.133 G2 5
51.450 0.133 D3 5
51.600 0.133 G2 5
51.750 0.133 D3 5
51.900 0.133 D#3 5
52.050 0.133 F#3 5
52.200 0.133 D#3 5
52.350 0.133 D3 5
52.500 0.133 G2 5
52.650 0.133 D3 5
52.800 0.133 G2 5
52.950 0.133 D3 5
53.100 0.133 D#3 5
53.250 0.133 F#3 5
53.400 0.133 D#3 5
53.550 0.133 D3 5
53.700 0.133 G2 5
53.850 0.133 D3 5
54.000 0.133 G2 5
54.150 0.133 D3 5
54.300 0.133 D#3 5
54.450 0.133 F#3 5
54.600 0.133 D#3 5
54.750 0.133 D3 5
54.900 0.133 G2 5
55.050 0.133 D3 5
55.200 0.133 G2 5
55.350 0.133 D3 5
55.500 0.133 D#3 5
55.650 0.133 F#3 5
55.800 0.133 D#3 5
55.950 0.133 D3 5
56.100 0.133 G2 5
56.250 0.133 D3 5
56.400 0.133 G2 5
56.550 0.133 D3 5
56.700 0.133 D#3 5
56.850 0.133 F#3 5
57.000 0.133 D#3 5
57.150 0.133 D3 5
57.300 0.133 G2 5
57.450 0.133 D3 5
57.600 0.900 D3 8
58.500 1.200 D#3 8
59.700 0.900 D4 8
60.600 1.200 C4 8
61.800 0.900 D3 8
62.700 1.200 D#3 8
63.900 0.900 D4 8
64.800 1.200 C4 8
66.000 0.300 G#2 8
66.450 0.300 G#2 8
66.900 0.300 G#2 8
67.350 0.300 G#2 8
67.800 0.300 G#2 8
68.100 1.783 D4 8
70.050 0.150 C4 8
70.200 0.150 D4 8
70.350 1.500 D#4 8
71.850 0.150 F#4 8
72.000 0.150 D#4 8
72.150 0.150 D4 8
72.300 0.150 F#4 8
72.450 0.150 D#4 8
72.600 0.150 C4 8
72.750 1.783 D4 8
75.450 0.150 C5 6
75.600 0.150 D5 6
75.750 0.150 G4 6
75.900 0.150 C5 6
76.050 0.150 D5 6
76.200 0.150 G4 6
76.350 0.150 C5 6
76.567 0.083 C5 15
76.650 0.150 B4 6
76.800 0.150 G#4 6
76.950 0.150 F4 6
77.167 0.233 F4 15
77.400 0.150 G4 6
77.617 0.083 G4 15
77.700 1.783 D4 8
79.650 0.150 C4 8
79.800 0.150 D4 8
79.950 1.500 D#4 8
81.450 0.150 F#4 8
81.600 0.150 D#4 8
81.750 0.150 D4 8
81.900 0.150 F#4 8
82.050 0.150 D#4 8
82.200 0.150 C4 8
82.350 1.783 D4 8
85.050 0.150 C5 6
85.200 0.150 D5 6
85.350 0.150 G4 6
85.500 0.150 C5 6
85.650 0.150 D5 6
85.800 0.150 G4 6
85.950 0.150 C5 6
86.167 0.083 C5 15
86.250 0.150 B4 6
86.400 0.150 G#4 6
86.550 0.150 F4 6
86.767 0.233 F4 15
87.000 0.150 G4 6
87.217 1.867 G4 15
89.250 0.150 F4 8
89.400 0.150 G4 8
89.550 1.500 G#4 8
91.050 0.150 B4 8
91.200 0.150 G#4 8
91.350 0.150 G4 8
91.500 0.150 B4 8
91.650 0.150 G#4 8
91.800 0.150 F4 8
91.950 1.783 G4 8
94.650 0.150 C5 6
94.800 0.150 D5 6
94.950 0.150 G4 6
95.100 0.150 C5 6
95.250 0.150 D5 6
95.400 0.150 G4 6
95.550 0.150 C5 6
95.767 0.083 C5 15
95.850 0.150 B4 6
96.000 0.150 G#4 6
96.150 END_CYCLE

Triangle(620)
time dur note vol
0.000 0.300 G3 15
0.300 0.150 G4 15
0.450 0.150 G3 15
0.600 0.300 F3 15
0.900 0.150 F4 15
1.050 0.150 C4 15
1.350 0.150 C4 15
1.650 0.150 C4 15
1.800 0.150 D4 15
1.950 0.267 D3 15
2.250 0.150 D3 15
2.400 0.300 G3 15
2.700 0.150 G4 15
2.850 0.150 G3 15
3.000 0.300 F3 15
3.300 0.150 F4 15
3.450 0.150 C4 15
3.750 0.150 C4 15
4.050 0.150 C4 15
4.200 0.600 D4 15
4.800 0.300 G3 15
5.100 0.150 G4 15
5.250 0.150 G3 15
5.400 0.300 F3 15
5.700 0.150 F4 15
5.850 0.150 C4 15
6.150 0.150 C4 15
6.450 0.150 C4 15
6.600 0.150 D4 15
6.750 0.267 D3 15
7.050 0.150 D3 15
7.200 0.300 G3 15
7.500 0.150 G4 15
7.650 0.150 G3 15
7.800 0.300 F3 15
8.100 0.150 F4 15
8.250 0.150 C4 15
8.550 0.150 C4 15
8.850 0.150 C4 15
9.000 0.600 D4 15
9.600 0.300 G3 15
9.900 0.150 G4 15
10.050 0.150 G3 15
10.200 0.300 F3 15
10.500 0.150 F4 15
10.650 0.150 C4 15
10.950 0.150 C4 15
11.250 0.150 C4 15
11.400 0.150 D4 15
11.550 0.267 D3 15
11.850 0.150 D3 15
12.000 0.300 G3 15
12.300 0.150 G4 15
12.450 0.150 G3 15
12.600 0.300 F3 15
12.900 0.150 F4 15
13.050 0.150 C4 15
13.350 0.150 C4 15
13.650 0.150 C4 15
13.800 0.600 D4 15
14.400 0.300 G3 15
14.700 0.150 G4 15
14.850 0.150 G3 15
15.000 0.300 F3 15
15.300 0.150 F4 15
15.450 0.150 C4 15
15.750 0.150 C4 15
16.050 0.150 C4 15
16.200 0.150 D4 15
16.350 0.267 D3 15
16.650 0.150 D3 15
16.800 0.300 G3 15
17.100 0.150 G4 15
17.250 0.150 G3 15
17.400 0.300 F3 15
17.700 0.150 F4 15
17.850 0.150 C4 15
18.150 0.150 C4 15
18.450 0.150 C4 15
18.600 0.600 D4 15
19.200 0.300 G3 15
19.500 0.150 G4 15
19.650 0.150 G3 15
19.800 0.300 F3 15
20.100 0.150 F4 15
20.250 0.150 C4 15
20.550 0.150 C4 15
20.850 0.150 C4 15
21.000 0.150 D4 15
21.150 0.267 D3 15
21.450 0.150 D3 15
21.600 0.300 G3 15
21.900 0.150 G4 15
22.050 0.150 G3 15
22.200 0.300 F3 15
22.500 0.150 F4 15
22.650 0.150 C4 15
22.950 0.150 C4 15
23.250 0.150 C4 15
23.400 0.600 D4 15
24.000 0.300 G3 15
24.300 0.150 G4 15
24.450 0.150 G3 15
24.600 0.300 F3 15
24.900 0.150 F4 15
25.050 0.150 C4 15
25.350 0.150 C4 15
25.650 0.150 C4 15
25.800 0.150 D4 15
25.950 0.267 D3 15
26.250 0.150 D3 15
26.400 0.300 G3 15
26.700 0.150 G4 15
26.850 0.150 G3 15
27.000 0.300 F3 15
27.300 0.150 F4 15
27.450 0.150 C4 15
27.750 0.150 C4 15
28.050 0.150 C4 15
28.200 0.600 D4 15
28.800 0.300 G3 15
29.100 0.150 G4 15
29.250 0.150 G3 15
29.400 0.300 F3 15
29.700 0.150 F4 15
29.850 0.150 C4 15
30.150 0.150 C4 15
30.450 0.150 C4 15
30.600 0.150 D4 15
30.750 0.267 D3 15
31.050 0.150 D3 15
31.200 0.300 G3 15
31.500 0.150 G4 15
31.650 0.150 G3 15
31.800 0.300 F3 15
32.100 0.150 F4 15
32.250 0.150 C4 15
32.550 0.150 C4 15
32.850 0.150 C4 15
33.000 0.600 D4 15
33.600 0.300 G3 15
33.900 0.150 G4 15
34.050 0.150 G3 15
34.200 0.300 F3 15
34.500 0.150 F4 15
34.650 0.150 C4 15
34.950 0.150 C4 15
35.250 0.150 C4 15
35.400 0.150 D4 15
35.550 0.267 D3 15
35.850 0.150 D3 15
36.000 0.300 G3 15
36.300 0.150 G4 15
36.450 0.150 G3 15
36.600 0.300 F3 15
36.900 0.150 F4 15
37.050 0.150 C4 15
37.350 0.150 C4 15
37.650 0.150 C4 15
37.800 0.150 D4 15
37.950 0.267 D3 15
38.250 0.150 D3 15
38.400 0.300 C4 15
38.700 0.300 C5 15
39.000 0.300 C4 15
39.300 0.150 C5 15
39.450 0.150 C4 15
39.750 0.150 C4 15
39.900 0.300 C5 15
40.200 0.300 C4 15
40.500 0.300 C5 15
40.800 0.300 G#3 15
41.100 0.300 G#4 15
41.400 0.300 G#3 15
41.700 0.150 G#4 15
41.850 0.150 G#3 15
42.150 0.150 G#3 15
42.300 0.300 G#4 15
42.600 0.300 G#3 15
42.900 0.300 G#4 15
43.200 0.300 C4 15
43.500 0.300 C5 15
43.800 0.300 C4 15
44.100 0.150 C5 15
44.250 0.150 C4 15
44.550 0.150 C4 15
44.700 0.300 C5 15
45.000 0.300 C4 15
45.300 0.300 C5 15
45.600 0.300 G#3 15
45.900 0.300 G#4 15
46.200 0.300 G#3 15
46.500 0.150 G#4 15
46.650 0.150 G#3 15
46.950 0.150 G#3 15
47.100 0.300 G#4 15
47.400 0.300 G#3 15
47.700 0.300 G#4 15
48.000 0.150 G3 15
48.450 0.450 G4 15
48.900 0.300 G3 15
49.200 0.300 G4 15
49.650 0.300 G#4 15
49.950 0.150 G4 15
50.100 0.300 F4 15
50.400 0.150 G3 15
50.850 0.450 G4 15
51.300 0.300 G3 15
51.600 0.300 G4 15
52.050 0.300 G#4 15
52.350 0.150 G4 15
52.500 0.300 F4 15
52.800 0.150 G3 15
53.250 0.450 G4 15
53.700 0.300 G3 15
54.000 0.300 G4 15
54.450 0.300 G#4 15
54.750 0.150 G4 15
54.900 0.300 F4 15
55.200 0.150 G3 15
55.650 0.450 G4 15
56.100 0.300 G3 15
56.400 0.300 G4 15
56.850 0.300 G#4 15
57.150 0.150 G4 15
57.300 0.300 F4 15
57.600 0.300 C4 15
58.050 0.300 C4 15
58.500 0.300 C4 15
58.950 0.300 C4 15
59.400 0.150 C4 15
59.700 0.300 C4 15
60.150 0.300 C4 15
60.600 0.300 C4 15
61.050 0.300 C4 15
61.500 0.150 C4 15
61.800 0.300 C4 15
62.250 0.300 C4 15
62.700 0.300 C4 15
63.150 0.300 C4 15
63.600 0.150 C4 15
63.900 0.300 C4 15
64.350 0.300 C4 15
64.800 0.300 C4 15
65.250 0.300 C4 15
65.700 0.150 C4 15
66.000 0.300 C#4 15
66.450 0.300 C#4 15
66.900 0.300 C#4 15
67.350 0.300 C#4 15
67.800 0.300 C#4 15
68.100 0.300 G3 15
68.400 0.150 G4 15
68.550 0.150 G3 15
68.700 0.300 F3 15
69.000 0.150 F4 15
69.150 0.150 C4 15
69.450 0.150 C4 15
69.750 0.150 C4 15
69.900 0.150 D4 15
70.050 0.267 D3 15
70.350 0.150 D3 15
70.500 0.300 G3 15
70.800 0.150 G4 15
70.950 0.150 G3 15
71.100 0.300 F3 15
71.400 0.150 F4 15
71.550 0.150 C4 15
71.850 0.150 C4 15
72.150 0.150 C4 15
72.300 0.300 D4 15
72.900 0.300 G3 15
73.200 0.150 G4 15
73.350 0.150 G3 15
73.500 0.300 F3 15
73.800 0.150 F4 15
73.950 0.150 C4 15
74.250 0.150 C4 15
74.550 0.150 C4 15
74.700 0.150 D4 15
74.850 0.267 D3 15
75.150 0.150 D3 15
75.300 0.300 G3 15
75.600 0.150 G4 15
75.750 0.150 G3 15
75.900 0.300 F3 15
76.200 0.150 F4 15
76.350 0.150 C4 15
76.650 0.150 C4 15
76.950 0.150 C4 15
77.100 0.300 D4 15
77.700 0.300 G3 15
78.000 0.150 G4 15
78.150 0.150 G3 15
78.300 0.300 F3 15
78.600 0.150 F4 15
78.750 0.150 C4 15
79.050 0.150 C4 15
79.350 0.150 C4 15
79.500 0.150 D4 15
79.650 0.267 D3 15
79.950 0.150 D3 15
80.100 0.300 G3 15
80.400 0.150 G4 15
80.550 0.150 G3 15
80.700 0.300 F3 15
81.000 0.150 F4 15
81.150 0.150 C4 15
81.450 0.150 C4 15
81.750 0.150 C4 15
81.900 0.300 D4 15
82.500 0.300 G3 15
82.800 0.150 G4 15
82.950 0.150 G3 15
83.100 0.300 F3 15
83.400 0.150 F4 15
83.550 0.150 C4 15
83.850 0.150 C4 15
84.150 0.150 C4 15
84.300 0.150 D4 15
84.450 0.267 D3 15
84.750 0.150 D3 15
84.900 0.300 G3 15
85.200 0.150 G4 15
85.350 0.150 G3 15
85.500 0.300 F3 15
85.800 0.150 F4 15
85.950 0.150 C4 15
86.250 0.150 C4 15
86.550 0.150 C4 15
86.700 0.300 D4 15
87.300 0.300 G3 15
87.600 0.150 G4 15
87.750 0.150 G3 15
87.900 0.300 F3 15
88.200 0.150 F4 15
88.350 0.150 C4 15
88.650 0.150 C4 15
88.950 0.150 C4 15
89.100 0.150 D4 15
89.250 0.267 D3 15
89.550 0.150 D3 15
89.700 0.300 G3 15
90.000 0.150 G4 15
90.150 0.150 G3 15
90.300 0.300 F3 15
90.600 0.150 F4 15
90.750 0.150 C4 15
91.050 0.150 C4 15
91.350 0.150 C4 15
91.500 0.300 D4 15
92.100 0.300 G3 15
92.400 0.150 G4 15
92.550 0.150 G3 15
92.700 0.300 F3 15
93.000 0.150 F4 15
93.150 0.150 C4 15
93.450 0.150 C4 15
93.750 0.150 C4 15
93.900 0.150 D4 15
94.050 0.267 D3 15
94.350 0.150 D3 15
94.500 0.300 G3 15
94.800 0.150 G4 15
94.950 0.150 G3 15
95.100 0.300 F3 15
95.400 0.150 F4 15
95.550 0.150 C4 15
95.850 0.150 C4 15
96.150 BEGIN_CYCLE
96.150 0.150 C4 15
96.300 0.300 D4 15
96.900 0.300 G3 15
97.200 0.150 G4 15
97.350 0.150 G3 15
97.500 0.300 F3 15
97.800 0.150 F4 15
97.950 0.150 C4 15
98.250 0.150 C4 15
98.550 0.150 C4 15
98.700 0.150 D4 15
98.850 0.267 D3 15
99.150 0.150 D3 15
99.300 0.300 G3 15
99.600 0.150 G4 15
99.750 0.150 G3 15
99.900 0.300 F3 15
100.200 0.150 F4 15
100.350 0.150 C4 15
100.650 0.150 C4 15
100.950 0.150 C4 15
101.100 0.300 D4 15
101.700 0.300 G3 15
102.000 0.150 G4 15
102.150 0.150 G3 15
102.300 0.300 F3 15
102.600 0.150 F4 15
102.750 0.150 C4 15
103.050 0.150 C4 15
103.350 0.150 C4 15
103.500 0.150 D4 15
103.650 0.267 D3 15
103.950 0.150 D3 15
104.100 0.300 G3 15
104.400 0.150 G4 15
104.550 0.150 G3 15
104.700 0.300 F3 15
105.000 0.150 F4 15
105.150 0.150 C4 15
105.450 0.150 C4 15
105.750 0.150 C4 15
105.900 0.150 D4 15
106.050 0.267 D3 15
106.350 0.150 D3 15
106.500 0.300 C4 15
106.800 0.300 C5 15
107.100 0.300 C4 15
107.400 0.150 C5 15
107.550 0.150 C4 15
107.850 0.150 C4 15
108.000 0.300 C5 15
108.300 0.300 C4 15
108.600 0.300 C5 15
108.900 0.300 G#3 15
109.200 0.300 G#4 15
109.500 0.300 G#3 15
109.800 0.150 G#4 15
109.950 0.150 G#3 15
110.250 0.150 G#3 15
110.400 0.300 G#4 15
110.700 0.300 G#3 15
111.000 0.300 G#4 15
111.300 0.300 C4 15
111.600 0.300 C5 15
111.900 0.300 C4 15
112.200 0.150 C5 15
112.350 0.150 C4 15
112.650 0.150 C4 15
112.800 0.300 C5 15
113.100 0.300 C4 15
113.400 0.300 C5 15
113.700 0.300 G#3 15
114.000 0.300 G#4 15
114.300 0.300 G#3 15
114.600 0.150 G#4 15
114.750 0.150 G#3 15
115.050 0.150 G#3 15
115.200 0.300 G#4 15
115.500 0.300 G#3 15
115.800 0.300 G#4 15
116.100 0.150 G3 15
116.550 0.300 G4 15
117.000 0.300 G3 15
117.300 0.300 G4 15
117.750 0.300 G#4 15
118.050 0.150 G4 15
118.200 0.300 F4 15
118.500 0.150 G3 15
118.950 0.300 G4 15
119.400 0.300 G3 15
119.700 0.300 G4 15
120.150 0.300 G#4 15
120.450 0.150 G4 15
120.600 0.300 F4 15
120.900 0.150 G3 15
121.350 0.300 G4 15
121.800 0.300 G3 15
122.100 0.300 G4 15
122.550 0.300 G#4 15
122.850 0.150 G4 15
123.000 0.300 F4 15
123.300 0.150 G3 15
123.750 0.300 G4 15
124.200 0.300 G3 15
124.500 0.300 G4 15
124.950 0.300 G#4 15
125.250 0.150 G4 15
125.400 0.300 F4 15
125.700 0.300 C4 15
126.150 0.300 C4 15
126.600 0.300 C4 15
127.050 0.300 C4 15
127.500 0.150 C4 15
127.800 0.300 C4 15
128.250 0.300 C4 15
128.700 0.300 C4 15
129.150 0.300 C4 15
129.600 0.150 C4 15
129.900 0.300 C4 15
130.350 0.300 C4 15
130.800 0.300 C4 15
131.250 0.300 C4 15
131.700 0.150 C4 15
132.000 0.300 C4 15
132.450 0.300 C4 15
132.900 0.300 C4 15
133.350 0.300 C4 15
133.800 0.150 C4 15
134.100 0.300 C#4 15
134.550 0.300 C#4 15
135.000 0.300 C#4 15
135.450 0.300 C#4 15
135.900 0.300 C#4 15
136.200 0.300 G3 15
136.500 0.150 G4 15
136.650 0.150 G3 15
136.800 0.300 F3 15
137.100 0.150 F4 15
137.250 0.150 C4 15
137.550 0.150 C4 15
137.850 0.150 C4 15
138.000 0.150 D4 15
138.150 0.267 D3 15
138.450 0.150 D3 15
138.600 0.300 G3 15
138.900 0.150 G4 15
139.050 0.150 G3 15
139.200 0.300 F3 15
139.500 0.150 F4 15
139.650 0.150 C4 15
139.950 0.150 C4 15
140.250 0.150 C4 15
140.400 0.300 D4 15
141.000 0.300 G3 15
141.300 0.150 G4 15
141.450 0.150 G3 15
141.600 0.300 F3 15
141.900 0.150 F4 15
142.050 0.150 C4 15
142.350 0.150 C4 15
142.650 0.150 C4 15
142.800 0.150 D4 15
142.950 0.267 D3 15
143.250 0.150 D3 15
143.400 0.300 G3 15
143.700 0.150 G4 15
143.850 0.150 G3 15
144.000 0.300 F3 15
144.300 0.150 F4 15
144.450 0.150 C4 15
144.750 0.150 C4 15
145.050 0.150 C4 15
145.200 0.300 D4 15
145.800 0.300 G3 15
146.100 0.150 G4 15
146.250 0.150 G3 15
146.400 0.300 F3 15
146.700 0.150 F4 15
146.850 0.150 C4 15
147.150 0.150 C4 15
147.450 0.150 C4 15
147.600 0.150 D4 15
147.750 0.267 D3 15
148.050 0.150 D3 15
148.200 0.300 G3 15
148.500 0.150 G4 15
148.650 0.150 G3 15
148.800 0.300 F3 15
149.100 0.150 F4 15
149.250 0.150 C4 15
149.550 0.150 C4 15
149.850 0.150 C4 15
150.000 0.300 D4 15
150.600 0.300 G3 15
150.900 0.150 G4 15
151.050 0.150 G3 15
151.200 0.300 F3 15
151.500 0.150 F4 15
151.650 0.150 C4 15
151.950 0.150 C4 15
152.250 0.150 C4 15
152.400 0.150 D4 15
152.550 0.267 D3 15
152.850 0.150 D3 15
153.000 0.300 G3 15
153.300 0.150 G4 15
153.450 0.150 G3 15
153.600 0.300 F3 15
153.900 0.150 F4 15
154.050 0.150 C4 15
154.350 0.150 C4 15
154.650 0.150 C4 15
154.800 0.300 D4 15
155.400 0.300 G3 15
155.700 0.150 G4 15
155.850 0.150 G3 15
156.000 0.300 F3 15
156.300 0.150 F4 15
156.450 0.150 C4 15
156.750 0.150 C4 15
157.050 0.150 C4 15
157.200 0.150 D4 15
157.350 0.267 D3 15
157.650 0.150 D3 15
157.800 0.300 G3 15
158.100 0.150 G4 15
158.250 0.150 G3 15
158.400 0.300 F3 15
158.700 0.150 F4 15
158.850 0.150 C4 15
159.150 0.150 C4 15
159.450 0.150 C4 15
159.600 0.300 D4 15
160.200 0.300 G3 15
160.500 0.150 G4 15
160.650 0.150 G3 15
160.800 0.300 F3 15
161.100 0.150 F4 15
161.250 0.150 C4 15
161.550 0.150 C4 15
161.850 0.150 C4 15
162.000 0.150 D4 15
162.150 0.267 D3 15
162.450 0.150 D3 15
162.600 0.300 G3 15
162.900 0.150 G4 15
163.050 0.150 G3 15
163.200 0.300 F3 15
163.500 0.150 F4 15
163.650 0.150 C4 15
163.950 0.150 C4 15
164.250 END_CYCLE

Noise(225)
time dur noise vol drum
0.000 0.100 0 15 hihat_closed
0.600 0.100 3 14 snare_body
1.200 0.100 0 15 hihat_closed
1.800 0.100 3 14 snare_body
2.400 0.100 0 15 hihat_closed
3.000 0.100 3 14 snare_body
3.600 0.100 0 15 hihat_closed
4.200 0.100 3 14 snare_body
4.800 0.100 0 15 hihat_closed
5.400 0.100 3 14 snare_body
6.000 0.100 0 15 hihat_closed
6.600 0.100 3 14 snare_body
7.200 0.100 0 15 hihat_closed
7.800 0.100 3 14 snare_body
8.400 0.100 0 15 hihat_closed
9.000 0.100 3 14 snare_body
9.600 0.100 0 15 hihat_closed
10.200 0.100 3 14 snare_body
10.800 0.100 0 15 hihat_closed
11.400 0.100 3 14 snare_body
12.000 0.100 0 15 hihat_closed
12.600 0.100 3 14 snare_body
13.200 0.100 0 15 hihat_closed
13.800 0.100 3 14 snare_body
14.400 0.100 0 15 hihat_closed
15.000 0.100 3 14 snare_body
15.600 0.100 0 15 hihat_closed
16.200 0.100 3 14 snare_body
16.800 0.100 0 15 hihat_closed
17.400 0.100 3 14 snare_body
18.000 0.100 0 15 hihat_closed
18.600 0.100 3 14 snare_body
19.200 0.100 0 15 hihat_closed
19.800 0.100 3 14 snare_body
20.400 0.100 0 15 hihat_closed
21.000 0.100 3 14 snare_body
21.600 0.100 0 15 hihat_closed
22.200 0.100 3 14 snare_body
22.800 0.100 0 15 hihat_closed
23.400 0.100 3 14 snare_body
24.000 0.100 0 15 hihat_closed
24.600 0.100 3 14 snare_body
25.200 0.100 0 15 hihat_closed
25.800 0.100 3 14 snare_body
26.400 0.100 0 15 hihat_closed
27.000 0.100 3 14 snare_body
27.600 0.100 0 15 hihat_closed
28.200 0.100 3 14 snare_body
28.800 0.100 0 15 hihat_closed
29.400 0.100 3 14 snare_body
30.000 0.100 0 15 hihat_closed
30.600 0.100 3 14 snare_body
31.200 0.100 0 15 hihat_closed
31.800 0.100 3 14 snare_body
32.400 0.100 0 15 hihat_closed
33.000 0.100 3 14 snare_body
33.600 0.100 0 15 hihat_closed
34.200 0.100 3 14 snare_body
34.800 0.100 0 15 hihat_closed
35.400 0.100 3 14 snare_body
36.000 0.100 0 15 hihat_closed
36.600 0.100 3 14 snare_body
37.200 0.100 0 15 hihat_closed
37.800 0.100 3 14 snare_body
38.400 0.100 0 15 hihat_closed
39.000 0.100 3 14 snare_body
39.600 0.100 0 15 hihat_closed
40.200 0.100 3 14 snare_body
40.800 0.100 0 15 hihat_closed
41.400 0.100 3 14 snare_body
42.000 0.100 0 15 hihat_closed
42.600 0.100 3 14 snare_body
43.200 0.100 0 15 hihat_closed
43.800 0.100 3 14 snare_body
44.400 0.100 0 15 hihat_closed
45.000 0.100 3 14 snare_body
45.600 0.100 0 15 hihat_closed
46.200 0.100 3 14 snare_body
46.800 0.100 0 15 hihat_closed
47.400 0.100 3 14 snare_body
48.000 0.100 0 15 hihat_closed
48.600 0.100 3 14 snare_body
49.200 0.100 0 15 hihat_closed
49.800 0.100 3 14 snare_body
50.400 0.100 0 15 hihat_closed
51.000 0.100 3 14 snare_body
51.600 0.100 0 15 hihat_closed
52.200 0.100 3 14 snare_body
52.800 0.100 0 15 hihat_closed
53.400 0.100 3 14 snare_body
54.000 0.100 0 15 hihat_closed
54.600 0.100 3 14 snare_body
55.200 0.100 0 15 hihat_closed
55.800 0.100 3 14 snare_body
56.400 0.100 0 15 hihat_closed
57.000 0.100 3 14 snare_body
57.600 0.100 0 15 hihat_closed
58.500 0.100 3 14 snare_body
59.400 0.100 3 14 snare_body
59.700 0.100 0 15 hihat_closed
60.600 0.100 3 14 snare_body
61.500 0.100 3 14 snare_body
61.800 0.100 0 15 hihat_closed
62.700 0.100 3 14 snare_body
63.600 0.100 3 14 snare_body
63.900 0.100 0 15 hihat_closed
64.800 0.100 3 14 snare_body
65.700 0.100 3 14 snare_body
66.000 0.100 3 14 snare_body
66.450 0.100 3 14 snare_body
66.900 0.100 3 14 snare_body
67.350 0.100 3 14 snare_body
67.800 BEGIN_CYCLE
67.800 0.100 3 14 snare_body
68.100 0.100 0 15 hihat_closed
68.700 0.100 3 14 snare_body
69.300 0.100 0 15 hihat_closed
69.900 0.100 3 14 snare_body
70.500 0.100 0 15 hihat_closed
71.100 0.100 3 14 snare_body
71.700 0.100 0 15 hihat_closed
72.300 0.100 3 14 snare_body
72.900 0.100 0 15 hihat_closed
73.500 0.100 3 14 snare_body
74.100 0.100 0 15 hihat_closed
74.700 0.100 3 14 snare_body
75.300 0.100 0 15 hihat_closed
75.900 0.100 3 14 snare_body
76.500 0.100 0 15 hihat_closed
77.100 0.100 3 14 snare_body
77.700 0.100 0 15 hihat_closed
78.300 0.100 3 14 snare_body
78.900 0.100 0 15 hihat_closed
79.500 0.100 3 14 snare_body
80.100 0.100 0 15 hihat_closed
80.700 0.100 3 14 snare_body
81.300 0.100 0 15 hihat_closed
81.900 0.100 3 14 snare_body
82.500 0.100 0 15 hihat_closed
83.100 0.100 3 14 snare_body
83.700 0.100 0 15 hihat_closed
84.300 0.100 3 14 snare_body
84.900 0.100 0 15 hihat_closed
85.500 0.100 3 14 snare_body
86.100 0.100 0 15 hihat_closed
86.700 0.100 3 14 snare_body
87.300 0.100 0 15 hihat_closed
87.900 0.100 3 14 snare_body
88.500 0.100 0 15 hihat_closed
89.100 0.100 3 14 snare_body
89.700 0.100 0 15 hihat_closed
90.300 0.100 3 14 snare_body
90.900 0.100 0 15 hihat_closed
91.500 0.100 3 14 snare_body
92.100 0.100 0 15 hihat_closed
92.700 0.100 3 14 snare_body
93.300 0.100 0 15 hihat_closed
93.900 0.100 3 14 snare_body
94.500 0.100 0 15 hihat_closed
95.100 0.100 3 14 snare_body
95.700 0.100 0 15 hihat_closed
96.300 0.100 3 14 snare_body
96.900 0.100 0 15 hihat_closed
97.500 0.100 3 14 snare_body
98.100 0.100 0 15 hihat_closed
98.700 0.100 3 14 snare_body
99.300 0.100 0 15 hihat_closed
99.900 0.100 3 14 snare_body
100.500 0.100 0 15 hihat_closed
101.100 0.100 3 14 snare_body
101.700 0.100 0 15 hihat_closed
102.300 0.100 3 14 snare_body
102.900 0.100 0 15 hihat_closed
103.500 0.100 3 14 snare_body
104.100 0.100 0 15 hihat_closed
104.700 0.100 3 14 snare_body
105.300 0.100 0 15 hihat_closed
105.900 0.100 3 14 snare_body
106.500 0.100 0 15 hihat_closed
107.100 0.100 3 14 snare_body
107.700 0.100 0 15 hihat_closed
108.300 0.100 3 14 snare_body
108.900 0.100 0 15 hihat_closed
109.500 0.100 3 14 snare_body
110.100 0.100 0 15 hihat_closed
110.700 0.100 3 14 snare_body
111.300 0.100 0 15 hihat_closed
111.900 0.100 3 14 snare_body
112.500 0.100 0 15 hihat_closed
113.100 0.100 3 14 snare_body
113.700 0.100 0 15 hihat_closed
114.300 0.100 3 14 snare_body
114.900 0.100 0 15 hihat_closed
115.500 0.100 3 14 snare_body
116.100 0.100 0 15 hihat_closed
116.700 0.100 3 14 snare_body
117.300 0.100 0 15 hihat_closed
117.900 0.100 3 14 snare_body
118.500 0.100 0 15 hihat_closed
119.100 0.100 3 14 snare_body
119.700 0.100 0 15 hihat_closed
120.300 0.100 3 14 snare_body
120.900 0.100 0 15 hihat_closed
121.500 0.100 3 14 snare_body
122.100 0.100 0 15 hihat_closed
122.700 0.100 3 14 snare_body
123.300 0.100 0 15 hihat_closed
123.900 0.100 3 14 snare_body
124.500 0.100 0 15 hihat_closed
125.100 0.100 3 14 snare_body
125.700 0.100 0 15 hihat_closed
126.600 0.100 3 14 snare_body
127.500 0.100 3 14 snare_body
127.800 0.100 0 15 hihat_closed
128.700 0.100 3 14 snare_body
129.600 0.100 3 14 snare_body
129.900 0.100 0 15 hihat_closed
130.800 0.100 3 14 snare_body
131.700 0.100 3 14 snare_body
132.000 0.100 0 15 hihat_closed
132.900 0.100 3 14 snare_body
133.800 0.100 3 14 snare_body
134.100 0.100 3 14 snare_body
134.550 0.100 3 14 snare_body
135.000 0.100 3 14 snare_body
135.450 0.100 3 14 snare_body
135.900 END_CYCLE
