ducktales2.nsf track=0 framerate=60

Square1(325)
time dur note vol
2.400 0.100 E4 15
2.700 0.100 G#4 15
3.000 0.100 B4 15
3.300 0.100 C#5 15
3.600 0.400 D5 15
4.100 0.300 C#5 15
4.400 0.100 B4 15
4.500 0.200 A4 15
4.800 0.200 A4 15
5.300 0.400 G#4 15
6.000 0.200 A4 15
6.500 0.400 G#4 15
7.200 0.100 E4 15
7.500 0.100 G#4 15
7.800 0.100 B4 15
8.100 0.100 C#5 15
8.400 0.400 D5 15
8.900 0.300 C#5 15
9.200 0.100 B4 15
9.300 0.200 A4 15
9.600 0.200 D5 15
10.100 0.400 C#5 15
10.800 0.200 D5 15
11.300 0.400 C#5 15
12.300 0.100 F#4 15
12.600 0.100 A4 15
12.900 0.100 C#5 15
13.200 0.200 C#5 15
13.700 0.400 B4 15
14.700 0.100 C#5 15
15.000 0.100 E5 15
15.300 0.100 F#5 15
15.600 0.200 G#5 15
16.100 0.400 F#5 15
16.800 0.100 E5 15
17.100 0.100 E5 15
17.600 0.100 E5 15
17.700 0.300 B5 15
18.000 0.100 G#5 15
19.200 0.100 E5 15
19.500 0.100 D5 15
19.800 0.100 C5 15
20.100 0.100 D5 15
20.400 0.100 E5 15
20.700 0.100 D5 15
21.000 0.100 C5 15
21.300 0.100 D5 15
21.600 0.100 E5 15
21.900 0.100 E5 15
22.400 0.100 E5 15
22.500 0.300 B5 15
22.800 0.100 G#5 15
24.000 0.100 E5 15
24.300 0.100 D5 15
24.600 0.100 C5 15
24.900 0.100 D5 15
25.200 0.100 E5 15
25.500 0.100 D5 15
25.800 0.100 C5 15
26.100 0.100 D5 15
26.400 0.100 E5 15
26.700 0.100 E5 15
27.600 0.200 E6 15
27.900 0.200 F#6 15
28.200 0.200 G#6 15
28.500 0.200 B6 15
29.000 0.400 E5 15
29.400 0.300 G#5 15
29.700 0.300 E5 15
31.400 0.400 E5 15
31.800 0.300 G#5 15
32.100 0.300 E5 15
33.800 0.700 F#5 15
34.500 0.300 G#5 15
34.800 0.200 A#5 15
35.100 0.200 G#5 15
35.400 0.200 F#5 15
35.700 0.200 G#5 15
36.000 0.100 F#5 15
36.300 0.100 F#5 15
36.800 0.100 F#5 15
36.900 0.300 C#6 15
37.200 0.100 A#5 15
38.400 0.100 F#5 15
38.700 0.100 E5 15
39.000 0.100 D5 15
39.300 0.100 E5 15
39.600 0.100 F#5 15
39.900 0.100 E5 15
40.200 0.100 D5 15
40.500 0.100 E5 15
40.800 0.100 F#5 15
41.100 0.100 F#5 15
41.600 0.100 F#5 15
41.700 0.300 C#6 15
42.000 0.100 A#5 15
43.200 0.100 F#5 15
43.500 0.100 E5 15
43.800 0.100 D5 15
44.100 0.100 E5 15
44.400 0.100 F#5 15
44.700 0.100 E5 15
45.000 0.100 D5 15
45.300 0.100 E5 15
45.600 0.100 F#5 15
45.900 0.100 F#5 15
46.400 0.100 F#5 15
46.500 0.300 C#6 15
46.800 0.100 A#5 15
48.000 0.100 F#5 15
48.300 0.100 E5 15
48.600 0.100 D5 15
48.900 0.100 E5 15
49.200 0.100 F#5 15
49.500 0.100 E5 15
49.800 0.100 D5 15
50.100 0.100 E5 15
50.400 0.100 F#5 15
50.700 0.100 F#5 15
51.200 0.100 F#5 15
51.300 0.300 C#6 15
51.600 0.100 A#5 15
51.900 0.100 A#5 15
55.200 0.100 E4 15
55.500 0.100 G#4 15
55.800 0.100 B4 15
56.100 0.100 C#5 15
56.400 0.400 D5 15
56.900 0.300 C#5 15
57.200 0.100 B4 15
57.300 0.200 A4 15
57.600 0.200 A4 15
58.100 0.400 G#4 15
58.800 0.200 A4 15
59.300 0.400 G#4 15
60.000 0.100 E4 15
60.300 0.100 G#4 15
60.600 0.100 B4 15
60.900 0.100 C#5 15
61.200 0.400 D5 15
61.700 0.300 C#5 15
62.000 0.100 B4 15
62.100 0.200 A4 15
62.400 0.200 D5 15
62.900 0.400 C#5 15
63.600 0.200 D5 15
64.100 0.400 C#5 15
65.100 0.100 F#4 15
65.400 0.100 A4 15
65.700 0.100 C#5 15
66.000 0.200 C#5 15
66.500 0.400 B4 15
67.500 0.100 C#5 15
67.800 0.100 E5 15
68.100 0.100 F#5 15
68.400 0.200 G#5 15
68.900 0.400 F#5 15
69.600 0.100 E5 15
69.900 0.100 E5 15
70.400 0.100 E5 15
70.500 0.300 B5 15
70.800 0.100 G#5 15
72.000 0.100 E5 15
72.300 0.100 D5 15
72.600 0.100 C5 15
72.900 0.100 D5 15
73.200 0.100 E5 15
73.500 0.100 D5 15
73.800 0.100 C5 15
74.100 0.100 D5 15
74.400 0.100 E5 15
74.700 0.100 E5 15
75.200 0.100 E5 15
75.300 0.300 B5 15
75.600 0.100 G#5 15
76.800 0.100 E5 15
77.100 0.100 D5 15
77.400 0.100 C5 15
77.700 0.100 D5 15
78.000 0.100 E5 15
78.300 0.100 D5 15
78.600 0.100 C5 15
78.900 0.100 D5 15
79.200 0.100 E5 15
79.500 0.100 E5 15
80.400 0.200 E6 15
80.700 0.200 F#6 15
81.000 0.200 G#6 15
81.300 0.200 B6 15
81.800 0.400 E5 15
82.200 0.300 G#5 15
82.500 0.300 E5 15
84.200 0.400 E5 15
84.600 0.300 G#5 15
84.900 0.300 E5 15
86.600 0.700 F#5 15
87.300 0.300 G#5 15
87.600 0.200 A#5 15
87.900 0.200 G#5 15
88.200 0.200 F#5 15
88.500 0.200 G#5 15
88.800 0.100 F#5 15
89.100 BEGIN_CYCLE
89.100 0.100 F#5 15
89.600 0.100 F#5 15
89.700 0.300 C#6 15
90.000 0.100 A#5 15
91.200 0.100 F#5 15
91.500 0.100 E5 15
91.800 0.100 D5 15
92.100 0.100 E5 15
92.400 0.100 F#5 15
92.700 0.100 E5 15
93.000 0.100 D5 15
93.300 0.100 E5 15
93.600 0.100 F#5 15
93.900 0.100 F#5 15
94.400 0.100 F#5 15
94.500 0.300 C#6 15
94.800 0.100 A#5 15
96.000 0.100 F#5 15
96.300 0.100 E5 15
96.600 0.100 D5 15
96.900 0.100 E5 15
97.200 0.100 F#5 15
97.500 0.100 E5 15
97.800 0.100 D5 15
98.100 0.100 E5 15
98.400 0.100 F#5 15
98.700 0.100 F#5 15
99.200 0.100 F#5 15
99.300 0.300 C#6 15
99.600 0.100 A#5 15
100.800 0.100 F#5 15
101.100 0.100 E5 15
101.400 0.100 D5 15
101.700 0.100 E5 15
102.000 0.100 F#5 15
102.300 0.100 E5 15
102.600 0.100 D5 15
102.900 0.100 E5 15
103.200 0.100 F#5 15
103.500 0.100 F#5 15
104.000 0.100 F#5 15
104.100 0.300 C#6 15
104.400 0.100 A#5 15
104.700 0.100 A#5 15
108.000 0.100 E4 15
108.300 0.100 G#4 15
108.600 0.100 B4 15
108.900 0.100 C#5 15
109.200 0.400 D5 15
109.700 0.300 C#5 15
110.000 0.100 B4 15
110.100 0.200 A4 15
110.400 0.200 A4 15
110.900 0.400 G#4 15
111.600 0.200 A4 15
112.100 0.400 G#4 15
112.800 0.100 E4 15
113.100 0.100 G#4 15
113.400 0.100 B4 15
113.700 0.100 C#5 15
114.000 0.400 D5 15
114.500 0.300 C#5 15
114.800 0.100 B4 15
114.900 0.200 A4 15
115.200 0.200 D5 15
115.700 0.400 C#5 15
116.400 0.200 D5 15
116.900 0.400 C#5 15
117.900 0.100 F#4 15
118.200 0.100 A4 15
118.500 0.100 C#5 15
118.800 0.200 C#5 15
119.300 0.400 B4 15
120.300 0.100 C#5 15
120.600 0.100 E5 15
120.900 0.100 F#5 15
121.200 0.200 G#5 15
121.700 0.400 F#5 15
122.400 0.100 E5 15
122.700 0.100 E5 15
123.200 0.100 E5 15
123.300 0.300 B5 15
123.600 0.100 G#5 15
124.800 0.100 E5 15
125.100 0.100 D5 15
125.400 0.100 C5 15
125.700 0.100 D5 15
126.000 0.100 E5 15
126.300 0.100 D5 15
126.600 0.100 C5 15
126.900 0.100 D5 15
127.200 0.100 E5 15
127.500 0.100 E5 15
128.000 0.100 E5 15
128.100 0.300 B5 15
128.400 0.100 G#5 15
129.600 0.100 E5 15
129.900 0.100 D5 15
130.200 0.100 C5 15
130.500 0.100 D5 15
130.800 0.100 E5 15
131.100 0.100 D5 15
131.400 0.100 C5 15
131.700 0.100 D5 15
132.000 0.100 E5 15
132.300 0.100 E5 15
133.200 0.200 E6 15
133.500 0.200 F#6 15
133.800 0.200 G#6 15
134.100 0.200 B6 15
134.600 0.400 E5 15
135.000 0.300 G#5 15
135.300 0.300 E5 15
137.000 0.400 E5 15
137.400 0.300 G#5 15
137.700 0.300 E5 15
139.400 0.700 F#5 15
140.100 0.300 G#5 15
140.400 0.200 A#5 15
140.700 0.200 G#5 15
141.000 0.200 F#5 15
141.300 0.200 G#5 15
141.600 0.100 F#5 15
141.900 END_CYCLE

Square2(350)
time dur note vol
2.400 0.100 E3 9
2.700 0.100 G#3 9
3.000 0.100 B3 9
3.300 0.100 C#4 9
3.600 0.400 D4 9
4.100 0.300 C#4 9
4.400 0.100 B3 9
4.500 0.200 A3 9
4.800 0.200 F#4 9
5.300 0.400 E4 9
6.000 0.200 F#4 9
6.500 0.400 E4 9
7.200 0.100 E3 9
7.500 0.100 G#3 9
7.800 0.100 B3 9
8.100 0.100 C#4 9
8.400 0.400 D4 9
8.900 0.300 C#4 9
9.200 0.100 B3 9
9.300 0.200 A3 9
9.600 0.200 A4 9
10.100 0.400 A4 9
10.800 0.200 A4 9
11.300 0.400 A4 9
12.000 1.200 F#3 14
13.200 0.900 B3 14
14.100 0.200 C#4 14
14.300 2.117 E4 14
16.500 0.100 G#4 14
16.600 0.100 B4 14
16.700 0.100 C#5 14
16.800 0.100 B4 14
17.100 0.100 B4 14
17.600 0.100 B4 14
17.700 0.300 G#5 14
18.000 0.100 E5 14
18.300 0.100 E4 14
18.600 0.100 G#4 14
18.800 0.100 B4 14
18.900 0.200 C#5 14
19.100 2.100 E5 14
21.200 0.100 G5 14
21.300 0.200 F#5 14
21.600 0.100 B4 14
21.900 0.100 B4 14
22.400 0.100 B4 14
22.500 0.300 G#5 14
22.800 0.100 E5 14
23.100 0.100 E5 14
23.400 0.100 G5 14
23.500 0.100 F#5 14
23.600 0.100 E5 14
23.700 0.200 D5 14
23.900 2.100 E5 14
26.000 0.100 C5 14
26.100 0.200 D5 14
26.400 0.100 B4 14
26.700 0.100 B4 14
27.667 0.300 E6 15
27.967 0.300 F#6 12
28.267 0.300 G#6 12
28.567 0.233 B6 12
29.100 0.200 E5 15
29.400 0.100 E5 12
29.500 0.200 G#5 12
29.800 0.200 E5 12
30.000 0.200 B4 14
30.300 0.200 B4 14
30.600 0.200 C#5 14
30.900 0.200 E5 14
31.500 0.200 E5 12
31.800 0.100 E5 12
31.900 0.200 G#5 12
32.200 0.200 E5 12
32.400 0.200 G#5 14
32.700 0.200 A5 14
33.000 0.200 G#5 14
33.300 0.200 E5 14
33.900 0.200 F#5 11
34.200 0.300 F#5 11
34.600 0.200 G#5 11
34.900 0.200 A#5 9
35.200 0.200 G#5 9
35.500 0.200 F#5 9
35.800 0.200 G#5 9
36.000 0.100 C#5 14
36.300 0.100 C#5 14
36.800 0.100 C#5 14
36.900 0.300 A#5 14
37.200 0.100 F#5 14
37.500 0.100 F#4 14
37.800 0.100 A#4 14
38.000 0.100 C#5 14
38.100 0.200 D#5 14
38.300 2.100 F#5 14
40.400 0.100 A5 14
40.500 0.200 G#5 14
40.800 0.100 C#5 14
41.100 0.100 C#5 14
41.600 0.100 C#5 14
41.700 0.300 A#5 14
42.000 0.100 F#5 14
42.300 0.100 F#5 14
42.600 0.100 A5 14
42.700 0.100 G#5 14
42.800 0.100 F#5 14
42.900 0.200 E5 14
43.100 1.900 F#5 14
45.200 0.100 D5 14
45.300 0.200 E5 14
45.600 0.100 C#5 14
45.900 0.100 C#5 14
46.400 0.100 C#5 14
46.500 0.300 A#5 14
46.800 0.100 F#5 14
47.000 0.100 F#5 14
47.100 0.200 G#5 14
47.300 0.100 F#5 14
47.400 0.200 A#5 14
47.600 0.100 C#6 14
48.300 0.200 F#5 14
48.800 0.100 F#5 14
48.900 0.200 G#5 14
49.100 0.100 F#5 14
49.200 0.800 B5 14
50.000 0.100 F#5 14
50.100 0.300 A5 14
50.400 0.100 C#5 14
50.700 0.100 C#5 14
51.200 0.100 C#5 14
51.300 0.300 A#5 14
51.900 0.100 F#5 14
55.200 0.100 E3 14
55.500 0.100 G#3 14
55.800 0.100 B3 14
56.100 0.100 C#4 14
56.400 0.400 D4 14
56.900 0.300 C#4 14
57.200 0.100 B3 14
57.300 0.200 A3 14
57.600 0.200 F#4 14
58.100 0.400 E4 14
58.800 0.200 F#4 14
59.300 0.400 E4 14
60.000 0.100 E3 14
60.300 0.100 G#3 14
60.600 0.100 B3 14
60.900 0.100 C#4 14
61.200 0.400 D4 14
61.700 0.300 C#4 14
62.000 0.100 B3 14
62.100 0.200 A3 14
62.400 0.200 A4 14
62.900 0.400 A4 14
63.600 0.200 A4 14
64.100 0.400 A4 14
64.800 1.200 F#3 14
66.000 0.900 B3 14
66.900 0.200 C#4 14
67.100 2.117 E4 14
69.300 0.100 G#4 14
69.400 0.100 B4 14
69.500 0.100 C#5 14
69.600 0.100 B4 14
69.900 0.100 B4 14
70.400 0.100 B4 14
70.500 0.300 G#5 14
70.800 0.100 E5 14
71.100 0.100 E4 14
71.400 0.100 G#4 14
71.600 0.100 B4 14
71.700 0.200 C#5 14
71.900 2.100 E5 14
74.000 0.100 G5 14
74.100 0.200 F#5 14
74.400 0.100 B4 14
74.700 0.100 B4 14
75.200 0.100 B4 14
75.300 0.300 G#5 14
75.600 0.100 E5 14
75.900 0.100 E5 14
76.200 0.100 G5 14
76.300 0.100 F#5 14
76.400 0.100 E5 14
76.500 0.200 D5 14
76.700 2.100 E5 14
78.800 0.100 C5 14
78.900 0.200 D5 14
79.200 0.100 B4 14
79.500 0.100 B4 14
80.467 0.300 E6 15
80.767 0.300 F#6 12
81.067 0.300 G#6 12
81.367 0.233 B6 12
81.900 0.200 E5 15
82.200 0.100 E5 12
82.300 0.200 G#5 12
82.600 0.200 E5 12
82.800 0.200 B4 14
83.100 0.200 B4 14
83.400 0.200 C#5 14
83.700 0.200 E5 14
84.300 0.200 E5 12
84.600 0.100 E5 12
84.700 0.200 G#5 12
85.000 0.200 E5 12
85.200 0.200 G#5 14
85.500 0.200 A5 14
85.800 0.200 G#5 14
86.100 0.200 E5 14
86.700 0.200 F#5 11
87.000 0.300 F#5 11
87.400 0.200 G#5 11
87.700 0.200 A#5 9
88.000 0.200 G#5 9
88.300 0.200 F#5 9
88.600 0.200 G#5 9
88.800 0.100 C#5 14
89.100 BEGIN_CYCLE
89.100 0.100 C#5 14
89.600 0.100 C#5 14
89.700 0.300 A#5 14
90.000 0.100 F#5 14
90.300 0.100 F#4 14
90.600 0.100 A#4 14
90.800 0.100 C#5 14
90.900 0.200 D#5 14
91.100 2.100 F#5 14
93.200 0.100 A5 14
93.300 0.200 G#5 14
93.600 0.100 C#5 14
93.900 0.100 C#5 14
94.400 0.100 C#5 14
94.500 0.300 A#5 14
94.800 0.100 F#5 14
95.100 0.100 F#5 14
95.400 0.100 A5 14
95.500 0.100 G#5 14
95.600 0.100 F#5 14
95.700 0.200 E5 14
95.900 1.900 F#5 14
98.000 0.100 D5 14
98.100 0.200 E5 14
98.400 0.100 C#5 14
98.700 0.100 C#5 14
99.200 0.100 C#5 14
99.300 0.300 A#5 14
99.600 0.100 F#5 14
99.800 0.100 F#5 14
99.900 0.200 G#5 14
100.100 0.100 F#5 14
100.200 0.200 A#5 14
100.400 0.100 C#6 14
101.100 0.200 F#5 14
101.600 0.100 F#5 14
101.700 0.200 G#5 14
101.900 0.100 F#5 14
102.000 0.800 B5 14
102.800 0.100 F#5 14
102.900 0.300 A5 14
103.200 0.100 C#5 14
103.500 0.100 C#5 14
104.000 0.100 C#5 14
104.100 0.300 A#5 14
104.700 0.100 F#5 14
108.000 0.100 E3 14
108.300 0.100 G#3 14
108.600 0.100 B3 14
108.900 0.100 C#4 14
109.200 0.400 D4 14
109.700 0.300 C#4 14
110.000 0.100 B3 14
110.100 0.200 A3 14
110.400 0.200 F#4 14
110.900 0.400 E4 14
111.600 0.200 F#4 14
112.100 0.400 E4 14
112.800 0.100 E3 14
113.100 0.100 G#3 14
113.400 0.100 B3 14
113.700 0.100 C#4 14
114.000 0.400 D4 14
114.500 0.300 C#4 14
114.800 0.100 B3 14
114.900 0.200 A3 14
115.200 0.200 A4 14
115.700 0.400 A4 14
116.400 0.200 A4 14
116.900 0.400 A4 14
117.600 1.200 F#3 14
118.800 0.900 B3 14
119.700 0.200 C#4 14
119.900 2.117 E4 14
122.100 0.100 G#4 14
122.200 0.100 B4 14
122.300 0.100 C#5 14
122.400 0.100 B4 14
122.700 0.100 B4 14
123.200 0.100 B4 14
123.300 0.300 G#5 14
123.600 0.100 E5 14
123.900 0.100 E4 14
124.200 0.100 G#4 14
124.400 0.100 B4 14
124.500 0.200 C#5 14
124.700 2.100 E5 14
126.800 0.100 G5 14
126.900 0.200 F#5 14
127.200 0.100 B4 14
127.500 0.100 B4 14
128.000 0.100 B4 14
128.100 0.300 G#5 14
128.400 0.100 E5 14
128.700 0.100 E5 14
129.000 0.100 G5 14
129.100 0.100 F#5 14
129.200 0.100 E5 14
129.300 0.200 D5 14
129.500 2.100 E5 14
131.600 0.100 C5 14
131.700 0.200 D5 14
132.000 0.100 B4 14
132.300 0.100 B4 14
133.267 0.300 E6 15
133.567 0.300 F#6 12
133.867 0.300 G#6 12
134.167 0.233 B6 12
134.700 0.200 E5 15
135.000 0.100 E5 12
135.100 0.200 G#5 12
135.400 0.200 E5 12
135.600 0.200 B4 14
135.900 0.200 B4 14
136.200 0.200 C#5 14
136.500 0.200 E5 14
137.100 0.200 E5 12
137.400 0.100 E5 12
137.500 0.200 G#5 12
137.800 0.200 E5 12
138.000 0.200 G#5 14
138.300 0.200 A5 14
138.600 0.200 G#5 14
138.900 0.200 E5 14
139.500 0.200 F#5 11
139.800 0.300 F#5 11
140.200 0.200 G#5 11
140.500 0.200 A#5 9
140.800 0.200 G#5 9
141.100 0.200 F#5 9
141.400 0.200 G#5 9
141.600 0.100 C#5 14
141.900 END_CYCLE

Triangle(461)
time dur note vol
0.000 0.100 E4 15
0.300 0.100 E5 15
0.600 0.100 E4 15
0.900 0.100 E5 15
1.200 0.100 E4 15
1.500 0.200 E5 15
1.700 0.100 E4 15
2.000 0.100 E4 15
2.100 0.100 E5 15
2.400 0.100 E4 15
2.700 0.100 E5 15
3.000 0.100 E4 15
3.300 0.100 E5 15
3.600 0.100 E4 15
3.900 0.200 E5 15
4.100 0.100 E4 15
4.400 0.100 E4 15
4.500 0.100 E5 15
4.800 0.100 E4 15
5.100 0.100 E5 15
5.400 0.100 E4 15
5.700 0.100 E5 15
6.000 0.100 E4 15
6.300 0.200 E5 15
6.500 0.100 E4 15
6.800 0.100 E4 15
6.900 0.100 E5 15
7.200 0.100 E4 15
7.500 0.100 E5 15
7.800 0.100 E4 15
8.100 0.100 E5 15
8.400 0.100 E4 15
8.700 0.200 E5 15
8.900 0.100 E4 15
9.200 0.100 E4 15
9.300 0.100 E5 15
9.600 0.100 A4 15
9.900 0.100 A5 15
10.200 0.100 A4 15
10.500 0.100 A5 15
10.800 0.100 A4 15
11.300 0.300 A4 15
11.600 0.100 G#4 15
11.700 0.100 G4 15
12.000 0.100 F#4 15
12.300 0.100 F#5 15
12.600 0.100 F#4 15
12.900 0.100 F#5 15
13.200 0.100 B4 15
13.700 0.300 B4 15
14.000 0.100 A4 15
14.100 0.100 G#4 15
14.400 0.100 F#4 15
14.700 0.100 F#5 15
15.000 0.100 F#4 15
15.300 0.100 F#5 15
15.600 0.100 B4 15
16.100 0.300 B4 15
16.400 0.100 A4 15
16.500 0.100 G#4 15
16.800 0.100 E4 15
17.100 0.100 E5 15
17.400 0.100 E4 15
17.700 0.100 E5 15
18.000 0.100 E4 15
18.300 0.200 E5 15
18.500 0.100 E4 15
18.800 0.100 E4 15
18.900 0.100 E5 15
19.200 0.100 C4 15
19.500 0.100 C5 15
19.800 0.100 C4 15
20.100 0.100 C5 15
20.400 0.100 D4 15
20.700 0.100 D5 15
21.000 0.100 D4 15
21.300 0.100 D5 15
21.600 0.100 E4 15
21.900 0.100 E5 15
22.200 0.100 E4 15
22.500 0.100 E5 15
22.800 0.100 E4 15
23.100 0.200 E5 15
23.300 0.100 E4 15
23.600 0.100 E4 15
23.700 0.100 E5 15
24.000 0.100 C4 15
24.300 0.100 C5 15
24.600 0.100 C4 15
24.900 0.100 C5 15
25.200 0.100 D4 15
25.500 0.100 D5 15
25.800 0.100 D4 15
26.100 0.100 D5 15
26.400 0.100 E4 15
26.700 0.100 E5 15
27.000 0.100 E4 15
27.300 0.100 E5 15
27.600 0.100 E4 15
27.900 0.100 F#4 15
28.200 0.100 G#4 15
28.500 0.100 B4 15
28.800 0.200 A4 15
29.300 0.200 F#4 15
30.000 0.200 G#4 15
30.500 0.200 G#4 15
31.200 0.200 D4 15
31.700 0.200 D4 15
32.400 0.200 E4 15
32.900 0.200 E4 15
33.600 0.200 C#4 15
34.100 0.200 C#4 15
34.800 0.100 C#5 15
35.100 0.100 C#5 15
35.400 0.100 C#5 15
35.700 0.100 C#5 15
36.000 0.100 F#4 15
36.300 0.100 F#5 15
36.600 0.100 F#4 15
36.900 0.100 F#5 15
37.200 0.100 F#4 15
37.500 0.200 F#5 15
37.700 0.100 F#4 15
38.000 0.100 F#4 15
38.100 0.100 F#5 15
38.400 0.100 D4 15
38.700 0.100 D5 15
39.000 0.100 D4 15
39.300 0.100 D5 15
39.600 0.100 E4 15
39.900 0.100 E5 15
40.200 0.100 E4 15
40.500 0.100 E5 15
40.800 0.100 F#4 15
41.100 0.100 F#5 15
41.400 0.100 F#4 15
41.700 0.100 F#5 15
42.000 0.100 F#4 15
42.300 0.200 F#5 15
42.500 0.100 F#4 15
42.800 0.100 F#4 15
42.900 0.100 F#5 15
43.200 0.100 D4 15
43.500 0.100 D5 15
43.800 0.100 D4 15
44.100 0.100 D5 15
44.400 0.100 E4 15
44.700 0.100 E5 15
45.000 0.100 E4 15
45.300 0.100 E5 15
45.600 0.100 F#4 15
45.900 0.100 F#5 15
46.200 0.100 F#4 15
46.500 0.100 F#5 15
46.800 0.100 F#4 15
47.100 0.200 F#5 15
47.300 0.100 F#4 15
47.600 0.100 F#4 15
47.700 0.100 F#5 15
48.000 0.100 D4 15
48.300 0.100 D5 15
48.600 0.100 D4 15
48.900 0.100 D5 15
49.200 0.100 E4 15
49.500 0.100 E5 15
49.800 0.100 E4 15
50.100 0.100 E5 15
50.400 0.100 F#4 15
50.700 0.100 F#5 15
51.000 0.100 F#4 15
51.300 0.100 F#5 15
51.900 0.100 F#4 15
52.800 0.100 E4 15
53.100 0.100 E5 15
53.400 0.100 E4 15
53.700 0.100 E5 15
54.000 0.100 E4 15
54.300 0.200 E5 15
54.500 0.100 E4 15
54.800 0.100 E4 15
54.900 0.100 E5 15
55.200 0.100 E4 15
55.500 0.100 E5 15
55.800 0.100 E4 15
56.100 0.100 E5 15
56.400 0.100 E4 15
56.700 0.200 E5 15
56.900 0.100 E4 15
57.200 0.100 E4 15
57.300 0.100 E5 15
57.600 0.100 E4 15
57.900 0.100 E5 15
58.200 0.100 E4 15
58.500 0.100 E5 15
58.800 0.100 E4 15
59.100 0.200 E5 15
59.300 0.100 E4 15
59.600 0.100 E4 15
59.700 0.100 E5 15
60.000 0.100 E4 15
60.300 0.100 E5 15
60.600 0.100 E4 15
60.900 0.100 E5 15
61.200 0.100 E4 15
61.500 0.200 E5 15
61.700 0.100 E4 15
62.000 0.100 E4 15
62.100 0.100 E5 15
62.400 0.100 A4 15
62.700 0.100 A5 15
63.000 0.100 A4 15
63.300 0.100 A5 15
63.600 0.100 A4 15
64.100 0.300 A4 15
64.400 0.100 G#4 15
64.500 0.100 G4 15
64.800 0.100 F#4 15
65.100 0.100 F#5 15
65.400 0.100 F#4 15
65.700 0.100 F#5 15
66.000 0.100 B4 15
66.500 0.300 B4 15
66.800 0.100 A4 15
66.900 0.100 G#4 15
67.200 0.100 F#4 15
67.500 0.100 F#5 15
67.800 0.100 F#4 15
68.100 0.100 F#5 15
68.400 0.100 B4 15
68.900 0.300 B4 15
69.200 0.100 A4 15
69.300 0.100 G#4 15
69.600 0.100 E4 15
69.900 0.100 E5 15
70.200 0.100 E4 15
70.500 0.100 E5 15
70.800 0.100 E4 15
71.100 0.200 E5 15
71.300 0.100 E4 15
71.600 0.100 E4 15
71.700 0.100 E5 15
72.000 0.100 C4 15
72.300 0.100 C5 15
72.600 0.100 C4 15
72.900 0.100 C5 15
73.200 0.100 D4 15
73.500 0.100 D5 15
73.800 0.100 D4 15
74.100 0.100 D5 15
74.400 0.100 E4 15
74.700 0.100 E5 15
75.000 0.100 E4 15
75.300 0.100 E5 15
75.600 0.100 E4 15
75.900 0.200 E5 15
76.100 0.100 E4 15
76.400 0.100 E4 15
76.500 0.100 E5 15
76.800 0.100 C4 15
77.100 0.100 C5 15
77.400 0.100 C4 15
77.700 0.100 C5 15
78.000 0.100 D4 15
78.300 0.100 D5 15
78.600 0.100 D4 15
78.900 0.100 D5 15
79.200 0.100 E4 15
79.500 0.100 E5 15
79.800 0.100 E4 15
80.100 0.100 E5 15
80.400 0.100 E4 15
80.700 0.100 F#4 15
81.000 0.100 G#4 15
81.300 0.100 B4 15
81.600 0.200 A4 15
82.100 0.200 F#4 15
82.800 0.200 G#4 15
83.300 0.200 G#4 15
84.000 0.200 D4 15
84.500 0.200 D4 15
85.200 0.200 E4 15
85.700 0.200 E4 15
86.400 0.200 C#4 15
86.900 0.200 C#4 15
87.600 0.100 C#5 15
87.900 0.100 C#5 15
88.200 0.100 C#5 15
88.500 0.100 C#5 15
88.800 0.100 F#4 15
89.100 BEGIN_CYCLE
89.100 0.100 F#5 15
89.400 0.100 F#4 15
89.700 0.100 F#5 15
90.000 0.100 F#4 15
90.300 0.200 F#5 15
90.500 0.100 F#4 15
90.800 0.100 F#4 15
90.900 0.100 F#5 15
91.200 0.100 D4 15
91.500 0.100 D5 15
91.800 0.100 D4 15
92.100 0.100 D5 15
92.400 0.100 E4 15
92.700 0.100 E5 15
93.000 0.100 E4 15
93.300 0.100 E5 15
93.600 0.100 F#4 15
93.900 0.100 F#5 15
94.200 0.100 F#4 15
94.500 0.100 F#5 15
94.800 0.100 F#4 15
95.100 0.200 F#5 15
95.300 0.100 F#4 15
95.600 0.100 F#4 15
95.700 0.100 F#5 15
96.000 0.100 D4 15
96.300 0.100 D5 15
96.600 0.100 D4 15
96.900 0.100 D5 15
97.200 0.100 E4 15
97.500 0.100 E5 15
97.800 0.100 E4 15
98.100 0.100 E5 15
98.400 0.100 F#4 15
98.700 0.100 F#5 15
99.000 0.100 F#4 15
99.300 0.100 F#5 15
99.600 0.100 F#4 15
99.900 0.200 F#5 15
100.100 0.100 F#4 15
100.400 0.100 F#4 15
100.500 0.100 F#5 15
100.800 0.100 D4 15
101.100 0.100 D5 15
101.400 0.100 D4 15
101.700 0.100 D5 15
102.000 0.100 E4 15
102.300 0.100 E5 15
102.600 0.100 E4 15
102.900 0.100 E5 15
103.200 0.100 F#4 15
103.500 0.100 F#5 15
103.800 0.100 F#4 15
104.100 0.100 F#5 15
104.700 0.100 F#4 15
105.600 0.100 E4 15
105.900 0.100 E5 15
106.200 0.100 E4 15
106.500 0.100 E5 15
106.800 0.100 E4 15
107.100 0.200 E5 15
107.300 0.100 E4 15
107.600 0.100 E4 15
107.700 0.100 E5 15
108.000 0.100 E4 15
108.300 0.100 E5 15
108.600 0.100 E4 15
108.900 0.100 E5 15
109.200 0.100 E4 15
109.500 0.200 E5 15
109.700 0.100 E4 15
110.000 0.100 E4 15
110.100 0.100 E5 15
110.400 0.100 E4 15
110.700 0.100 E5 15
111.000 0.100 E4 15
111.300 0.100 E5 15
111.600 0.100 E4 15
111.900 0.200 E5 15
112.100 0.100 E4 15
112.400 0.100 E4 15
112.500 0.100 E5 15
112.800 0.100 E4 15
113.100 0.100 E5 15
113.400 0.100 E4 15
113.700 0.100 E5 15
114.000 0.100 E4 15
114.300 0.200 E5 15
114.500 0.100 E4 15
114.800 0.100 E4 15
114.900 0.100 E5 15
115.200 0.100 A4 15
115.500 0.100 A5 15
115.800 0.100 A4 15
116.100 0.100 A5 15
116.400 0.100 A4 15
116.900 0.300 A4 15
117.200 0.100 G#4 15
117.300 0.100 G4 15
117.600 0.100 F#4 15
117.900 0.100 F#5 15
118.200 0.100 F#4 15
118.500 0.100 F#5 15
118.800 0.100 B4 15
119.300 0.300 B4 15
119.600 0.100 A4 15
119.700 0.100 G#4 15
120.000 0.100 F#4 15
120.300 0.100 F#5 15
120.600 0.100 F#4 15
120.900 0.100 F#5 15
121.200 0.100 B4 15
121.700 0.300 B4 15
122.000 0.100 A4 15
122.100 0.100 G#4 15
122.400 0.100 E4 15
122.700 0.100 E5 15
123.000 0.100 E4 15
123.300 0.100 E5 15
123.600 0.100 E4 15
123.900 0.200 E5 15
124.100 0.100 E4 15
124.400 0.100 E4 15
124.500 0.100 E5 15
124.800 0.100 C4 15
125.100 0.100 C5 15
125.400 0.100 C4 15
125.700 0.100 C5 15
126.000 0.100 D4 15
126.300 0.100 D5 15
126.600 0.100 D4 15
126.900 0.100 D5 15
127.200 0.100 E4 15
127.500 0.100 E5 15
127.800 0.100 E4 15
128.100 0.100 E5 15
128.400 0.100 E4 15
128.700 0.200 E5 15
128.900 0.100 E4 15
129.200 0.100 E4 15
129.300 0.100 E5 15
129.600 0.100 C4 15
129.900 0.100 C5 15
130.200 0.100 C4 15
130.500 0.100 C5 15
130.800 0.100 D4 15
131.100 0.100 D5 15
131.400 0.100 D4 15
131.700 0.100 D5 15
132.000 0.100 E4 15
132.300 0.100 E5 15
132.600 0.100 E4 15
132.900 0.100 E5 15
133.200 0.100 E4 15
133.500 0.100 F#4 15
133.800 0.100 G#4 15
134.100 0.100 B4 15
134.400 0.200 A4 15
134.900 0.200 F#4 15
135.600 0.200 G#4 15
136.100 0.200 G#4 15
136.800 0.200 D4 15
137.300 0.200 D4 15
138.000 0.200 E4 15
138.500 0.200 E4 15
139.200 0.200 C#4 15
139.700 0.200 C#4 15
140.400 0.100 C#5 15
140.700 0.100 C#5 15
141.000 0.100 C#5 15
141.300 0.100 C#5 15
141.600 0.100 F#4 15
141.900 END_CYCLE

Noise(480)
time dur noise vol drum
0.000 0.100 0 15 hihat_closed
0.300 0.100 3 14 snare_body
0.600 0.100 0 15 hihat_closed
0.900 0.100 3 14 snare_body
1.200 0.100 0 15 hihat_closed
1.500 0.100 3 14 snare_body
1.700 0.100 0 15 hihat_closed
2.000 0.200 12 15 rumble_sub
2.400 0.100 0 15 hihat_closed
2.700 0.100 3 14 snare_body
3.000 0.100 0 15 hihat_closed
3.300 0.100 3 14 snare_body
3.600 0.100 0 15 hihat_closed
3.900 0.100 3 14 snare_body
4.200 0.100 0 15 hihat_closed
4.500 0.100 3 14 snare_body
4.800 0.100 0 15 hihat_closed
5.100 0.100 3 14 snare_body
5.400 0.100 0 15 hihat_closed
5.700 0.100 3 14 snare_body
6.000 0.100 0 15 hihat_closed
6.300 0.100 3 14 snare_body
6.600 0.100 0 15 hihat_closed
6.900 0.100 3 14 snare_body
7.200 0.100 0 15 hihat_closed
7.500 0.100 3 14 snare_body
7.800 0.100 0 15 hihat_closed
8.100 0.100 3 14 snare_body
8.400 0.100 0 15 hihat_closed
8.700 0.100 3 14 snare_body
9.000 0.100 0 15 hihat_closed
9.300 0.100 3 14 snare_body
9.600 0.100 0 15 hihat_closed
9.900 0.100 3 14 snare_body
10.200 0.100 0 15 hihat_closed
10.500 0.100 3 14 snare_body
10.800 0.100 0 15 hihat_closed
11.100 0.100 3 14 snare_body
11.400 0.100 0 15 hihat_closed
11.700 0.100 3 14 snare_body
12.000 0.100 0 15 hihat_closed
12.300 0.100 3 14 snare_body
12.600 0.100 0 15 hihat_closed
12.900 0.100 3 14 snare_body
13.200 0.100 0 15 hihat_closed
13.500 0.100 3 14 snare_body
13.800 0.100 0 15 hihat_closed
14.100 0.100 3 14 snare_body
14.400 0.100 0 15 hihat_closed
14.700 0.100 3 14 snare_body
15.000 0.100 0 15 hihat_closed
15.300 0.100 3 14 snare_body
15.600 0.100 12 15 rumble_sub
15.900 0.100 12 15 rumble_sub
16.100 0.100 12 15 rumble_sub
16.400 0.200 12 15 rumble_sub
16.800 0.100 0 15 hihat_closed
17.100 0.100 3 14 snare_body
17.400 0.100 0 15 hihat_closed
17.700 0.100 3 14 snare_body
18.000 0.100 0 15 hihat_closed
18.300 0.100 3 14 snare_body
18.600 0.100 0 15 hihat_closed
18.900 0.100 3 14 snare_body
19.200 0.100 0 15 hihat_closed
19.500 0.100 3 14 snare_body
19.800 0.100 0 15 hihat_closed
20.100 0.100 3 14 snare_body
20.400 0.100 0 15 hihat_closed
20.700 0.100 3 14 snare_body
21.000 0.100 0 15 hihat_closed
21.300 0.100 3 14 snare_body
21.600 0.100 0 15 hihat_closed
21.900 0.100 3 14 snare_body
22.200 0.100 0 15 hihat_closed
22.500 0.100 3 14 snare_body
22.800 0.100 0 15 hihat_closed
23.100 0.100 3 14 snare_body
23.400 0.100 0 15 hihat_closed
23.700 0.100 3 14 snare_body
24.000 0.100 0 15 hihat_closed
24.300 0.100 3 14 snare_body
24.600 0.100 0 15 hihat_closed
24.900 0.100 3 14 snare_body
25.200 0.100 12 15 rumble_sub
25.500 0.100 12 15 rumble_sub
25.700 0.100 12 15 rumble_sub
26.000 0.200 12 15 rumble_sub
26.400 0.100 0 15 hihat_closed
26.700 0.100 3 14 snare_body
27.000 0.100 0 15 hihat_closed
27.300 0.100 3 14 snare_body
27.800 0.200 12 15 rumble_sub
28.100 0.200 12 15 rumble_sub
28.400 0.200 12 15 rumble_sub
28.800 0.100 0 15 hihat_closed
29.100 0.100 3 14 snare_body
29.300 0.100 0 15 hihat_closed
29.600 0.100 0 15 hihat_closed
29.700 0.100 3 14 snare_body
30.000 0.100 0 15 hihat_closed
30.300 0.100 3 14 snare_body
30.500 0.100 0 15 hihat_closed
30.800 0.100 0 15 hihat_closed
30.900 0.100 3 14 snare_body
31.200 0.100 0 15 hihat_closed
31.500 0.100 3 14 snare_body
31.700 0.100 0 15 hihat_closed
32.000 0.100 0 15 hihat_closed
32.100 0.100 3 14 snare_body
32.400 0.100 0 15 hihat_closed
32.700 0.100 3 14 snare_body
32.900 0.100 0 15 hihat_closed
33.200 0.100 0 15 hihat_closed
33.300 0.100 3 14 snare_body
33.600 0.100 0 15 hihat_closed
33.900 0.100 3 14 snare_body
34.100 0.100 0 15 hihat_closed
34.400 0.100 0 15 hihat_closed
34.500 0.100 3 14 snare_body
34.800 0.100 0 15 hihat_closed
35.100 0.100 3 14 snare_body
35.400 0.100 0 15 hihat_closed
35.700 0.100 3 14 snare_body
36.000 0.100 0 15 hihat_closed
36.300 0.100 3 14 snare_body
36.600 0.100 0 15 hihat_closed
36.900 0.100 3 14 snare_body
37.200 0.100 0 15 hihat_closed
37.500 0.100 3 14 snare_body
37.700 0.100 0 15 hihat_closed
38.000 0.100 0 15 hihat_closed
38.100 0.100 3 14 snare_body
38.400 0.100 0 15 hihat_closed
38.700 0.100 3 14 snare_body
39.000 0.100 0 15 hihat_closed
39.300 0.100 3 14 snare_body
39.600 0.100 0 15 hihat_closed
39.900 0.100 3 14 snare_body
40.200 0.100 0 15 hihat_closed
40.500 0.100 3 14 snare_body
40.800 0.100 0 15 hihat_closed
41.100 0.100 3 14 snare_body
41.400 0.100 0 15 hihat_closed
41.700 0.100 3 14 snare_body
42.000 0.100 0 15 hihat_closed
42.300 0.100 3 14 snare_body
42.500 0.100 0 15 hihat_closed
42.800 0.100 0 15 hihat_closed
42.900 0.100 3 14 snare_body
43.200 0.100 0 15 hihat_closed
43.500 0.100 3 14 snare_body
43.800 0.100 0 15 hihat_closed
44.100 0.100 3 14 snare_body
44.400 0.100 0 15 hihat_closed
44.700 0.100 3 14 snare_body
45.000 0.100 0 15 hihat_closed
45.300 0.100 3 14 snare_body
45.600 0.100 0 15 hihat_closed
45.900 0.100 3 14 snare_body
46.200 0.100 0 15 hihat_closed
46.500 0.100 3 14 snare_body
46.800 0.100 0 15 hihat_closed
47.100 0.100 3 14 snare_body
47.300 0.100 0 15 hihat_closed
47.600 0.100 0 15 hihat_closed
47.700 0.100 3 14 snare_body
48.000 0.100 0 15 hihat_closed
48.300 0.100 3 14 snare_body
48.600 0.100 0 15 hihat_closed
48.900 0.100 3 14 snare_body
49.200 0.100 0 15 hihat_closed
49.500 0.100 3 14 snare_body
49.800 0.100 0 15 hihat_closed
50.100 0.100 3 14 snare_body
50.400 0.100 0 15 hihat_closed
50.700 0.100 3 14 snare_body
51.000 0.100 12 15 rumble_sub
51.300 0.300 12 15 rumble_sub
51.600 0.100 3 14 snare_body
51.900 0.100 3 14 snare_body
52.800 0.100 0 15 hihat_closed
53.100 0.100 3 14 snare_body
53.400 0.100 0 15 hihat_closed
53.700 0.100 3 14 snare_body
54.000 0.100 0 15 hihat_closed
54.300 0.100 3 14 snare_body
54.500 0.100 0 15 hihat_closed
54.800 0.200 12 15 rumble_sub
55.200 0.100 0 15 hihat_closed
55.500 0.100 3 14 snare_body
55.800 0.100 0 15 hihat_closed
56.100 0.100 3 14 snare_body
56.400 0.100 0 15 hihat_closed
56.700 0.100 3 14 snare_body
57.000 0.100 0 15 hihat_closed
57.300 0.100 3 14 snare_body
57.600 0.100 0 15 hihat_closed
57.900 0.100 3 14 snare_body
58.200 0.100 0 15 hihat_closed
58.500 0.100 3 14 snare_body
58.800 0.100 0 15 hihat_closed
59.100 0.100 3 14 snare_body
59.400 0.100 0 15 hihat_closed
59.700 0.100 3 14 snare_body
60.000 0.100 0 15 hihat_closed
60.300 0.100 3 14 snare_body
60.600 0.100 0 15 hihat_closed
60.900 0.100 3 14 snare_body
61.200 0.100 0 15 hihat_closed
61.500 0.100 3 14 snare_body
61.800 0.100 0 15 hihat_closed
62.100 0.100 3 14 snare_body
62.400 0.100 0 15 hihat_closed
62.700 0.100 3 14 snare_body
63.000 0.100 0 15 hihat_closed
63.300 0.100 3 14 snare_body
63.600 0.100 0 15 hihat_closed
63.900 0.100 3 14 snare_body
64.200 0.100 0 15 hihat_closed
64.500 0.100 3 14 snare_body
64.800 0.100 0 15 hihat_closed
65.100 0.100 3 14 snare_body
65.400 0.100 0 15 hihat_closed
65.700 0.100 3 14 snare_body
66.000 0.100 0 15 hihat_closed
66.300 0.100 3 14 snare_body
66.600 0.100 0 15 hihat_closed
66.900 0.100 3 14 snare_body
67.200 0.100 0 15 hihat_closed
67.500 0.100 3 14 snare_body
67.800 0.100 0 15 hihat_closed
68.100 0.100 3 14 snare_body
68.400 0.100 12 15 rumble_sub
68.700 0.100 12 15 rumble_sub
68.900 0.100 12 15 rumble_sub
69.200 0.200 12 15 rumble_sub
69.600 0.100 0 15 hihat_closed
69.900 0.100 3 14 snare_body
70.200 0.100 0 15 hihat_closed
70.500 0.100 3 14 snare_body
70.800 0.100 0 15 hihat_closed
71.100 0.100 3 14 snare_body
71.400 0.100 0 15 hihat_closed
71.700 0.100 3 14 snare_body
72.000 0.100 0 15 hihat_closed
72.300 0.100 3 14 snare_body
72.600 0.100 0 15 hihat_closed
72.900 0.100 3 14 snare_body
73.200 0.100 0 15 hihat_closed
73.500 0.100 3 14 snare_body
73.800 0.100 0 15 hihat_closed
74.100 0.100 3 14 snare_body
74.400 0.100 0 15 hihat_closed
74.700 0.100 3 14 snare_body
75.000 0.100 0 15 hihat_closed
75.300 0.100 3 14 snare_body
75.600 0.100 0 15 hihat_closed
75.900 0.100 3 14 snare_body
76.200 0.100 0 15 hihat_closed
76.500 0.100 3 14 snare_body
76.800 0.100 0 15 hihat_closed
77.100 0.100 3 14 snare_body
77.400 0.100 0 15 hihat_closed
77.700 0.100 3 14 snare_body
78.000 0.100 12 15 rumble_sub
78.300 0.100 12 15 rumble_sub
78.500 0.100 12 15 rumble_sub
78.800 0.200 12 15 rumble_sub
79.200 0.100 0 15 hihat_closed
79.500 0.100 3 14 snare_body
79.800 0.100 0 15 hihat_closed
80.100 0.100 3 14 snare_body
80.600 0.200 12 15 rumble_sub
80.900 0.200 12 15 rumble_sub
81.200 0.200 12 15 rumble_sub
81.600 0.100 0 15 hihat_closed
81.900 0.100 3 14 snare_body
82.100 0.100 0 15 hihat_closed
82.400 0.100 0 15 hihat_closed
82.500 0.100 3 14 snare_body
82.800 0.100 0 15 hihat_closed
83.100 0.100 3 14 snare_body
83.300 0.100 0 15 hihat_closed
83.600 0.100 0 15 hihat_closed
83.700 0.100 3 14 snare_body
84.000 0.100 0 15 hihat_closed
84.300 0.100 3 14 snare_body
84.500 0.100 0 15 hihat_closed
84.800 0.100 0 15 hihat_closed
84.900 0.100 3 14 snare_body
85.200 0.100 0 15 hihat_closed
85.500 0.100 3 14 snare_body
85.700 0.100 0 15 hihat_closed
86.000 0.100 0 15 hihat_closed
86.100 0.100 3 14 snare_body
86.400 0.100 0 15 hihat_closed
86.700 0.100 3 14 snare_body
86.900 0.100 0 15 hihat_closed
87.200 BEGIN_CYCLE
87.200 0.100 0 15 hihat_closed
87.300 0.100 3 14 snare_body
87.600 0.100 0 15 hihat_closed
87.900 0.100 3 14 snare_body
88.200 0.100 0 15 hihat_closed
88.500 0.100 3 14 snare_body
88.800 0.100 0 15 hihat_closed
89.100 0.100 3 14 snare_body
89.400 0.100 0 15 hihat_closed
89.700 0.100 3 14 snare_body
90.000 0.100 0 15 hihat_closed
90.300 0.100 3 14 snare_body
90.500 0.100 0 15 hihat_closed
90.800 0.100 0 15 hihat_closed
90.900 0.100 3 14 snare_body
91.200 0.100 0 15 hihat_closed
91.500 0.100 3 14 snare_body
91.800 0.100 0 15 hihat_closed
92.100 0.100 3 14 snare_body
92.400 0.100 0 15 hihat_closed
92.700 0.100 3 14 snare_body
93.000 0.100 0 15 hihat_closed
93.300 0.100 3 14 snare_body
93.600 0.100 0 15 hihat_closed
93.900 0.100 3 14 snare_body
94.200 0.100 0 15 hihat_closed
94.500 0.100 3 14 snare_body
94.800 0.100 0 15 hihat_closed
95.100 0.100 3 14 snare_body
95.300 0.100 0 15 hihat_closed
95.600 0.100 0 15 hihat_closed
95.700 0.100 3 14 snare_body
96.000 0.100 0 15 hihat_closed
96.300 0.100 3 14 snare_body
96.600 0.100 0 15 hihat_closed
96.900 0.100 3 14 snare_body
97.200 0.100 0 15 hihat_closed
97.500 0.100 3 14 snare_body
97.800 0.100 0 15 hihat_closed
98.100 0.100 3 14 snare_body
98.400 0.100 0 15 hihat_closed
98.700 0.100 3 14 snare_body
99.000 0.100 0 15 hihat_closed
99.300 0.100 3 14 snare_body
99.600 0.100 0 15 hihat_closed
99.900 0.100 3 14 snare_body
100.100 0.100 0 15 hihat_closed
100.400 0.100 0 15 hihat_closed
100.500 0.100 3 14 snare_body
100.800 0.100 0 15 hihat_closed
101.100 0.100 3 14 snare_body
101.400 0.100 0 15 hihat_closed
101.700 0.100 3 14 snare_body
102.000 0.100 0 15 hihat_closed
102.300 0.100 3 14 snare_body
102.600 0.100 0 15 hihat_closed
102.900 0.100 3 14 snare_body
103.200 0.100 0 15 hihat_closed
103.500 0.100 3 14 snare_body
103.800 0.100 12 15 rumble_sub
104.100 0.300 12 15 rumble_sub
104.400 0.100 3 14 snare_body
104.700 0.100 3 14 snare_body
105.600 0.100 0 15 hihat_closed
105.900 0.100 3 14 snare_body
106.200 0.100 0 15 hihat_closed
106.500 0.100 3 14 snare_body
106.800 0.100 0 15 hihat_closed
107.100 0.100 3 14 snare_body
107.300 0.100 0 15 hihat_closed
107.600 0.200 12 15 rumble_sub
108.000 0.100 0 15 hihat_closed
108.300 0.100 3 14 snare_body
108.600 0.100 0 15 hihat_closed
108.900 0.100 3 14 snare_body
109.200 0.100 0 15 hihat_closed
109.500 0.100 3 14 snare_body
109.800 0.100 0 15 hihat_closed
110.100 0.100 3 14 snare_body
110.400 0.100 0 15 hihat_closed
110.700 0.100 3 14 snare_body
111.000 0.100 0 15 hihat_closed
111.300 0.100 3 14 snare_body
111.600 0.100 0 15 hihat_closed
111.900 0.100 3 14 snare_body
112.200 0.100 0 15 hihat_closed
112.500 0.100 3 14 snare_body
112.800 0.100 0 15 hihat_closed
113.100 0.100 3 14 snare_body
113.400 0.100 0 15 hihat_closed
113.700 0.100 3 14 snare_body
114.000 0.100 0 15 hihat_closed
114.300 0.100 3 14 snare_body
114.600 0.100 0 15 hihat_closed
114.900 0.100 3 14 snare_body
115.200 0.100 0 15 hihat_closed
115.500 0.100 3 14 snare_body
115.800 0.100 0 15 hihat_closed
116.100 0.100 3 14 snare_body
116.400 0.100 0 15 hihat_closed
116.700 0.100 3 14 snare_body
117.000 0.100 0 15 hihat_closed
117.300 0.100 3 14 snare_body
117.600 0.100 0 15 hihat_closed
117.900 0.100 3 14 snare_body
118.200 0.100 0 15 hihat_closed
118.500 0.100 3 14 snare_body
118.800 0.100 0 15 hihat_closed
119.100 0.100 3 14 snare_body
119.400 0.100 0 15 hihat_closed
119.700 0.100 3 14 snare_body
120.000 0.100 0 15 hihat_closed
120.300 0.100 3 14 snare_body
120.600 0.100 0 15 hihat_closed
120.900 0.100 3 14 snare_body
121.200 0.100 12 15 rumble_sub
121.500 0.100 12 15 rumble_sub
121.700 0.100 12 15 rumble_sub
122.000 0.200 12 15 rumble_sub
122.400 0.100 0 15 hihat_closed
122.700 0.100 3 14 snare_body
123.000 0.100 0 15 hihat_closed
123.300 0.100 3 14 snare_body
123.600 0.100 0 15 hihat_closed
123.900 0.100 3 14 snare_body
124.200 0.100 0 15 hihat_closed
124.500 0.100 3 14 snare_body
124.800 0.100 0 15 hihat_closed
125.100 0.100 3 14 snare_body
125.400 0.100 0 15 hihat_closed
125.700 0.100 3 14 snare_body
126.000 0.100 0 15 hihat_closed
126.300 0.100 3 14 snare_body
126.600 0.100 0 15 hihat_closed
126.900 0.100 3 14 snare_body
127.200 0.100 0 15 hihat_closed
127.500 0.100 3 14 snare_body
127.800 0.100 0 15 hihat_closed
128.100 0.100 3 14 snare_body
128.400 0.100 0 15 hihat_closed
128.700 0.100 3 14 snare_body
129.000 0.100 0 15 hihat_closed
129.300 0.100 3 14 snare_body
129.600 0.100 0 15 hihat_closed
129.900 0.100 3 14 snare_body
130.200 0.100 0 15 hihat_closed
130.500 0.100 3 14 snare_body
130.800 0.100 12 15 rumble_sub
131.100 0.100 12 15 rumble_sub
131.300 0.100 12 15 rumble_sub
131.600 0.200 12 15 rumble_sub
132.000 0.100 0 15 hihat_closed
132.300 0.100 3 14 snare_body
132.600 0.100 0 15 hihat_closed
132.900 0.100 3 14 snare_body
133.400 0.200 12 15 rumble_sub
133.700 0.200 12 15 rumble_sub
134.000 0.200 12 15 rumble_sub
134.400 0.100 0 15 hihat_closed
134.700 0.100 3 14 snare_body
134.900 0.100 0 15 hihat_closed
135.200 0.100 0 15 hihat_closed
135.300 0.100 3 14 snare_body
135.600 0.100 0 15 hihat_closed
135.900 0.100 3 14 snare_body
136.100 0.100 0 15 hihat_closed
136.400 0.100 0 15 hihat_closed
136.500 0.100 3 14 snare_body
136.800 0.100 0 15 hihat_closed
137.100 0.100 3 14 snare_body
137.300 0.100 0 15 hihat_closed
137.600 0.100 0 15 hihat_closed
137.700 0.100 3 14 snare_body
138.000 0.100 0 15 hihat_closed
138.300 0.100 3 14 snare_body
138.500 0.100 0 15 hihat_closed
138.800 0.100 0 15 hihat_closed
138.900 0.100 3 14 snare_body
139.200 0.100 0 15 hihat_closed
139.500 0.100 3 14 snare_body
139.700 0.100 0 15 hihat_closed
140.000 END_CYCLE
