Castlevania.nsf track=1 framerate=60
Square1(205)
time dur note vol
0.000 0.067 A4 4
0.117 BEGIN_CYCLE
0.117 0.067 A4 4
0.350 0.067 G4 4
0.583 0.700 G4 3
1.283 0.217 D4 4
1.517 0.100 D4 4
1.633 0.100 C4 4
1.750 0.100 C4 4
1.867 0.333 D4 4
2.217 0.333 A#3 4
2.567 0.217 D4 4
2.800 0.100 C4 4
2.917 0.800 G4 4
3.733 0.067 A4 4
3.850 0.067 A4 4
4.083 0.067 G4 4
4.317 0.700 G4 3
5.017 0.217 D4 4
5.250 0.100 D4 4
5.367 0.100 C4 4
5.483 0.100 C4 4
5.600 0.333 D4 4
5.950 0.333 A#3 4
6.300 0.217 D4 4
6.533 0.100 C4 4
6.650 0.800 G4 4
7.700 0.050 A4 3
8.050 0.050 D5 3
8.400 0.050 C#5 3
8.517 0.050 D5 3
8.633 0.050 C#5 3
8.750 0.050 C5 3
9.333 0.050 A5 3
9.567 0.050 A5 3
9.683 0.050 G#5 3
9.917 0.050 G#5 3
10.033 0.050 G5 3
10.267 0.050 A5 3
10.500 0.050 A5 3
10.617 0.050 G#5 3
10.850 0.050 G#5 3
10.967 0.050 G5 3
11.433 0.050 A4 3
11.783 0.050 D5 3
12.133 0.050 C#5 3
12.250 0.050 D5 3
12.367 0.050 C#5 3
12.483 0.050 C5 3
13.067 0.050 A5 3
13.300 0.050 A5 3
13.417 0.050 G#5 3
13.650 0.050 G#5 3
13.767 0.050 G5 3
14.000 0.050 A5 3
14.233 0.050 A5 3
14.350 0.050 G#5 3
14.583 0.050 G#5 3
14.700 0.050 G5 3
14.933 0.333 A#4 5
15.283 0.333 C#5 5
15.633 0.217 E5 5
15.867 0.333 D5 5
16.217 0.333 A4 5
16.567 0.217 F4 5
16.800 0.333 A#4 5
17.150 0.333 C#5 5
17.500 0.217 E5 5
17.733 0.333 D5 5
18.083 0.100 A4 5
18.667 0.333 A#4 5
19.017 0.333 C#5 5
19.367 0.217 E5 5
19.600 0.333 D5 5
19.950 0.333 A4 5
20.300 0.217 F4 5
20.533 0.333 A#4 5
20.883 0.333 C#5 5
21.233 0.217 E5 5
21.467 0.333 C#5 5
21.817 0.333 E5 5
22.167 0.217 G5 5
22.400 0.083 A5 5
22.517 0.083 A5 5
22.633 0.083 A4 5
22.750 1.400 A4 5
24.267 0.117 F3 5
24.500 0.117 F3 5
24.733 0.083 A#3 5
24.850 0.233 D4 5
25.200 0.117 G3 5
25.433 0.117 G3 5
25.667 0.083 C4 5
25.783 0.233 E4 5
26.133 0.083 A5 5
26.250 0.083 A5 5
26.367 0.083 A4 5
26.483 1.400 A4 5
28.000 0.117 F3 5
28.233 0.117 F3 5
28.467 0.083 A#3 5
28.583 0.233 D4 5
28.933 0.117 G3 5
29.867 0.067 A4 4
29.983 0.067 A4 4
30.217 0.067 G4 4
30.450 0.700 G4 3
31.150 0.217 D4 4
31.383 0.100 D4 4
31.500 0.100 C4 4
31.617 0.100 C4 4
31.733 0.333 D4 4
32.083 0.333 A#3 4
32.433 0.217 D4 4
32.667 0.100 C4 4
32.783 0.800 G4 4
33.600 0.067 A4 4
33.717 0.067 A4 4
33.950 0.067 G4 4
34.183 0.700 G4 3
34.883 0.217 D4 4
35.117 0.100 D4 4
35.233 0.100 C4 4
35.350 0.100 C4 4
35.467 0.333 D4 4
35.817 0.333 A#3 4
36.167 0.217 D4 4
36.400 0.100 C4 4
36.517 0.800 G4 4
37.567 0.050 A4 3
37.917 0.050 D5 3
38.267 0.050 C#5 3
38.383 0.050 D5 3
38.500 0.050 C#5 3
38.617 0.050 C5 3
39.200 0.050 A5 3
39.433 0.050 A5 3
39.550 0.050 G#5 3
39.783 0.050 G#5 3
39.900 0.050 G5 3
40.133 0.050 A5 3
40.367 0.050 A5 3
40.483 0.050 G#5 3
40.717 0.050 G#5 3
40.833 0.050 G5 3
41.300 0.050 A4 3
41.650 0.050 D5 3
42.000 0.050 C#5 3
42.117 0.050 D5 3
42.233 0.050 C#5 3
42.350 0.050 C5 3
42.933 0.050 A5 3
43.167 0.050 A5 3
43.283 0.050 G#5 3
43.517 0.050 G#5 3
43.633 0.050 G5 3
43.867 0.050 A5 3
44.100 0.050 A5 3
44.217 0.050 G#5 3
44.450 0.050 G#5 3
44.567 0.050 G5 3
44.800 0.333 A#4 5
45.150 0.333 C#5 5
45.500 0.217 E5 5
45.733 0.333 D5 5
46.083 0.333 A4 5
46.433 0.217 F4 5
46.667 0.333 A#4 5
47.017 0.333 C#5 5
47.367 0.217 E5 5
47.600 0.333 D5 5
47.950 0.100 A4 5
48.533 0.333 A#4 5
48.883 0.333 C#5 5
49.233 0.217 E5 5
49.467 0.333 D5 5
49.817 0.333 A4 5
50.167 0.217 F4 5
50.400 0.333 A#4 5
50.750 0.333 C#5 5
51.100 0.217 E5 5
51.333 0.333 C#5 5
51.683 0.333 E5 5
52.033 0.217 G5 5
52.267 0.083 A5 5
52.383 0.083 A5 5
52.500 0.083 A4 5
52.617 1.400 A4 5
54.133 0.117 F3 5
54.367 0.117 F3 5
54.600 0.083 A#3 5
54.717 0.233 D4 5
55.067 0.117 G3 5
55.300 0.117 G3 5
55.533 0.083 C4 5
55.650 0.233 E4 5
56.000 0.083 A5 5
56.117 0.083 A5 5
56.233 0.083 A4 5
56.350 1.400 A4 5
57.867 0.117 F3 5
58.100 0.117 F3 5
58.333 0.083 A#3 5
58.450 0.233 D4 5
58.800 0.117 G3 5
59.733 0.067 A4 4
59.850 END_CYCLE
Square2(211)
time dur note vol
0.000 0.233 D5 5
0.117 BEGIN_CYCLE
0.350 0.117 C5 5
0.583 0.700 B4 4
1.283 0.233 D4 5
1.517 0.117 E4 5
1.633 0.117 F4 5
1.750 0.117 G4 5
1.867 0.350 A4 5
2.217 0.350 D4 5
2.567 0.233 A4 5
2.800 0.117 G4 5
2.917 0.817 C5 5
3.733 0.100 D5 5
3.850 0.100 D5 5
4.083 0.100 C5 5
4.317 0.700 B4 4
5.017 0.217 D4 5
5.250 0.100 E4 5
5.367 0.100 F4 5
5.483 0.100 G4 5
5.600 0.333 A4 5
5.950 0.333 D4 5
6.300 0.217 A4 5
6.533 0.100 G4 5
6.650 0.800 C4 5
7.700 0.083 D5 5
8.050 0.083 A5 5
8.400 0.083 G#5 5
8.517 0.083 A5 5
8.633 0.083 G#5 5
8.750 0.083 F5 5
9.567 0.083 F5 5
9.683 0.083 D5 5
10.033 0.083 F4 5
10.150 0.083 D4 5
10.383 0.083 F5 5
10.500 0.083 D5 5
10.617 0.050 F5 3
10.733 0.050 D5 3
10.850 0.100 F5 5
10.967 0.100 D5 5
11.083 0.033 F5 2
11.433 0.083 D5 5
11.783 0.083 A5 5
12.133 0.083 G#5 5
12.250 0.083 A5 5
12.367 0.083 G#5 5
12.483 0.083 F5 5
13.300 0.083 F5 5
13.417 0.083 D5 5
13.767 0.083 F4 5
13.883 0.083 D4 5
14.117 0.083 F5 5
14.233 0.083 D5 5
14.350 0.050 F5 3
14.467 0.050 D5 3
14.583 0.100 F5 5
14.700 0.100 D5 5
14.817 0.033 F5 2
14.933 0.333 C#5 5
15.283 0.333 E5 5
15.633 0.217 A#5 5
15.867 0.333 A5 5
16.217 0.333 F5 5
16.567 0.217 D5 5
16.800 0.333 C#5 5
17.150 0.333 E5 5
17.500 0.217 A#5 5
17.733 0.333 A5 5
18.083 0.100 D5 5
18.667 0.333 C#5 5
19.017 0.333 E5 5
19.367 0.217 A#5 5
19.600 0.333 A5 5
19.950 0.333 F5 5
20.300 0.217 D5 5
20.533 0.333 E5 5
20.883 0.333 G5 5
21.233 0.217 A#5 5
21.467 0.333 A5 5
21.817 0.333 B5 5
22.167 0.217 C#6 5
22.400 0.083 D6 5
22.517 0.083 D6 5
22.633 0.083 D5 5
22.750 1.400 D5 5
24.267 0.117 A#3 5
24.500 0.117 A#3 5
24.733 0.083 D4 5
24.850 0.233 F4 5
25.200 0.117 C4 5
25.433 0.117 C4 5
25.667 0.083 E4 5
25.783 0.233 G4 5
26.133 0.083 D6 5
26.250 0.083 D6 5
26.367 0.083 D5 5
26.483 1.400 D5 5
28.000 0.117 A#3 5
28.233 0.117 A#3 5
28.467 0.083 D4 5
28.583 0.233 F4 5
28.933 0.117 C4 5
29.400 0.083 A2 5
29.517 0.233 C3 5
29.867 0.233 D5 5
30.217 0.117 C5 5
30.450 0.700 B4 4
31.150 0.233 D4 5
31.383 0.117 E4 5
31.500 0.117 F4 5
31.617 0.117 G4 5
31.733 0.350 A4 5
32.083 0.350 D4 5
32.433 0.233 A4 5
32.667 0.117 G4 5
32.783 0.817 C5 5
33.600 0.100 D5 5
33.717 0.100 D5 5
33.950 0.100 C5 5
34.183 0.700 B4 4
34.883 0.217 D4 5
35.117 0.100 E4 5
35.233 0.100 F4 5
35.350 0.100 G4 5
35.467 0.333 A4 5
35.817 0.333 D4 5
36.167 0.217 A4 5
36.400 0.100 G4 5
36.517 0.800 C4 5
37.567 0.083 D5 5
37.917 0.083 A5 5
38.267 0.083 G#5 5
38.383 0.083 A5 5
38.500 0.083 G#5 5
38.617 0.083 F5 5
39.433 0.083 F5 5
39.550 0.083 D5 5
39.900 0.083 F4 5
40.017 0.083 D4 5
40.250 0.083 F5 5
40.367 0.083 D5 5
40.483 0.050 F5 3
40.600 0.050 D5 3
40.717 0.100 F5 5
40.833 0.100 D5 5
40.950 0.033 F5 2
41.300 0.083 D5 5
41.650 0.083 A5 5
42.000 0.083 G#5 5
42.117 0.083 A5 5
42.233 0.083 G#5 5
42.350 0.083 F5 5
43.167 0.083 F5 5
43.283 0.083 D5 5
43.633 0.083 F4 5
43.750 0.083 D4 5
43.983 0.083 F5 5
44.100 0.083 D5 5
44.217 0.050 F5 3
44.333 0.050 D5 3
44.450 0.100 F5 5
44.567 0.100 D5 5
44.683 0.033 F5 2
44.800 0.333 C#5 5
45.150 0.333 E5 5
45.500 0.217 A#5 5
45.733 0.333 A5 5
46.083 0.333 F5 5
46.433 0.217 D5 5
46.667 0.333 C#5 5
47.017 0.333 E5 5
47.367 0.217 A#5 5
47.600 0.333 A5 5
47.950 0.100 D5 5
48.533 0.333 C#5 5
48.883 0.333 E5 5
49.233 0.217 A#5 5
49.467 0.333 A5 5
49.817 0.333 F5 5
50.167 0.217 D5 5
50.400 0.333 E5 5
50.750 0.333 G5 5
51.100 0.217 A#5 5
51.333 0.333 A5 5
51.683 0.333 B5 5
52.033 0.217 C#6 5
52.267 0.083 D6 5
52.383 0.083 D6 5
52.500 0.083 D5 5
52.617 1.400 D5 5
54.133 0.117 A#3 5
54.367 0.117 A#3 5
54.600 0.083 D4 5
54.717 0.233 F4 5
55.067 0.117 C4 5
55.300 0.117 C4 5
55.533 0.083 E4 5
55.650 0.233 G4 5
56.000 0.083 D6 5
56.117 0.083 D6 5
56.233 0.083 D5 5
56.350 1.400 D5 5
57.867 0.117 A#3 5
58.100 0.117 A#3 5
58.333 0.083 D4 5
58.450 0.233 F4 5
58.800 0.117 C4 5
59.267 0.083 A2 5
59.383 0.233 C3 5
59.733 0.233 D5 5
59.850 END_CYCLE
Triangle(241)
time dur note vol
0.000 0.083 D4 15
0.117 BEGIN_CYCLE
0.233 0.083 D4 15
0.350 0.083 D4 15
0.467 0.083 D4 15
0.817 0.083 D4 15
0.933 0.083 D4 15
1.167 0.083 D4 15
1.283 0.083 D4 15
1.400 0.083 D4 15
1.517 0.083 D4 15
1.633 0.083 D4 15
1.750 0.083 D4 15
1.867 0.083 A#3 15
2.100 0.083 A#3 15
2.217 0.083 A#3 15
2.333 0.083 A#4 15
2.800 0.083 C4 15
2.917 0.083 C4 15
3.033 0.083 C5 15
3.150 0.083 C4 15
3.267 0.083 C4 15
3.383 0.083 C4 15
3.500 0.083 C4 15
3.617 0.083 C4 15
3.733 0.083 D4 15
3.967 0.083 D4 15
4.083 0.083 D4 15
4.200 0.083 D4 15
4.550 0.083 D4 15
4.667 0.083 D4 15
4.900 0.083 D4 15
5.017 0.083 D4 15
5.133 0.083 D4 15
5.250 0.083 D4 15
5.367 0.083 D4 15
5.483 0.083 D4 15
5.600 0.083 A#3 15
5.833 0.083 A#3 15
5.950 0.083 A#3 15
6.067 0.083 A#4 15
6.533 0.083 C4 15
6.650 0.083 C4 15
6.767 0.083 C5 15
6.883 0.083 C4 15
7.000 0.083 C4 15
7.117 0.083 C4 15
7.233 0.083 C4 15
7.350 0.083 C4 15
7.467 0.083 D4 15
7.700 0.083 D4 15
7.817 0.083 D4 15
7.933 0.083 D4 15
8.283 0.083 D4 15
8.400 0.083 D4 15
8.633 0.083 D4 15
8.750 0.083 D4 15
8.867 0.083 D4 15
8.983 0.083 D4 15
9.100 0.083 D4 15
9.217 0.083 D4 15
9.333 0.083 A#3 15
9.567 0.083 A#3 15
9.683 0.083 A#3 15
9.800 0.083 A#4 15
9.917 0.083 A#3 15
10.150 0.083 A#3 15
10.383 0.083 A#3 15
10.500 0.083 A#4 15
10.733 0.083 A#4 15
10.967 0.083 A#4 15
11.200 0.083 D4 15
11.433 0.083 D4 15
11.550 0.083 D4 15
11.667 0.083 D4 15
12.017 0.083 D4 15
12.133 0.083 D4 15
12.367 0.083 D4 15
12.483 0.083 D4 15
12.600 0.083 D4 15
12.717 0.083 D4 15
12.833 0.083 D4 15
12.950 0.083 D4 15
13.067 0.083 A#3 15
13.300 0.083 A#3 15
13.417 0.083 A#3 15
13.533 0.083 A#4 15
13.650 0.083 A#3 15
13.883 0.083 A#3 15
14.117 0.083 A#3 15
14.233 0.083 A#4 15
14.467 0.083 A#4 15
14.700 0.083 A#4 15
14.933 0.717 C#4 15
15.867 0.717 D4 15
16.800 0.717 E4 15
17.733 0.717 D4 15
18.667 0.717 C#4 15
19.600 0.717 D4 15
20.533 0.717 E4 15
21.467 0.717 A4 15
22.400 0.100 D4 15
22.633 0.117 D4 15
22.983 0.117 D4 15
23.100 0.233 C4 15
23.333 0.100 D4 15
24.267 0.100 A#3 15
24.500 0.100 A#3 15
25.200 0.117 C4 15
25.433 0.117 C4 15
26.133 0.100 D4 15
26.367 0.100 D4 15
26.717 0.117 D4 15
26.833 0.233 C4 15
27.067 0.100 D4 15
28.000 0.117 A#3 15
28.233 0.100 A#3 15
28.933 0.100 C4 15
29.167 0.100 C4 15
29.400 0.100 A3 15
29.517 0.350 C4 15
29.867 0.083 D4 15
30.100 0.083 D4 15
30.217 0.083 D4 15
30.333 0.083 D4 15
30.683 0.083 D4 15
30.800 0.083 D4 15
31.033 0.083 D4 15
31.150 0.083 D4 15
31.267 0.083 D4 15
31.383 0.083 D4 15
31.500 0.083 D4 15
31.617 0.083 D4 15
31.733 0.083 A#3 15
31.967 0.083 A#3 15
32.083 0.083 A#3 15
32.200 0.083 A#4 15
32.667 0.083 C4 15
32.783 0.083 C4 15
32.900 0.083 C5 15
33.017 0.083 C4 15
33.133 0.083 C4 15
33.250 0.083 C4 15
33.367 0.083 C4 15
33.483 0.083 C4 15
33.600 0.083 D4 15
33.833 0.083 D4 15
33.950 0.083 D4 15
34.067 0.083 D4 15
34.417 0.083 D4 15
34.533 0.083 D4 15
34.767 0.083 D4 15
34.883 0.083 D4 15
35.000 0.083 D4 15
35.117 0.083 D4 15
35.233 0.083 D4 15
35.350 0.083 D4 15
35.467 0.083 A#3 15
35.700 0.083 A#3 15
35.817 0.083 A#3 15
35.933 0.083 A#4 15
36.400 0.083 C4 15
36.517 0.083 C4 15
36.633 0.083 C5 15
36.750 0.083 C4 15
36.867 0.083 C4 15
36.983 0.083 C4 15
37.100 0.083 C4 15
37.217 0.083 C4 15
37.333 0.083 D4 15
37.567 0.083 D4 15
37.683 0.083 D4 15
37.800 0.083 D4 15
38.150 0.083 D4 15
38.267 0.083 D4 15
38.500 0.083 D4 15
38.617 0.083 D4 15
38.733 0.083 D4 15
38.850 0.083 D4 15
38.967 0.083 D4 15
39.083 0.083 D4 15
39.200 0.083 A#3 15
39.433 0.083 A#3 15
39.550 0.083 A#3 15
39.667 0.083 A#4 15
39.783 0.083 A#3 15
40.017 0.083 A#3 15
40.250 0.083 A#3 15
40.367 0.083 A#4 15
40.600 0.083 A#4 15
40.833 0.083 A#4 15
41.067 0.083 D4 15
41.300 0.083 D4 15
41.417 0.083 D4 15
41.533 0.083 D4 15
41.883 0.083 D4 15
42.000 0.083 D4 15
42.233 0.083 D4 15
42.350 0.083 D4 15
42.467 0.083 D4 15
42.583 0.083 D4 15
42.700 0.083 D4 15
42.817 0.083 D4 15
42.933 0.083 A#3 15
43.167 0.083 A#3 15
43.283 0.083 A#3 15
43.400 0.083 A#4 15
43.517 0.083 A#3 15
43.750 0.083 A#3 15
43.983 0.083 A#3 15
44.100 0.083 A#4 15
44.333 0.083 A#4 15
44.567 0.083 A#4 15
44.800 0.717 C#4 15
45.733 0.717 D4 15
46.667 0.717 E4 15
47.600 0.717 D4 15
48.533 0.717 C#4 15
49.467 0.717 D4 15
50.400 0.717 E4 15
51.333 0.717 A4 15
52.267 0.100 D4 15
52.500 0.100 D4 15
52.850 0.117 D4 15
52.967 0.233 C4 15
53.200 0.100 D4 15
54.133 0.100 A#3 15
54.367 0.100 A#3 15
55.067 0.100 C4 15
55.300 0.100 C4 15
56.000 0.117 D4 15
56.233 0.100 D4 15
56.583 0.117 D4 15
56.700 0.233 C4 15
56.933 0.100 D4 15
57.867 0.100 A#3 15
58.100 0.100 A#3 15
58.800 0.100 C4 15
59.033 0.100 C4 15
59.267 0.100 A3 15
59.383 0.350 C4 15
59.733 0.083 D4 15
59.850 END_CYCLE
Noise(694)
time dur noise vol drum
0.000 0.017 11 8 kick_tight
0.017 0.033 13 3 roar_ultra_low
0.117 BEGIN_CYCLE
0.233 0.017 11 8 kick_tight
0.250 0.033 13 3 roar_ultra_low
0.350 0.017 11 8 kick_tight
0.367 0.033 13 3 roar_ultra_low
0.467 0.100 8 6 tom_low
0.567 0.050 13 1 roar_ultra_low
0.933 0.017 11 8 kick_tight
0.950 0.033 13 3 roar_ultra_low
1.167 0.017 11 8 kick_tight
1.183 0.033 13 3 roar_ultra_low
1.283 0.017 11 8 kick_tight
1.300 0.033 13 3 roar_ultra_low
1.400 0.100 8 6 tom_low
1.500 0.050 13 1 roar_ultra_low
1.633 0.017 11 8 kick_tight
1.650 0.033 13 3 roar_ultra_low
1.750 0.017 11 8 kick_tight
1.767 0.033 13 3 roar_ultra_low
1.867 0.017 11 8 kick_tight
1.883 0.033 13 3 roar_ultra_low
2.100 0.017 11 8 kick_tight
2.117 0.033 13 3 roar_ultra_low
2.217 0.017 11 8 kick_tight
2.233 0.033 13 3 roar_ultra_low
2.333 0.100 8 6 tom_low
2.433 0.050 13 1 roar_ultra_low
2.800 0.017 11 8 kick_tight
2.817 0.033 13 3 roar_ultra_low
2.917 0.017 11 8 kick_tight
2.933 0.033 13 3 roar_ultra_low
3.033 0.100 8 6 tom_low
3.133 0.050 13 1 roar_ultra_low
3.267 0.100 8 6 tom_low
3.367 0.017 13 1 roar_ultra_low
3.383 0.100 8 6 tom_low
3.483 0.017 13 1 roar_ultra_low
3.500 0.100 8 6 tom_low
3.600 0.050 13 1 roar_ultra_low
3.733 0.017 11 8 kick_tight
3.750 0.033 13 3 roar_ultra_low
3.967 0.017 11 8 kick_tight
3.983 0.033 13 3 roar_ultra_low
4.083 0.017 11 8 kick_tight
4.100 0.033 13 3 roar_ultra_low
4.200 0.100 8 6 tom_low
4.300 0.050 13 1 roar_ultra_low
4.667 0.017 11 8 kick_tight
4.683 0.033 13 3 roar_ultra_low
4.900 0.017 11 8 kick_tight
4.917 0.033 13 3 roar_ultra_low
5.017 0.017 11 8 kick_tight
5.033 0.033 13 3 roar_ultra_low
5.133 0.100 8 6 tom_low
5.233 0.050 13 1 roar_ultra_low
5.367 0.017 11 8 kick_tight
5.383 0.033 13 3 roar_ultra_low
5.483 0.017 11 8 kick_tight
5.500 0.033 13 3 roar_ultra_low
5.600 0.017 11 8 kick_tight
5.617 0.033 13 3 roar_ultra_low
5.833 0.017 11 8 kick_tight
5.850 0.033 13 3 roar_ultra_low
5.950 0.017 11 8 kick_tight
5.967 0.033 13 3 roar_ultra_low
6.067 0.100 8 6 tom_low
6.167 0.050 13 1 roar_ultra_low
6.533 0.017 11 8 kick_tight
6.550 0.033 13 3 roar_ultra_low
6.650 0.017 11 8 kick_tight
6.667 0.033 13 3 roar_ultra_low
6.767 0.100 8 6 tom_low
6.867 0.050 13 1 roar_ultra_low
7.000 0.100 8 6 tom_low
7.100 0.017 13 1 roar_ultra_low
7.117 0.100 8 6 tom_low
7.217 0.017 13 1 roar_ultra_low
7.233 0.100 8 6 tom_low
7.333 0.050 13 1 roar_ultra_low
7.467 0.017 11 8 kick_tight
7.483 0.033 13 3 roar_ultra_low
7.700 0.017 11 8 kick_tight
7.717 0.033 13 3 roar_ultra_low
7.817 0.017 11 8 kick_tight
7.833 0.033 13 3 roar_ultra_low
7.933 0.100 8 6 tom_low
8.033 0.050 13 1 roar_ultra_low
8.400 0.017 11 8 kick_tight
8.417 0.033 13 3 roar_ultra_low
8.633 0.017 11 8 kick_tight
8.650 0.033 13 3 roar_ultra_low
8.750 0.017 11 8 kick_tight
8.767 0.033 13 3 roar_ultra_low
8.867 0.100 8 6 tom_low
8.967 0.050 13 1 roar_ultra_low
9.100 0.017 11 8 kick_tight
9.117 0.033 13 3 roar_ultra_low
9.217 0.017 11 8 kick_tight
9.233 0.033 13 3 roar_ultra_low
9.333 0.017 11 8 kick_tight
9.350 0.033 13 3 roar_ultra_low
9.567 0.017 11 8 kick_tight
9.583 0.033 13 3 roar_ultra_low
9.683 0.017 11 8 kick_tight
9.700 0.033 13 3 roar_ultra_low
9.800 0.100 8 6 tom_low
9.900 0.050 13 1 roar_ultra_low
10.150 0.017 11 8 kick_tight
10.167 0.033 13 3 roar_ultra_low
10.267 0.017 11 8 kick_tight
10.283 0.033 13 3 roar_ultra_low
10.383 0.017 11 8 kick_tight
10.400 0.033 13 3 roar_ultra_low
10.500 0.100 8 6 tom_low
10.600 0.050 13 1 roar_ultra_low
10.733 0.100 8 6 tom_low
10.833 0.050 13 1 roar_ultra_low
10.967 0.100 8 6 tom_low
11.067 0.050 13 1 roar_ultra_low
11.200 0.017 11 8 kick_tight
11.217 0.033 13 3 roar_ultra_low
11.433 0.017 11 8 kick_tight
11.450 0.033 13 3 roar_ultra_low
11.550 0.017 11 8 kick_tight
11.567 0.033 13 3 roar_ultra_low
11.667 0.100 8 6 tom_low
11.767 0.050 13 1 roar_ultra_low
12.133 0.017 11 8 kick_tight
12.150 0.033 13 3 roar_ultra_low
12.367 0.017 11 8 kick_tight
12.383 0.033 13 3 roar_ultra_low
12.483 0.017 11 8 kick_tight
12.500 0.033 13 3 roar_ultra_low
12.600 0.100 8 6 tom_low
12.700 0.050 13 1 roar_ultra_low
12.833 0.017 11 8 kick_tight
12.850 0.033 13 3 roar_ultra_low
12.950 0.017 11 8 kick_tight
12.967 0.033 13 3 roar_ultra_low
13.067 0.017 11 8 kick_tight
13.083 0.033 13 3 roar_ultra_low
13.300 0.017 11 8 kick_tight
13.317 0.033 13 3 roar_ultra_low
13.417 0.017 11 8 kick_tight
13.433 0.033 13 3 roar_ultra_low
13.533 0.100 8 6 tom_low
13.633 0.050 13 1 roar_ultra_low
13.883 0.017 11 8 kick_tight
13.900 0.033 13 3 roar_ultra_low
14.000 0.017 11 8 kick_tight
14.017 0.033 13 3 roar_ultra_low
14.117 0.017 11 8 kick_tight
14.133 0.033 13 3 roar_ultra_low
14.233 0.100 8 6 tom_low
14.333 0.050 13 1 roar_ultra_low
14.467 0.100 8 6 tom_low
14.567 0.050 13 1 roar_ultra_low
14.700 0.100 8 6 tom_low
14.800 0.050 13 1 roar_ultra_low
14.933 0.017 11 8 kick_tight
14.950 0.033 13 3 roar_ultra_low
15.167 0.017 11 8 kick_tight
15.183 0.033 13 3 roar_ultra_low
15.283 0.017 11 8 kick_tight
15.300 0.033 13 3 roar_ultra_low
15.400 0.017 11 8 kick_tight
15.417 0.033 13 3 roar_ultra_low
15.517 0.017 11 8 kick_tight
15.533 0.033 13 3 roar_ultra_low
15.633 0.100 8 6 tom_low
15.733 0.050 13 1 roar_ultra_low
15.867 0.017 11 8 kick_tight
15.883 0.033 13 3 roar_ultra_low
16.100 0.017 11 8 kick_tight
16.117 0.033 13 3 roar_ultra_low
16.217 0.017 11 8 kick_tight
16.233 0.033 13 3 roar_ultra_low
16.333 0.017 11 8 kick_tight
16.350 0.033 13 3 roar_ultra_low
16.450 0.017 11 8 kick_tight
16.467 0.033 13 3 roar_ultra_low
16.567 0.100 8 6 tom_low
16.667 0.050 13 1 roar_ultra_low
16.800 0.017 11 8 kick_tight
16.817 0.033 13 3 roar_ultra_low
17.033 0.017 11 8 kick_tight
17.050 0.033 13 3 roar_ultra_low
17.150 0.017 11 8 kick_tight
17.167 0.033 13 3 roar_ultra_low
17.267 0.017 11 8 kick_tight
17.283 0.033 13 3 roar_ultra_low
17.383 0.017 11 8 kick_tight
17.400 0.033 13 3 roar_ultra_low
17.500 0.100 8 6 tom_low
17.600 0.050 13 1 roar_ultra_low
17.733 0.017 11 8 kick_tight
17.750 0.033 13 3 roar_ultra_low
17.967 0.017 11 8 kick_tight
17.983 0.033 13 3 roar_ultra_low
18.083 0.017 11 8 kick_tight
18.100 0.033 13 3 roar_ultra_low
18.200 0.017 11 8 kick_tight
18.217 0.033 13 3 roar_ultra_low
18.317 0.017 11 8 kick_tight
18.333 0.033 13 3 roar_ultra_low
18.433 0.100 8 6 tom_low
18.533 0.017 13 1 roar_ultra_low
18.550 0.100 8 6 tom_low
18.650 0.050 13 1 roar_ultra_low
18.900 0.017 11 8 kick_tight
18.917 0.033 13 3 roar_ultra_low
19.017 0.017 11 8 kick_tight
19.033 0.033 13 3 roar_ultra_low
19.133 0.017 11 8 kick_tight
19.150 0.033 13 3 roar_ultra_low
19.250 0.017 11 8 kick_tight
19.267 0.033 13 3 roar_ultra_low
19.367 0.100 8 6 tom_low
19.467 0.050 13 1 roar_ultra_low
19.600 0.017 11 8 kick_tight
19.617 0.033 13 3 roar_ultra_low
19.833 0.017 11 8 kick_tight
19.850 0.033 13 3 roar_ultra_low
19.950 0.017 11 8 kick_tight
19.967 0.033 13 3 roar_ultra_low
20.067 0.017 11 8 kick_tight
20.083 0.033 13 3 roar_ultra_low
20.183 0.017 11 8 kick_tight
20.200 0.033 13 3 roar_ultra_low
20.300 0.100 8 6 tom_low
20.400 0.050 13 1 roar_ultra_low
20.533 0.017 11 8 kick_tight
20.550 0.033 13 3 roar_ultra_low
20.767 0.017 11 8 kick_tight
20.783 0.033 13 3 roar_ultra_low
20.883 0.017 11 8 kick_tight
20.900 0.033 13 3 roar_ultra_low
21.000 0.017 11 8 kick_tight
21.017 0.033 13 3 roar_ultra_low
21.117 0.017 11 8 kick_tight
21.133 0.033 13 3 roar_ultra_low
21.233 0.100 8 6 tom_low
21.333 0.050 13 1 roar_ultra_low
21.467 0.100 8 6 tom_low
21.567 0.050 13 1 roar_ultra_low
21.700 0.100 8 6 tom_low
21.800 0.017 13 1 roar_ultra_low
21.817 0.100 8 6 tom_low
21.917 0.050 13 1 roar_ultra_low
22.050 0.100 8 6 tom_low
22.150 0.017 13 1 roar_ultra_low
22.167 0.100 8 6 tom_low
22.267 0.017 13 1 roar_ultra_low
22.283 0.100 8 6 tom_low
22.383 0.050 13 1 roar_ultra_low
22.517 0.017 11 8 kick_tight
22.533 0.033 13 3 roar_ultra_low
22.633 0.100 8 6 tom_low
22.733 0.050 13 1 roar_ultra_low
22.867 0.017 11 8 kick_tight
22.883 0.033 13 3 roar_ultra_low
22.983 0.100 8 6 tom_low
23.083 0.050 13 1 roar_ultra_low
23.217 0.100 8 6 tom_low
23.317 0.050 13 1 roar_ultra_low
23.567 0.017 11 8 kick_tight
23.583 0.033 13 3 roar_ultra_low
23.683 0.017 11 8 kick_tight
23.700 0.033 13 3 roar_ultra_low
23.800 0.017 11 8 kick_tight
23.817 0.033 13 3 roar_ultra_low
23.917 0.017 11 8 kick_tight
23.933 0.033 13 3 roar_ultra_low
24.033 0.017 11 8 kick_tight
24.050 0.033 13 3 roar_ultra_low
24.150 0.017 11 8 kick_tight
24.167 0.033 13 3 roar_ultra_low
24.267 0.100 8 6 tom_low
24.367 0.050 13 1 roar_ultra_low
24.500 0.100 8 6 tom_low
24.600 0.050 13 1 roar_ultra_low
24.733 0.017 11 8 kick_tight
24.750 0.033 13 3 roar_ultra_low
24.850 0.100 8 6 tom_low
24.950 0.017 13 1 roar_ultra_low
24.967 0.100 8 6 tom_low
25.067 0.017 13 1 roar_ultra_low
25.083 0.100 8 6 tom_low
25.183 0.017 13 1 roar_ultra_low
25.200 0.100 8 6 tom_low
25.300 0.050 13 1 roar_ultra_low
25.433 0.100 8 6 tom_low
25.533 0.050 13 1 roar_ultra_low
25.667 0.017 11 8 kick_tight
25.683 0.033 13 3 roar_ultra_low
25.783 0.100 8 6 tom_low
25.883 0.017 13 1 roar_ultra_low
25.900 0.100 8 6 tom_low
26.000 0.017 13 1 roar_ultra_low
26.017 0.100 8 6 tom_low
26.117 0.050 13 1 roar_ultra_low
26.250 0.017 11 8 kick_tight
26.267 0.033 13 3 roar_ultra_low
26.367 0.100 8 6 tom_low
26.467 0.050 13 1 roar_ultra_low
26.600 0.017 11 8 kick_tight
26.617 0.033 13 3 roar_ultra_low
26.717 0.100 8 6 tom_low
26.817 0.050 13 1 roar_ultra_low
26.950 0.100 8 6 tom_low
27.050 0.050 13 1 roar_ultra_low
27.300 0.017 11 8 kick_tight
27.317 0.033 13 3 roar_ultra_low
27.417 0.017 11 8 kick_tight
27.433 0.033 13 3 roar_ultra_low
27.533 0.017 11 8 kick_tight
27.550 0.033 13 3 roar_ultra_low
27.650 0.017 11 8 kick_tight
27.667 0.033 13 3 roar_ultra_low
27.767 0.017 11 8 kick_tight
27.783 0.033 13 3 roar_ultra_low
27.883 0.017 11 8 kick_tight
27.900 0.033 13 3 roar_ultra_low
28.000 0.100 8 6 tom_low
28.100 0.050 13 1 roar_ultra_low
28.233 0.100 8 6 tom_low
28.333 0.050 13 1 roar_ultra_low
28.467 0.017 11 8 kick_tight
28.483 0.033 13 3 roar_ultra_low
28.583 0.100 8 6 tom_low
28.683 0.017 13 1 roar_ultra_low
28.700 0.100 8 6 tom_low
28.800 0.017 13 1 roar_ultra_low
28.817 0.100 8 6 tom_low
28.917 0.017 13 1 roar_ultra_low
28.933 0.100 8 6 tom_low
29.033 0.050 13 1 roar_ultra_low
29.167 0.100 8 6 tom_low
29.267 0.050 13 1 roar_ultra_low
29.400 0.017 11 8 kick_tight
29.417 0.033 13 3 roar_ultra_low
29.517 0.100 8 6 tom_low
29.617 0.017 13 1 roar_ultra_low
29.633 0.100 8 6 tom_low
29.733 0.017 13 1 roar_ultra_low
29.750 0.100 8 6 tom_low
29.850 0.050 13 1 roar_ultra_low
30.100 0.017 11 8 kick_tight
30.117 0.033 13 3 roar_ultra_low
30.217 0.017 11 8 kick_tight
30.233 0.033 13 3 roar_ultra_low
30.333 0.100 8 6 tom_low
30.433 0.050 13 1 roar_ultra_low
30.800 0.017 11 8 kick_tight
30.817 0.033 13 3 roar_ultra_low
31.033 0.017 11 8 kick_tight
31.050 0.033 13 3 roar_ultra_low
31.150 0.017 11 8 kick_tight
31.167 0.033 13 3 roar_ultra_low
31.267 0.100 8 6 tom_low
31.367 0.050 13 1 roar_ultra_low
31.500 0.017 11 8 kick_tight
31.517 0.033 13 3 roar_ultra_low
31.617 0.017 11 8 kick_tight
31.633 0.033 13 3 roar_ultra_low
31.733 0.017 11 8 kick_tight
31.750 0.033 13 3 roar_ultra_low
31.967 0.017 11 8 kick_tight
31.983 0.033 13 3 roar_ultra_low
32.083 0.017 11 8 kick_tight
32.100 0.033 13 3 roar_ultra_low
32.200 0.100 8 6 tom_low
32.300 0.050 13 1 roar_ultra_low
32.667 0.017 11 8 kick_tight
32.683 0.033 13 3 roar_ultra_low
32.783 0.017 11 8 kick_tight
32.800 0.033 13 3 roar_ultra_low
32.900 0.100 8 6 tom_low
33.000 0.050 13 1 roar_ultra_low
33.133 0.100 8 6 tom_low
33.233 0.017 13 1 roar_ultra_low
33.250 0.100 8 6 tom_low
33.350 0.017 13 1 roar_ultra_low
33.367 0.100 8 6 tom_low
33.467 0.050 13 1 roar_ultra_low
33.600 0.017 11 8 kick_tight
33.617 0.033 13 3 roar_ultra_low
33.833 0.017 11 8 kick_tight
33.850 0.033 13 3 roar_ultra_low
33.950 0.017 11 8 kick_tight
33.967 0.033 13 3 roar_ultra_low
34.067 0.100 8 6 tom_low
34.167 0.050 13 1 roar_ultra_low
34.533 0.017 11 8 kick_tight
34.550 0.033 13 3 roar_ultra_low
34.767 0.017 11 8 kick_tight
34.783 0.033 13 3 roar_ultra_low
34.883 0.017 11 8 kick_tight
34.900 0.033 13 3 roar_ultra_low
35.000 0.100 8 6 tom_low
35.100 0.050 13 1 roar_ultra_low
35.233 0.017 11 8 kick_tight
35.250 0.033 13 3 roar_ultra_low
35.350 0.017 11 8 kick_tight
35.367 0.033 13 3 roar_ultra_low
35.467 0.017 11 8 kick_tight
35.483 0.033 13 3 roar_ultra_low
35.700 0.017 11 8 kick_tight
35.717 0.033 13 3 roar_ultra_low
35.817 0.017 11 8 kick_tight
35.833 0.033 13 3 roar_ultra_low
35.933 0.100 8 6 tom_low
36.033 0.050 13 1 roar_ultra_low
36.400 0.017 11 8 kick_tight
36.417 0.033 13 3 roar_ultra_low
36.517 0.017 11 8 kick_tight
36.533 0.033 13 3 roar_ultra_low
36.633 0.100 8 6 tom_low
36.733 0.050 13 1 roar_ultra_low
36.867 0.100 8 6 tom_low
36.967 0.017 13 1 roar_ultra_low
36.983 0.100 8 6 tom_low
37.083 0.017 13 1 roar_ultra_low
37.100 0.100 8 6 tom_low
37.200 0.050 13 1 roar_ultra_low
37.333 0.017 11 8 kick_tight
37.350 0.033 13 3 roar_ultra_low
37.567 0.017 11 8 kick_tight
37.583 0.033 13 3 roar_ultra_low
37.683 0.017 11 8 kick_tight
37.700 0.033 13 3 roar_ultra_low
37.800 0.100 8 6 tom_low
37.900 0.050 13 1 roar_ultra_low
38.267 0.017 11 8 kick_tight
38.283 0.033 13 3 roar_ultra_low
38.500 0.017 11 8 kick_tight
38.517 0.033 13 3 roar_ultra_low
38.617 0.017 11 8 kick_tight
38.633 0.033 13 3 roar_ultra_low
38.733 0.100 8 6 tom_low
38.833 0.050 13 1 roar_ultra_low
38.967 0.017 11 8 kick_tight
38.983 0.033 13 3 roar_ultra_low
39.083 0.017 11 8 kick_tight
39.100 0.033 13 3 roar_ultra_low
39.200 0.017 11 8 kick_tight
39.217 0.033 13 3 roar_ultra_low
39.433 0.017 11 8 kick_tight
39.450 0.033 13 3 roar_ultra_low
39.550 0.017 11 8 kick_tight
39.567 0.033 13 3 roar_ultra_low
39.667 0.100 8 6 tom_low
39.767 0.050 13 1 roar_ultra_low
40.017 0.017 11 8 kick_tight
40.033 0.033 13 3 roar_ultra_low
40.133 0.017 11 8 kick_tight
40.150 0.033 13 3 roar_ultra_low
40.250 0.017 11 8 kick_tight
40.267 0.033 13 3 roar_ultra_low
40.367 0.100 8 6 tom_low
40.467 0.050 13 1 roar_ultra_low
40.600 0.100 8 6 tom_low
40.700 0.050 13 1 roar_ultra_low
40.833 0.100 8 6 tom_low
40.933 0.050 13 1 roar_ultra_low
41.067 0.017 11 8 kick_tight
41.083 0.033 13 3 roar_ultra_low
41.300 0.017 11 8 kick_tight
41.317 0.033 13 3 roar_ultra_low
41.417 0.017 11 8 kick_tight
41.433 0.033 13 3 roar_ultra_low
41.533 0.100 8 6 tom_low
41.633 0.050 13 1 roar_ultra_low
42.000 0.017 11 8 kick_tight
42.017 0.033 13 3 roar_ultra_low
42.233 0.017 11 8 kick_tight
42.250 0.033 13 3 roar_ultra_low
42.350 0.017 11 8 kick_tight
42.367 0.033 13 3 roar_ultra_low
42.467 0.100 8 6 tom_low
42.567 0.050 13 1 roar_ultra_low
42.700 0.017 11 8 kick_tight
42.717 0.033 13 3 roar_ultra_low
42.817 0.017 11 8 kick_tight
42.833 0.033 13 3 roar_ultra_low
42.933 0.017 11 8 kick_tight
42.950 0.033 13 3 roar_ultra_low
43.167 0.017 11 8 kick_tight
43.183 0.033 13 3 roar_ultra_low
43.283 0.017 11 8 kick_tight
43.300 0.033 13 3 roar_ultra_low
43.400 0.100 8 6 tom_low
43.500 0.050 13 1 roar_ultra_low
43.750 0.017 11 8 kick_tight
43.767 0.033 13 3 roar_ultra_low
43.867 0.017 11 8 kick_tight
43.883 0.033 13 3 roar_ultra_low
43.983 0.017 11 8 kick_tight
44.000 0.033 13 3 roar_ultra_low
44.100 0.100 8 6 tom_low
44.200 0.050 13 1 roar_ultra_low
44.333 0.100 8 6 tom_low
44.433 0.050 13 1 roar_ultra_low
44.567 0.100 8 6 tom_low
44.667 0.050 13 1 roar_ultra_low
44.800 0.017 11 8 kick_tight
44.817 0.033 13 3 roar_ultra_low
45.033 0.017 11 8 kick_tight
45.050 0.033 13 3 roar_ultra_low
45.150 0.017 11 8 kick_tight
45.167 0.033 13 3 roar_ultra_low
45.267 0.017 11 8 kick_tight
45.283 0.033 13 3 roar_ultra_low
45.383 0.017 11 8 kick_tight
45.400 0.033 13 3 roar_ultra_low
45.500 0.100 8 6 tom_low
45.600 0.050 13 1 roar_ultra_low
45.733 0.017 11 8 kick_tight
45.750 0.033 13 3 roar_ultra_low
45.967 0.017 11 8 kick_tight
45.983 0.033 13 3 roar_ultra_low
46.083 0.017 11 8 kick_tight
46.100 0.033 13 3 roar_ultra_low
46.200 0.017 11 8 kick_tight
46.217 0.033 13 3 roar_ultra_low
46.317 0.017 11 8 kick_tight
46.333 0.033 13 3 roar_ultra_low
46.433 0.100 8 6 tom_low
46.533 0.050 13 1 roar_ultra_low
46.667 0.017 11 8 kick_tight
46.683 0.033 13 3 roar_ultra_low
46.900 0.017 11 8 kick_tight
46.917 0.033 13 3 roar_ultra_low
47.017 0.017 11 8 kick_tight
47.033 0.033 13 3 roar_ultra_low
47.133 0.017 11 8 kick_tight
47.150 0.033 13 3 roar_ultra_low
47.250 0.017 11 8 kick_tight
47.267 0.033 13 3 roar_ultra_low
47.367 0.100 8 6 tom_low
47.467 0.050 13 1 roar_ultra_low
47.600 0.017 11 8 kick_tight
47.617 0.033 13 3 roar_ultra_low
47.833 0.017 11 8 kick_tight
47.850 0.033 13 3 roar_ultra_low
47.950 0.017 11 8 kick_tight
47.967 0.033 13 3 roar_ultra_low
48.067 0.017 11 8 kick_tight
48.083 0.033 13 3 roar_ultra_low
48.183 0.017 11 8 kick_tight
48.200 0.033 13 3 roar_ultra_low
48.300 0.100 8 6 tom_low
48.400 0.017 13 1 roar_ultra_low
48.417 0.100 8 6 tom_low
48.517 0.050 13 1 roar_ultra_low
48.767 0.017 11 8 kick_tight
48.783 0.033 13 3 roar_ultra_low
48.883 0.017 11 8 kick_tight
48.900 0.033 13 3 roar_ultra_low
49.000 0.017 11 8 kick_tight
49.017 0.033 13 3 roar_ultra_low
49.117 0.017 11 8 kick_tight
49.133 0.033 13 3 roar_ultra_low
49.233 0.100 8 6 tom_low
49.333 0.050 13 1 roar_ultra_low
49.467 0.017 11 8 kick_tight
49.483 0.033 13 3 roar_ultra_low
49.700 0.017 11 8 kick_tight
49.717 0.033 13 3 roar_ultra_low
49.817 0.017 11 8 kick_tight
49.833 0.033 13 3 roar_ultra_low
49.933 0.017 11 8 kick_tight
49.950 0.033 13 3 roar_ultra_low
50.050 0.017 11 8 kick_tight
50.067 0.033 13 3 roar_ultra_low
50.167 0.100 8 6 tom_low
50.267 0.050 13 1 roar_ultra_low
50.400 0.017 11 8 kick_tight
50.417 0.033 13 3 roar_ultra_low
50.633 0.017 11 8 kick_tight
50.650 0.033 13 3 roar_ultra_low
50.750 0.017 11 8 kick_tight
50.767 0.033 13 3 roar_ultra_low
50.867 0.017 11 8 kick_tight
50.883 0.033 13 3 roar_ultra_low
50.983 0.017 11 8 kick_tight
51.000 0.033 13 3 roar_ultra_low
51.100 0.100 8 6 tom_low
51.200 0.050 13 1 roar_ultra_low
51.333 0.100 8 6 tom_low
51.433 0.050 13 1 roar_ultra_low
51.567 0.100 8 6 tom_low
51.667 0.017 13 1 roar_ultra_low
51.683 0.100 8 6 tom_low
51.783 0.050 13 1 roar_ultra_low
51.917 0.100 8 6 tom_low
52.017 0.017 13 1 roar_ultra_low
52.033 0.100 8 6 tom_low
52.133 0.017 13 1 roar_ultra_low
52.150 0.100 8 6 tom_low
52.250 0.050 13 1 roar_ultra_low
52.383 0.017 11 8 kick_tight
52.400 0.033 13 3 roar_ultra_low
52.500 0.100 8 6 tom_low
52.600 0.050 13 1 roar_ultra_low
52.733 0.017 11 8 kick_tight
52.750 0.033 13 3 roar_ultra_low
52.850 0.100 8 6 tom_low
52.950 0.050 13 1 roar_ultra_low
53.083 0.100 8 6 tom_low
53.183 0.050 13 1 roar_ultra_low
53.433 0.017 11 8 kick_tight
53.450 0.033 13 3 roar_ultra_low
53.550 0.017 11 8 kick_tight
53.567 0.033 13 3 roar_ultra_low
53.667 0.017 11 8 kick_tight
53.683 0.033 13 3 roar_ultra_low
53.783 0.017 11 8 kick_tight
53.800 0.033 13 3 roar_ultra_low
53.900 0.017 11 8 kick_tight
53.917 0.033 13 3 roar_ultra_low
54.017 0.017 11 8 kick_tight
54.033 0.033 13 3 roar_ultra_low
54.133 0.100 8 6 tom_low
54.233 0.050 13 1 roar_ultra_low
54.367 0.100 8 6 tom_low
54.467 0.050 13 1 roar_ultra_low
54.600 0.017 11 8 kick_tight
54.617 0.033 13 3 roar_ultra_low
54.717 0.100 8 6 tom_low
54.817 0.017 13 1 roar_ultra_low
54.833 0.100 8 6 tom_low
54.933 0.017 13 1 roar_ultra_low
54.950 0.100 8 6 tom_low
55.050 0.017 13 1 roar_ultra_low
55.067 0.100 8 6 tom_low
55.167 0.050 13 1 roar_ultra_low
55.300 0.100 8 6 tom_low
55.400 0.050 13 1 roar_ultra_low
55.533 0.017 11 8 kick_tight
55.550 0.033 13 3 roar_ultra_low
55.650 0.100 8 6 tom_low
55.750 0.017 13 1 roar_ultra_low
55.767 0.100 8 6 tom_low
55.867 0.017 13 1 roar_ultra_low
55.883 0.100 8 6 tom_low
55.983 0.050 13 1 roar_ultra_low
56.117 0.017 11 8 kick_tight
56.133 0.033 13 3 roar_ultra_low
56.233 0.100 8 6 tom_low
56.333 0.050 13 1 roar_ultra_low
56.467 0.017 11 8 kick_tight
56.483 0.033 13 3 roar_ultra_low
56.583 0.100 8 6 tom_low
56.683 0.050 13 1 roar_ultra_low
56.817 0.100 8 6 tom_low
56.917 0.050 13 1 roar_ultra_low
57.167 0.017 11 8 kick_tight
57.183 0.033 13 3 roar_ultra_low
57.283 0.017 11 8 kick_tight
57.300 0.033 13 3 roar_ultra_low
57.400 0.017 11 8 kick_tight
57.417 0.033 13 3 roar_ultra_low
57.517 0.017 11 8 kick_tight
57.533 0.033 13 3 roar_ultra_low
57.633 0.017 11 8 kick_tight
57.650 0.033 13 3 roar_ultra_low
57.750 0.017 11 8 kick_tight
57.767 0.033 13 3 roar_ultra_low
57.867 0.100 8 6 tom_low
57.967 0.050 13 1 roar_ultra_low
58.100 0.100 8 6 tom_low
58.200 0.050 13 1 roar_ultra_low
58.333 0.017 11 8 kick_tight
58.350 0.033 13 3 roar_ultra_low
58.450 0.100 8 6 tom_low
58.550 0.017 13 1 roar_ultra_low
58.567 0.100 8 6 tom_low
58.667 0.017 13 1 roar_ultra_low
58.683 0.100 8 6 tom_low
58.783 0.017 13 1 roar_ultra_low
58.800 0.100 8 6 tom_low
58.900 0.050 13 1 roar_ultra_low
59.033 0.100 8 6 tom_low
59.133 0.050 13 1 roar_ultra_low
59.267 0.017 11 8 kick_tight
59.283 0.033 13 3 roar_ultra_low
59.383 0.100 8 6 tom_low
59.483 0.017 13 1 roar_ultra_low
59.500 0.100 8 6 tom_low
59.600 0.017 13 1 roar_ultra_low
59.617 0.100 8 6 tom_low
59.717 0.050 13 1 roar_ultra_low
59.850 END_CYCLE
DPCM(0)
time dur note vol
0.117 BEGIN_CYCLE
59.850 END_CYCLE