Castlevania.nsf track=6 framerate=60
Square1(236)
time dur note vol
1.600 0.167 C3 8
1.800 0.167 C#3 8
2.000 0.167 C3 8
2.200 0.167 C#3 8
2.400 0.167 C3 8
2.600 0.167 C#3 8
2.800 0.167 C3 8
3.000 0.167 C#3 8
3.200 0.167 C3 10
3.400 0.167 C#3 10
3.600 0.167 C3 10
3.800 0.167 C#3 10
4.000 0.167 C3 10
4.200 0.167 C#3 10
4.400 0.167 C3 10
4.600 0.167 C#3 10
4.800 0.200 C3 13
5.000 0.200 C#3 13
5.200 0.200 C3 13
5.400 0.200 C#3 13
5.600 0.200 C3 13
5.800 0.200 C#3 13
6.000 0.200 C3 13
6.200 0.200 C#3 13
6.400 0.350 C#4 6
7.000 1.550 G3 6
9.600 0.517 F#3 4
10.200 0.517 G3 4
10.800 0.517 C#4 4
11.400 0.517 G3 4
12.000 0.317 C4 4
12.400 0.317 B3 4
12.800 0.517 F#3 4
13.400 0.517 G3 4
14.000 0.517 C#4 4
14.600 0.517 G3 4
15.200 0.317 F#3 4
15.600 0.317 G3 4
16.000 0.517 C#4 4
16.600 0.517 D#4 4
17.200 0.517 E4 4
17.800 0.517 D#4 4
18.400 0.317 E4 4
18.800 0.317 G4 4
19.200 0.517 G4 4
19.800 0.517 F#4 4
20.400 0.517 A4 4
21.000 1.117 G#4 4
22.400 0.517 A3 4
23.400 0.317 A3 4
23.800 0.117 A3 4
24.000 0.517 C#4 4
25.000 0.317 C#4 4
25.400 0.117 C#4 4
25.600 0.517 G4 4
26.600 0.317 G4 4
27.000 0.117 G4 4
27.200 0.517 C#5 4
28.200 0.317 C#5 4
28.600 0.117 C#5 4
28.800 0.150 C#5 4
29.200 0.550 G#4 4
29.800 0.183 G#4 7
30.000 0.183 F#4 7
30.200 0.183 E4 7
30.600 0.600 G#4 4
31.400 0.150 G#4 4
31.600 0.350 G#4 4
32.000 0.150 C#5 4
32.400 0.550 G4 4
33.000 0.183 G4 7
33.200 0.183 F#4 7
33.600 0.283 E4 7
33.900 0.183 C#4 7
34.200 1.000 G4 4
35.400 0.150 F#4 4
35.600 0.150 F#4 4
35.800 0.150 C#5 4
36.200 0.550 F#4 4
37.000 0.150 C#4 4
37.200 0.150 C#4 4
37.400 0.350 F#4 4
37.800 0.550 C#4 4
38.400 1.550 C4 4
40.200 0.150 E4 4
40.400 0.150 D#4 4
40.600 0.150 D4 4
40.800 0.150 C#4 4
41.000 0.150 C4 4
41.200 0.150 B3 4
41.400 0.150 A#3 4
41.600 0.350 C#4 6
42.200 1.550 G3 6
44.800 0.517 F#3 4
45.400 0.517 G3 4
46.000 0.517 C#4 4
46.600 0.517 G3 4
47.200 0.317 C4 4
47.600 0.317 B3 4
48.000 0.517 F#3 4
48.600 0.517 G3 4
49.200 0.517 C#4 4
49.800 0.517 G3 4
50.400 0.317 F#3 4
50.800 0.317 G3 4
51.200 0.517 C#4 4
51.800 0.517 D#4 4
52.400 0.517 E4 4
53.000 0.517 D#4 4
53.600 0.317 E4 4
54.000 0.317 G4 4
54.400 0.517 G4 4
55.000 0.517 F#4 4
55.600 0.517 A4 4
56.200 1.117 G#4 4
57.600 0.517 A3 4
58.600 0.317 A3 4
59.000 0.117 A3 4
59.200 0.517 C#4 4
60.200 0.317 C#4 4
60.600 0.117 C#4 4
60.800 0.517 G4 4
61.800 0.317 G4 4
62.200 0.117 G4 4
62.400 0.517 C#5 4
63.400 0.317 C#5 4
63.800 0.117 C#5 4
64.000 0.150 C#5 4
64.400 0.550 G#4 4
65.000 0.183 G#4 7
65.200 0.183 F#4 7
65.400 0.183 E4 7
65.800 0.600 G#4 4
66.600 0.150 G#4 4
66.800 0.350 G#4 4
67.200 0.150 C#5 4
67.600 0.550 G4 4
68.200 0.183 G4 7
68.400 0.183 F#4 7
68.800 0.283 E4 7
69.100 0.183 C#4 7
69.400 1.000 G4 4
70.600 0.150 F#4 4
70.800 0.150 F#4 4
71.000 0.150 C#5 4
71.400 0.550 F#4 4
72.200 0.150 C#4 4
72.400 0.150 C#4 4
72.600 0.350 F#4 4
73.000 0.550 C#4 4
73.600 1.550 C4 4
75.400 0.150 E4 4
75.600 0.150 D#4 4
75.800 0.150 D4 4
76.000 0.150 C#4 4
76.200 0.150 C4 4
76.400 0.150 B3 4
76.600 0.150 A#3 4
76.800 0.350 C#4 6
77.400 1.550 G3 6
80.000 0.517 F#3 4
80.600 0.517 G3 4
81.200 0.517 C#4 4
81.800 0.517 G3 4
82.400 0.317 C4 4
82.800 0.317 B3 4
83.200 0.517 F#3 4
83.800 0.517 G3 4
84.400 0.517 C#4 4
85.000 0.517 G3 4
85.600 0.317 F#3 4
86.000 0.317 G3 4
86.400 0.517 C#4 4
87.000 0.517 D#4 4
87.600 0.517 E4 4
88.200 0.517 D#4 4
88.800 0.317 E4 4
89.200 0.317 G4 4
89.600 0.517 G4 4
90.200 0.517 F#4 4
90.800 0.517 A4 4
91.400 1.117 G#4 4
92.800 0.517 A3 4
93.800 0.317 A3 4
94.200 0.117 A3 4
94.400 0.517 C#4 4
95.400 0.317 C#4 4
95.800 0.117 C#4 4
96.000 0.517 G4 4
97.000 0.317 G4 4
97.400 0.117 G4 4
97.600 0.517 C#5 4
98.600 0.317 C#5 4
99.000 0.117 C#5 4
99.200 0.150 C#5 4
99.600 0.550 G#4 4
100.200 0.183 G#4 7
100.400 0.183 F#4 7
100.600 0.183 E4 7
101.000 0.600 G#4 4
101.800 0.150 G#4 4
102.000 0.350 G#4 4
102.400 0.150 C#5 4
102.800 0.550 G4 4
103.400 0.183 G4 7
103.600 0.183 F#4 7
104.000 0.283 E4 7
104.300 0.183 C#4 7
104.600 1.000 G4 4
105.800 0.150 F#4 4
106.000 0.150 F#4 4
106.200 0.150 C#5 4
106.600 0.550 F#4 4
107.400 0.150 C#4 4
107.600 0.150 C#4 4
107.800 0.350 F#4 4
108.200 0.550 C#4 4
108.800 1.550 C4 4
110.600 0.150 E4 4
110.800 0.150 D#4 4
111.000 0.150 D4 4
111.200 0.150 C#4 4
111.400 0.150 C4 4
111.600 0.150 B3 4
111.800 0.150 A#3 4
112.000 0.350 C#4 6
112.600 1.550 G3 6
115.200 0.517 F#3 4
115.800 0.517 G3 4
116.400 0.517 C#4 4
117.000 0.517 G3 4
117.600 0.317 C4 4
118.000 0.317 B3 4
118.400 0.517 F#3 4
119.000 0.517 G3 4
119.600 0.517 C#4 4
Square2(201)
time dur note vol
3.200 0.150 C4 5
3.400 0.150 C#4 5
3.600 0.150 C4 5
3.800 0.150 C#4 5
4.000 0.167 C4 6
4.200 0.167 C#4 6
4.400 0.167 C4 6
4.600 0.167 C#4 6
4.800 0.183 C4 8
5.000 0.183 C#4 8
5.200 0.183 C4 8
5.400 0.183 C#4 8
5.600 0.183 C4 8
5.800 0.183 C#4 8
6.000 0.183 C4 8
6.200 0.183 C#4 8
6.400 0.350 E4 6
7.000 1.550 C#4 6
9.600 0.533 C4 5
10.200 0.533 C#4 5
10.800 0.533 E4 5
11.400 0.533 C#4 5
12.000 0.333 G4 5
12.400 0.333 F#4 5
12.800 0.533 C4 5
13.400 0.533 C#4 5
14.000 0.533 E4 5
14.600 0.533 C#4 5
15.200 0.333 C4 5
15.600 0.333 C#4 5
16.000 0.533 E4 5
16.600 0.533 F#4 5
17.200 0.533 G4 5
17.800 0.533 F#4 5
18.400 0.333 G4 5
18.800 0.333 B4 5
19.200 0.533 A#4 5
19.800 0.533 A4 5
20.400 0.533 C5 5
21.000 1.133 C#5 5
22.400 0.533 C#4 5
23.400 0.333 C#4 5
23.800 0.133 C#4 5
24.000 0.533 E4 5
25.000 0.333 E4 5
25.400 0.133 E4 5
25.600 0.533 C#5 5
26.600 0.333 C#5 5
27.000 0.133 C#5 5
27.200 0.533 E5 5
28.200 0.333 E5 5
28.600 0.133 E5 5
28.800 0.167 E5 5
29.200 1.967 C#5 5
31.400 0.167 C#5 5
31.600 0.367 D#5 5
32.000 0.167 E5 5
32.400 2.767 C#5 5
35.400 0.167 C#5 5
35.600 0.167 D#5 5
35.800 0.167 E5 5
36.200 0.567 C#5 5
37.000 0.167 F#5 5
37.200 0.167 G#5 5
37.400 0.367 A5 5
37.800 0.567 F#5 5
38.400 1.567 G#5 5
40.200 0.183 G#4 7
40.400 0.183 G4 7
40.600 0.183 F#4 7
40.800 0.183 F4 7
41.000 0.183 E4 7
41.200 0.183 D#4 7
41.400 0.183 D4 7
41.600 0.350 E4 6
42.200 1.550 C#4 6
44.800 0.533 C4 5
45.400 0.533 C#4 5
46.000 0.533 E4 5
46.600 0.533 C#4 5
47.200 0.333 G4 5
47.600 0.333 F#4 5
48.000 0.533 C4 5
48.600 0.533 C#4 5
49.200 0.533 E4 5
49.800 0.533 C#4 5
50.400 0.333 C4 5
50.800 0.333 C#4 5
51.200 0.533 E4 5
51.800 0.533 F#4 5
52.400 0.533 G4 5
53.000 0.533 F#4 5
53.600 0.333 G4 5
54.000 0.333 B4 5
54.400 0.533 A#4 5
55.000 0.533 A4 5
55.600 0.533 C5 5
56.200 1.133 C#5 5
57.600 0.533 C#4 5
58.600 0.333 C#4 5
59.000 0.133 C#4 5
59.200 0.533 E4 5
60.200 0.333 E4 5
60.600 0.133 E4 5
60.800 0.533 C#5 5
61.800 0.333 C#5 5
62.200 0.133 C#5 5
62.400 0.533 E5 5
63.400 0.333 E5 5
63.800 0.133 E5 5
64.000 0.167 E5 5
64.400 1.967 C#5 5
66.600 0.167 C#5 5
66.800 0.367 D#5 5
67.200 0.167 E5 5
67.600 2.767 C#5 5
70.600 0.167 C#5 5
70.800 0.167 D#5 5
71.000 0.167 E5 5
71.400 0.567 C#5 5
72.200 0.167 F#5 5
72.400 0.167 G#5 5
72.600 0.367 A5 5
73.000 0.567 F#5 5
73.600 1.567 G#5 5
75.400 0.183 G#4 7
75.600 0.183 G4 7
75.800 0.183 F#4 7
76.000 0.183 F4 7
76.200 0.183 E4 7
76.400 0.183 D#4 7
76.600 0.183 D4 7
76.800 0.350 E4 6
77.400 1.550 C#4 6
80.000 0.533 C4 5
80.600 0.533 C#4 5
81.200 0.533 E4 5
81.800 0.533 C#4 5
82.400 0.333 G4 5
82.800 0.333 F#4 5
83.200 0.533 C4 5
83.800 0.533 C#4 5
84.400 0.533 E4 5
85.000 0.533 C#4 5
85.600 0.333 C4 5
86.000 0.333 C#4 5
86.400 0.533 E4 5
87.000 0.533 F#4 5
87.600 0.533 G4 5
88.200 0.533 F#4 5
88.800 0.333 G4 5
89.200 0.333 B4 5
89.600 0.533 A#4 5
90.200 0.533 A4 5
90.800 0.533 C5 5
91.400 1.133 C#5 5
92.800 0.533 C#4 5
93.800 0.333 C#4 5
94.200 0.133 C#4 5
94.400 0.533 E4 5
95.400 0.333 E4 5
95.800 0.133 E4 5
96.000 0.533 C#5 5
97.000 0.333 C#5 5
97.400 0.133 C#5 5
97.600 0.533 E5 5
98.600 0.333 E5 5
99.000 0.133 E5 5
99.200 0.167 E5 5
99.600 1.967 C#5 5
101.800 0.167 C#5 5
102.000 0.367 D#5 5
102.400 0.167 E5 5
102.800 2.767 C#5 5
105.800 0.167 C#5 5
106.000 0.167 D#5 5
106.200 0.167 E5 5
106.600 0.567 C#5 5
107.400 0.167 F#5 5
107.600 0.167 G#5 5
107.800 0.367 A5 5
108.200 0.567 F#5 5
108.800 1.567 G#5 5
110.600 0.183 G#4 7
110.800 0.183 G4 7
111.000 0.183 F#4 7
111.200 0.183 F4 7
111.400 0.183 E4 7
111.600 0.183 D#4 7
111.800 0.183 D4 7
112.000 0.350 E4 6
112.600 1.550 C#4 6
115.200 0.533 C4 5
115.800 0.533 C#4 5
116.400 0.533 E4 5
117.000 0.533 C#4 5
117.600 0.333 G4 5
118.000 0.333 F#4 5
118.400 0.533 C4 5
119.000 0.533 C#4 5
119.600 0.533 E4 5
Triangle(543)
time dur note vol
0.000 0.117 C4 15
0.200 0.117 C#4 15
0.400 0.117 C4 15
0.600 0.117 C#4 15
0.800 0.117 C4 15
1.000 0.117 C#4 15
1.200 0.117 C4 15
1.400 0.117 C#4 15
1.600 0.117 C4 15
1.800 0.117 C#4 15
2.000 0.117 C4 15
2.200 0.117 C#4 15
2.400 0.117 C4 15
2.600 0.117 C#4 15
2.800 0.117 C4 15
3.000 0.133 C#4 15
3.200 0.117 C4 15
3.400 0.117 C#4 15
3.600 0.117 C4 15
3.800 0.117 C#4 15
4.000 0.117 C4 15
4.200 0.117 C#4 15
4.400 0.117 C4 15
4.600 0.200 C#4 15
4.800 0.117 C4 15
5.000 0.117 C#4 15
5.200 0.117 C4 15
5.400 0.133 C#4 15
5.600 0.117 C4 15
5.800 0.117 C#4 15
6.000 0.117 C4 15
6.200 0.117 C#4 15
6.400 0.233 C4 15
6.800 0.233 C#4 15
7.200 0.233 C4 15
7.600 0.233 C#4 15
8.000 0.233 C4 15
8.400 0.233 C#4 15
8.800 0.233 C4 15
9.200 0.233 C#4 15
9.600 0.233 C4 15
10.000 0.233 C#4 15
10.400 0.233 C4 15
10.800 0.233 C#4 15
11.200 0.233 C4 15
11.600 0.233 C#4 15
12.000 0.233 C4 15
12.400 0.233 C#4 15
12.800 0.117 C4 15
13.000 0.117 C#4 15
13.200 0.117 C4 15
13.400 0.117 C#4 15
13.600 0.117 C4 15
13.800 0.117 C#4 15
14.000 0.117 C4 15
14.200 0.117 C#4 15
14.400 0.117 C4 15
14.600 0.117 C#4 15
14.800 0.117 C4 15
15.000 0.133 C#4 15
15.200 0.117 C4 15
15.400 0.117 C#4 15
15.600 0.117 C4 15
15.800 0.117 C#4 15
16.000 0.117 C4 15
16.200 0.117 C#4 15
16.400 0.117 C4 15
16.600 0.117 C#4 15
16.800 0.117 C4 15
17.000 0.117 C#4 15
17.200 0.117 C4 15
17.400 0.117 C#4 15
17.600 0.117 C4 15
17.800 0.117 C#4 15
18.000 0.117 C4 15
18.200 0.117 C#4 15
18.400 0.117 C4 15
18.600 0.117 C#4 15
18.800 0.117 C4 15
19.000 0.117 C#4 15
19.200 0.117 C4 15
19.400 0.117 C#4 15
19.600 0.117 C4 15
19.800 0.117 C#4 15
20.000 0.117 C4 15
20.200 0.117 C#4 15
20.400 0.117 C4 15
20.600 0.117 C#4 15
20.800 0.117 C4 15
21.000 0.117 C#4 15
21.200 0.117 C4 15
21.400 0.117 C#4 15
21.600 0.117 C4 15
21.800 0.117 C#4 15
22.000 0.117 C4 15
22.200 0.200 C#4 15
22.400 0.283 E4 15
23.400 0.283 E4 15
23.800 0.200 E4 15
24.000 0.283 G4 15
25.000 0.283 G4 15
25.400 0.200 G4 15
25.600 0.283 E4 15
26.600 0.283 E4 15
27.000 0.200 E4 15
27.200 0.283 G4 15
28.200 0.283 G4 15
28.600 0.200 G4 15
28.800 0.083 C#4 15
29.000 0.083 C#5 15
29.100 0.083 C#5 15
29.200 0.083 C#4 15
29.400 0.083 C#5 15
29.500 0.083 C#5 15
29.600 0.083 C#4 15
29.800 0.083 C#5 15
29.900 0.083 C#5 15
30.000 0.083 C#4 15
30.200 0.083 C#5 15
30.300 0.083 C#5 15
30.400 0.083 C#4 15
30.600 0.083 C#5 15
30.700 0.083 C#5 15
30.800 0.083 C#4 15
31.000 0.083 C#5 15
31.100 0.083 C#5 15
31.200 0.083 C#4 15
31.400 0.083 C#5 15
31.500 0.083 C#5 15
31.600 0.083 C#4 15
31.800 0.083 C#5 15
31.900 0.083 C#5 15
32.000 0.083 A3 15
32.200 0.083 A4 15
32.300 0.083 A4 15
32.400 0.083 A3 15
32.600 0.083 A4 15
32.700 0.083 A4 15
32.800 0.083 A3 15
33.000 0.083 A4 15
33.100 0.083 A4 15
33.200 0.083 A3 15
33.400 0.083 A4 15
33.500 0.083 A4 15
33.600 0.083 A3 15
33.800 0.083 A4 15
33.900 0.083 A4 15
34.000 0.083 A3 15
34.200 0.083 A4 15
34.300 0.083 A4 15
34.400 0.083 A3 15
34.600 0.083 A4 15
34.700 0.083 A4 15
34.800 0.083 A3 15
35.000 0.083 A4 15
35.100 0.083 A4 15
35.200 0.083 F#3 15
35.400 0.083 F#4 15
35.500 0.083 F#4 15
35.600 0.083 F#3 15
35.800 0.083 F#4 15
35.900 0.083 F#4 15
36.000 0.083 F#3 15
36.200 0.083 F#4 15
36.300 0.083 F#4 15
36.400 0.083 F#3 15
36.600 0.083 F#4 15
36.700 0.083 F#4 15
36.800 0.083 F#3 15
37.000 0.083 F#4 15
37.100 0.083 F#4 15
37.200 0.083 F#3 15
37.400 0.083 F#4 15
37.500 0.083 F#4 15
37.600 0.083 F#3 15
37.800 0.083 F#4 15
37.900 0.083 F#4 15
38.000 0.083 F#3 15
38.200 0.083 F#4 15
38.300 0.083 F#4 15
38.400 0.083 G#3 15
38.600 0.083 G#4 15
38.700 0.083 G#4 15
38.800 0.083 G#3 15
39.000 0.083 G#4 15
39.100 0.083 G#4 15
39.200 0.083 G#3 15
39.400 0.083 G#4 15
39.500 0.083 G#4 15
39.600 0.083 G#3 15
39.800 0.083 G#4 15
39.900 0.083 G#4 15
40.000 0.083 G#3 15
40.100 0.083 G#3 15
41.600 0.233 C4 15
42.000 0.233 C#4 15
42.400 0.233 C4 15
42.800 0.233 C#4 15
43.200 0.233 C4 15
43.600 0.233 C#4 15
44.000 0.233 C4 15
44.400 0.233 C#4 15
44.800 0.233 C4 15
45.200 0.233 C#4 15
45.600 0.233 C4 15
46.000 0.233 C#4 15
46.400 0.233 C4 15
46.800 0.233 C#4 15
47.200 0.233 C4 15
47.600 0.233 C#4 15
48.000 0.117 C4 15
48.200 0.117 C#4 15
48.400 0.117 C4 15
48.600 0.117 C#4 15
48.800 0.117 C4 15
49.000 0.117 C#4 15
49.200 0.117 C4 15
49.400 0.117 C#4 15
49.600 0.117 C4 15
49.800 0.117 C#4 15
50.000 0.117 C4 15
50.200 0.117 C#4 15
50.400 0.117 C4 15
50.600 0.133 C#4 15
50.800 0.117 C4 15
51.000 0.117 C#4 15
51.200 0.117 C4 15
51.400 0.117 C#4 15
51.600 0.117 C4 15
51.800 0.117 C#4 15
52.000 0.117 C4 15
52.200 0.117 C#4 15
52.400 0.117 C4 15
52.600 0.117 C#4 15
52.800 0.117 C4 15
53.000 0.133 C#4 15
53.200 0.117 C4 15
53.400 0.117 C#4 15
53.600 0.117 C4 15
53.800 0.117 C#4 15
54.000 0.117 C4 15
54.200 0.117 C#4 15
54.400 0.117 C4 15
54.600 0.117 C#4 15
54.800 0.117 C4 15
55.000 0.117 C#4 15
55.200 0.117 C4 15
55.400 0.133 C#4 15
55.600 0.117 C4 15
55.800 0.117 C#4 15
56.000 0.117 C4 15
56.200 0.117 C#4 15
56.400 0.117 C4 15
56.600 0.117 C#4 15
56.800 0.117 C4 15
57.000 0.117 C#4 15
57.200 0.117 C4 15
57.400 0.200 C#4 15
57.600 0.283 E4 15
58.600 0.283 E4 15
59.000 0.200 E4 15
59.200 0.283 G4 15
60.200 0.283 G4 15
60.600 0.200 G4 15
60.800 0.283 E4 15
61.800 0.283 E4 15
62.200 0.200 E4 15
62.400 0.283 G4 15
63.400 0.283 G4 15
63.800 0.200 G4 15
64.000 0.083 C#4 15
64.200 0.083 C#5 15
64.300 0.083 C#5 15
64.400 0.083 C#4 15
64.600 0.083 C#5 15
64.700 0.083 C#5 15
64.800 0.083 C#4 15
65.000 0.083 C#5 15
65.100 0.083 C#5 15
65.200 0.083 C#4 15
65.400 0.083 C#5 15
65.500 0.083 C#5 15
65.600 0.083 C#4 15
65.800 0.083 C#5 15
65.900 0.083 C#5 15
66.000 0.083 C#4 15
66.200 0.083 C#5 15
66.300 0.083 C#5 15
66.400 0.083 C#4 15
66.600 0.083 C#5 15
66.700 0.083 C#5 15
66.800 0.083 C#4 15
67.000 0.083 C#5 15
67.100 0.083 C#5 15
67.200 0.083 A3 15
67.400 0.083 A4 15
67.500 0.083 A4 15
67.600 0.083 A3 15
67.800 0.083 A4 15
67.900 0.083 A4 15
68.000 0.083 A3 15
68.200 0.083 A4 15
68.300 0.083 A4 15
68.400 0.083 A3 15
68.600 0.083 A4 15
68.700 0.083 A4 15
68.800 0.083 A3 15
69.000 0.083 A4 15
69.100 0.083 A4 15
69.200 0.083 A3 15
69.400 0.083 A4 15
69.500 0.083 A4 15
69.600 0.083 A3 15
69.800 0.083 A4 15
69.900 0.083 A4 15
70.000 0.083 A3 15
70.200 0.083 A4 15
70.300 0.083 A4 15
70.400 0.083 F#3 15
70.600 0.083 F#4 15
70.700 0.083 F#4 15
70.800 0.083 F#3 15
71.000 0.083 F#4 15
71.100 0.083 F#4 15
71.200 0.083 F#3 15
71.400 0.083 F#4 15
71.500 0.083 F#4 15
71.600 0.083 F#3 15
71.800 0.083 F#4 15
71.900 0.083 F#4 15
72.000 0.083 F#3 15
72.200 0.083 F#4 15
72.300 0.083 F#4 15
72.400 0.083 F#3 15
72.600 0.083 F#4 15
72.700 0.083 F#4 15
72.800 0.083 F#3 15
73.000 0.083 F#4 15
73.100 0.083 F#4 15
73.200 0.083 F#3 15
73.400 0.083 F#4 15
73.500 0.083 F#4 15
73.600 0.083 G#3 15
73.800 0.083 G#4 15
73.900 0.083 G#4 15
74.000 0.083 G#3 15
74.200 0.083 G#4 15
74.300 0.083 G#4 15
74.400 0.083 G#3 15
74.600 0.083 G#4 15
74.700 0.083 G#4 15
74.800 0.083 G#3 15
75.000 0.083 G#4 15
75.100 0.083 G#4 15
75.200 0.083 G#3 15
75.300 0.083 G#3 15
76.800 0.233 C4 15
77.200 0.233 C#4 15
77.600 0.233 C4 15
78.000 0.233 C#4 15
78.400 0.233 C4 15
78.800 0.233 C#4 15
79.200 0.233 C4 15
79.600 0.233 C#4 15
80.000 0.233 C4 15
80.400 0.233 C#4 15
80.800 0.233 C4 15
81.200 0.233 C#4 15
81.600 0.233 C4 15
82.000 0.233 C#4 15
82.400 0.233 C4 15
82.800 0.233 C#4 15
83.200 0.117 C4 15
83.400 0.117 C#4 15
83.600 0.117 C4 15
83.800 0.117 C#4 15
84.000 0.117 C4 15
84.200 0.117 C#4 15
84.400 0.117 C4 15
84.600 0.117 C#4 15
84.800 0.117 C4 15
85.000 0.117 C#4 15
85.200 0.117 C4 15
85.400 0.117 C#4 15
85.600 0.117 C4 15
85.800 0.117 C#4 15
86.000 0.117 C4 15
86.200 0.117 C#4 15
86.400 0.117 C4 15
86.600 0.117 C#4 15
86.800 0.117 C4 15
87.000 0.117 C#4 15
87.200 0.117 C4 15
87.400 0.117 C#4 15
87.600 0.117 C4 15
87.800 0.117 C#4 15
88.000 0.117 C4 15
88.200 0.117 C#4 15
88.400 0.117 C4 15
88.600 0.117 C#4 15
88.800 0.117 C4 15
89.000 0.117 C#4 15
89.200 0.117 C4 15
89.400 0.117 C#4 15
89.600 0.117 C4 15
89.800 0.117 C#4 15
90.000 0.117 C4 15
90.200 0.117 C#4 15
90.400 0.117 C4 15
90.600 0.117 C#4 15
90.800 0.117 C4 15
91.000 0.117 C#4 15
91.200 0.117 C4 15
91.400 0.117 C#4 15
91.600 0.117 C4 15
91.800 0.117 C#4 15
92.000 0.117 C4 15
92.200 0.117 C#4 15
92.400 0.117 C4 15
92.600 0.200 C#4 15
92.800 0.283 E4 15
93.800 0.283 E4 15
94.200 0.200 E4 15
94.400 0.283 G4 15
95.400 0.283 G4 15
95.800 0.200 G4 15
96.000 0.283 E4 15
97.000 0.283 E4 15
97.400 0.200 E4 15
97.600 0.283 G4 15
98.600 0.283 G4 15
99.000 0.200 G4 15
99.200 0.083 C#4 15
99.400 0.083 C#5 15
99.500 0.083 C#5 15
99.600 0.083 C#4 15
99.800 0.083 C#5 15
99.900 0.083 C#5 15
100.000 0.083 C#4 15
100.200 0.083 C#5 15
100.300 0.083 C#5 15
100.400 0.083 C#4 15
100.600 0.083 C#5 15
100.700 0.083 C#5 15
100.800 0.083 C#4 15
101.000 0.083 C#5 15
101.100 0.083 C#5 15
101.200 0.083 C#4 15
101.400 0.083 C#5 15
101.500 0.083 C#5 15
101.600 0.083 C#4 15
101.800 0.083 C#5 15
101.900 0.083 C#5 15
102.000 0.083 C#4 15
102.200 0.083 C#5 15
102.300 0.083 C#5 15
102.400 0.083 A3 15
102.600 0.083 A4 15
102.700 0.083 A4 15
102.800 0.083 A3 15
103.000 0.083 A4 15
103.100 0.083 A4 15
103.200 0.083 A3 15
103.400 0.083 A4 15
103.500 0.083 A4 15
103.600 0.083 A3 15
103.800 0.083 A4 15
103.900 0.083 A4 15
104.000 0.083 A3 15
104.200 0.083 A4 15
104.300 0.083 A4 15
104.400 0.083 A3 15
104.600 0.083 A4 15
104.700 0.083 A4 15
104.800 0.083 A3 15
105.000 0.083 A4 15
105.100 0.083 A4 15
105.200 0.083 A3 15
105.400 0.083 A4 15
105.500 0.083 A4 15
105.600 0.083 F#3 15
105.800 0.083 F#4 15
105.900 0.083 F#4 15
106.000 0.083 F#3 15
106.200 0.083 F#4 15
106.300 0.083 F#4 15
106.400 0.083 F#3 15
106.600 0.083 F#4 15
106.700 0.083 F#4 15
106.800 0.083 F#3 15
107.000 0.083 F#4 15
107.100 0.083 F#4 15
107.200 0.083 F#3 15
107.400 0.083 F#4 15
107.500 0.083 F#4 15
107.600 0.083 F#3 15
107.800 0.083 F#4 15
107.900 0.083 F#4 15
108.000 0.083 F#3 15
108.200 0.083 F#4 15
108.300 0.083 F#4 15
108.400 0.083 F#3 15
108.600 0.083 F#4 15
108.700 0.083 F#4 15
108.800 0.083 G#3 15
109.000 0.083 G#4 15
109.100 0.083 G#4 15
109.200 0.083 G#3 15
109.400 0.083 G#4 15
109.500 0.083 G#4 15
109.600 0.083 G#3 15
109.800 0.083 G#4 15
109.900 0.083 G#4 15
110.000 0.083 G#3 15
110.200 0.083 G#4 15
110.300 0.083 G#4 15
110.400 0.083 G#3 15
110.500 0.083 G#3 15
112.000 0.233 C4 15
112.400 0.233 C#4 15
112.800 0.233 C4 15
113.200 0.233 C#4 15
113.600 0.233 C4 15
114.000 0.233 C#4 15
114.400 0.233 C4 15
114.800 0.233 C#4 15
115.200 0.233 C4 15
115.600 0.233 C#4 15
116.000 0.233 C4 15
116.400 0.233 C#4 15
116.800 0.233 C4 15
117.200 0.233 C#4 15
117.600 0.233 C4 15
118.000 0.233 C#4 15
118.400 0.133 C4 15
118.600 0.117 C#4 15
118.800 0.117 C4 15
119.000 0.117 C#4 15
119.200 0.117 C4 15
119.400 0.117 C#4 15
119.600 0.117 C4 15
119.800 0.117 C#4 15
120.000 0.117 C4 15
Noise(1248)
time dur noise vol drum
0.000 0.017 11 8 kick_tight
0.017 0.033 13 3 kick_deep
0.200 0.017 11 8 kick_tight
0.217 0.033 13 3 kick_deep
0.400 0.017 11 8 kick_tight
0.417 0.033 13 3 kick_deep
0.600 0.017 11 8 kick_tight
0.617 0.033 13 3 kick_deep
0.800 0.017 11 8 kick_tight
0.817 0.033 13 3 kick_deep
1.000 0.017 11 8 kick_tight
1.017 0.033 13 3 kick_deep
1.200 0.017 11 8 kick_tight
1.217 0.033 13 3 kick_deep
1.400 0.017 11 8 kick_tight
1.417 0.033 13 3 kick_deep
1.600 0.017 11 8 kick_tight
1.617 0.033 13 3 kick_deep
1.800 0.017 11 8 kick_tight
1.817 0.033 13 3 kick_deep
2.000 0.017 11 8 kick_tight
2.017 0.033 13 3 kick_deep
2.200 0.017 11 8 kick_tight
2.217 0.033 13 3 kick_deep
2.400 0.017 11 8 kick_tight
2.417 0.033 13 3 kick_deep
2.600 0.017 11 8 kick_tight
2.617 0.033 13 3 kick_deep
2.800 0.017 11 8 kick_tight
2.817 0.033 13 3 kick_deep
3.000 0.017 11 8 kick_tight
3.017 0.033 13 3 kick_deep
3.200 0.017 11 8 kick_tight
3.217 0.033 13 3 kick_deep
3.400 0.017 11 8 kick_tight
3.417 0.033 13 3 kick_deep
3.600 0.017 11 8 kick_tight
3.617 0.033 13 3 kick_deep
3.800 0.017 11 8 kick_tight
3.817 0.033 13 3 kick_deep
4.000 0.017 11 8 kick_tight
4.017 0.033 13 3 kick_deep
4.200 0.017 11 8 kick_tight
4.217 0.033 13 3 kick_deep
4.400 0.017 11 8 kick_tight
4.417 0.033 13 3 kick_deep
4.600 0.017 11 8 kick_tight
4.617 0.033 13 3 kick_deep
4.700 0.017 11 8 kick_tight
4.717 0.033 13 3 kick_deep
4.800 0.017 11 8 kick_tight
4.817 0.033 13 3 kick_deep
5.000 0.017 11 8 kick_tight
5.017 0.033 13 3 kick_deep
5.200 0.017 11 8 kick_tight
5.217 0.033 13 3 kick_deep
5.400 0.017 11 8 kick_tight
5.417 0.033 13 3 kick_deep
5.600 0.017 11 8 kick_tight
5.617 0.033 13 3 kick_deep
5.800 0.100 8 6 tom_high
5.900 0.050 13 1 kick_deep
6.000 0.100 8 6 tom_high
6.100 0.050 13 1 kick_deep
6.200 0.100 8 6 tom_high
6.300 0.050 13 1 kick_deep
6.400 0.017 11 8 kick_tight
6.417 0.033 13 3 kick_deep
6.600 0.017 11 8 kick_tight
6.617 0.033 13 3 kick_deep
6.800 0.017 11 8 kick_tight
6.817 0.033 13 3 kick_deep
7.000 0.017 11 8 kick_tight
7.017 0.033 13 3 kick_deep
7.200 0.017 11 8 kick_tight
7.217 0.033 13 3 kick_deep
7.400 0.017 11 8 kick_tight
7.417 0.033 13 3 kick_deep
7.600 0.017 11 8 kick_tight
7.617 0.033 13 3 kick_deep
7.800 0.017 11 8 kick_tight
7.817 0.033 13 3 kick_deep
8.000 0.017 11 8 kick_tight
8.017 0.033 13 3 kick_deep
8.200 0.017 11 8 kick_tight
8.217 0.033 13 3 kick_deep
8.400 0.017 11 8 kick_tight
8.417 0.033 13 3 kick_deep
8.600 0.017 11 8 kick_tight
8.617 0.033 13 3 kick_deep
8.800 0.017 11 8 kick_tight
8.817 0.033 13 3 kick_deep
9.000 0.017 11 8 kick_tight
9.017 0.033 13 3 kick_deep
9.200 0.017 11 8 kick_tight
9.217 0.033 13 3 kick_deep
9.400 0.200 8 6 tom_high
9.600 0.050 13 1 kick_deep
9.800 0.017 11 8 kick_tight
9.817 0.033 13 3 kick_deep
10.000 0.017 11 8 kick_tight
10.017 0.033 13 3 kick_deep
10.200 0.017 11 8 kick_tight
10.217 0.033 13 3 kick_deep
10.400 0.017 11 8 kick_tight
10.417 0.033 13 3 kick_deep
10.600 0.017 11 8 kick_tight
10.617 0.033 13 3 kick_deep
10.800 0.017 11 8 kick_tight
10.817 0.033 13 3 kick_deep
11.000 0.017 11 8 kick_tight
11.017 0.033 13 3 kick_deep
11.200 0.017 11 8 kick_tight
11.217 0.033 13 3 kick_deep
11.400 0.017 11 8 kick_tight
11.417 0.033 13 3 kick_deep
11.600 0.017 11 8 kick_tight
11.617 0.033 13 3 kick_deep
11.800 0.017 11 8 kick_tight
11.817 0.033 13 3 kick_deep
12.000 0.017 11 8 kick_tight
12.017 0.033 13 3 kick_deep
12.200 0.017 11 8 kick_tight
12.217 0.033 13 3 kick_deep
12.400 0.100 8 6 tom_high
12.500 0.050 13 1 kick_deep
12.600 0.200 8 6 tom_high
12.800 0.050 13 1 kick_deep
13.000 0.017 11 8 kick_tight
13.017 0.033 13 3 kick_deep
13.200 0.100 8 6 tom_high
13.300 0.050 13 1 kick_deep
13.400 0.017 11 8 kick_tight
13.417 0.033 13 3 kick_deep
13.600 0.017 11 8 kick_tight
13.617 0.033 13 3 kick_deep
13.800 0.017 11 8 kick_tight
13.817 0.033 13 3 kick_deep
14.000 0.100 8 6 tom_high
14.100 0.050 13 1 kick_deep
14.200 0.017 11 8 kick_tight
14.217 0.033 13 3 kick_deep
14.400 0.017 11 8 kick_tight
14.417 0.033 13 3 kick_deep
14.600 0.017 11 8 kick_tight
14.617 0.033 13 3 kick_deep
14.800 0.100 8 6 tom_high
14.900 0.050 13 1 kick_deep
15.000 0.017 11 8 kick_tight
15.017 0.033 13 3 kick_deep
15.200 0.100 8 6 tom_high
15.300 0.050 13 1 kick_deep
15.400 0.100 8 6 tom_high
15.500 0.050 13 1 kick_deep
15.600 0.017 11 8 kick_tight
15.617 0.033 13 3 kick_deep
15.800 0.017 11 8 kick_tight
15.817 0.033 13 3 kick_deep
16.000 0.017 11 8 kick_tight
16.017 0.033 13 3 kick_deep
16.200 0.017 11 8 kick_tight
16.217 0.033 13 3 kick_deep
16.400 0.100 8 6 tom_high
16.500 0.050 13 1 kick_deep
16.600 0.017 11 8 kick_tight
16.617 0.033 13 3 kick_deep
16.800 0.017 11 8 kick_tight
16.817 0.033 13 3 kick_deep
17.000 0.017 11 8 kick_tight
17.017 0.033 13 3 kick_deep
17.200 0.100 8 6 tom_high
17.300 0.050 13 1 kick_deep
17.400 0.017 11 8 kick_tight
17.417 0.033 13 3 kick_deep
17.600 0.017 11 8 kick_tight
17.617 0.033 13 3 kick_deep
17.800 0.017 11 8 kick_tight
17.817 0.033 13 3 kick_deep
18.000 0.100 8 6 tom_high
18.100 0.050 13 1 kick_deep
18.200 0.017 11 8 kick_tight
18.217 0.033 13 3 kick_deep
18.400 0.100 8 6 tom_high
18.500 0.050 13 1 kick_deep
18.600 0.100 8 6 tom_high
18.700 0.050 13 1 kick_deep
18.800 0.017 11 8 kick_tight
18.817 0.033 13 3 kick_deep
19.000 0.017 11 8 kick_tight
19.017 0.033 13 3 kick_deep
19.200 0.017 11 8 kick_tight
19.217 0.033 13 3 kick_deep
19.400 0.017 11 8 kick_tight
19.417 0.033 13 3 kick_deep
19.600 0.100 8 6 tom_high
19.700 0.050 13 1 kick_deep
19.800 0.017 11 8 kick_tight
19.817 0.033 13 3 kick_deep
20.000 0.017 11 8 kick_tight
20.017 0.033 13 3 kick_deep
20.200 0.017 11 8 kick_tight
20.217 0.033 13 3 kick_deep
20.400 0.100 8 6 tom_high
20.500 0.050 13 1 kick_deep
20.600 0.017 11 8 kick_tight
20.617 0.033 13 3 kick_deep
20.800 0.017 11 8 kick_tight
20.817 0.033 13 3 kick_deep
21.000 0.017 11 8 kick_tight
21.017 0.033 13 3 kick_deep
21.200 0.100 8 6 tom_high
21.300 0.050 13 1 kick_deep
21.400 0.017 11 8 kick_tight
21.417 0.033 13 3 kick_deep
21.600 0.017 11 8 kick_tight
21.617 0.033 13 3 kick_deep
21.800 0.017 11 8 kick_tight
21.817 0.033 13 3 kick_deep
22.000 0.100 8 6 tom_high
22.100 0.050 13 1 kick_deep
22.200 0.200 8 6 tom_high
22.400 0.050 13 1 kick_deep
22.800 0.100 8 6 tom_high
22.900 0.050 13 1 kick_deep
23.000 0.017 11 8 kick_tight
23.017 0.033 13 3 kick_deep
23.100 0.100 8 6 tom_high
23.200 0.050 13 1 kick_deep
23.400 0.017 11 8 kick_tight
23.417 0.033 13 3 kick_deep
23.600 0.017 11 8 kick_tight
23.617 0.033 13 3 kick_deep
23.800 0.200 8 6 tom_high
24.000 0.050 13 1 kick_deep
24.400 0.100 8 6 tom_high
24.500 0.050 13 1 kick_deep
24.600 0.017 11 8 kick_tight
24.617 0.033 13 3 kick_deep
24.700 0.100 8 6 tom_high
24.800 0.050 13 1 kick_deep
25.000 0.017 11 8 kick_tight
25.017 0.033 13 3 kick_deep
25.200 0.017 11 8 kick_tight
25.217 0.033 13 3 kick_deep
25.400 0.200 8 6 tom_high
25.600 0.050 13 1 kick_deep
26.000 0.100 8 6 tom_high
26.100 0.050 13 1 kick_deep
26.200 0.017 11 8 kick_tight
26.217 0.033 13 3 kick_deep
26.300 0.100 8 6 tom_high
26.400 0.050 13 1 kick_deep
26.600 0.017 11 8 kick_tight
26.617 0.033 13 3 kick_deep
26.800 0.017 11 8 kick_tight
26.817 0.033 13 3 kick_deep
27.000 0.200 8 6 tom_high
27.200 0.050 13 1 kick_deep
27.400 0.017 11 8 kick_tight
27.417 0.033 13 3 kick_deep
27.600 0.100 8 6 tom_high
27.700 0.050 13 1 kick_deep
27.800 0.017 11 8 kick_tight
27.817 0.033 13 3 kick_deep
27.900 0.200 8 6 tom_high
28.100 0.050 13 1 kick_deep
28.200 0.100 8 6 tom_high
28.300 0.050 13 1 kick_deep
28.400 0.017 11 8 kick_tight
28.417 0.033 13 3 kick_deep
28.600 0.200 8 6 tom_high
28.800 0.050 13 1 kick_deep
29.000 0.017 11 8 kick_tight
29.017 0.033 13 3 kick_deep
29.100 0.017 11 8 kick_tight
29.117 0.033 13 3 kick_deep
29.200 0.100 8 6 tom_high
29.300 0.050 13 1 kick_deep
29.400 0.017 11 8 kick_tight
29.417 0.033 13 3 kick_deep
29.500 0.017 11 8 kick_tight
29.517 0.033 13 3 kick_deep
29.600 0.017 11 8 kick_tight
29.617 0.033 13 3 kick_deep
29.800 0.017 11 8 kick_tight
29.817 0.033 13 3 kick_deep
29.900 0.017 11 8 kick_tight
29.917 0.033 13 3 kick_deep
30.000 0.100 8 6 tom_high
30.100 0.050 13 1 kick_deep
30.200 0.017 11 8 kick_tight
30.217 0.033 13 3 kick_deep
30.300 0.017 11 8 kick_tight
30.317 0.033 13 3 kick_deep
30.400 0.017 11 8 kick_tight
30.417 0.033 13 3 kick_deep
30.600 0.017 11 8 kick_tight
30.617 0.033 13 3 kick_deep
30.700 0.017 11 8 kick_tight
30.717 0.033 13 3 kick_deep
30.800 0.100 8 6 tom_high
30.900 0.050 13 1 kick_deep
31.000 0.200 8 6 tom_high
31.200 0.050 13 1 kick_deep
31.400 0.017 11 8 kick_tight
31.417 0.033 13 3 kick_deep
31.500 0.017 11 8 kick_tight
31.517 0.033 13 3 kick_deep
31.600 0.100 8 6 tom_high
31.700 0.050 13 1 kick_deep
31.800 0.017 11 8 kick_tight
31.817 0.033 13 3 kick_deep
31.900 0.017 11 8 kick_tight
31.917 0.033 13 3 kick_deep
32.000 0.017 11 8 kick_tight
32.017 0.033 13 3 kick_deep
32.200 0.017 11 8 kick_tight
32.217 0.033 13 3 kick_deep
32.300 0.017 11 8 kick_tight
32.317 0.033 13 3 kick_deep
32.400 0.100 8 6 tom_high
32.500 0.050 13 1 kick_deep
32.600 0.017 11 8 kick_tight
32.617 0.033 13 3 kick_deep
32.700 0.017 11 8 kick_tight
32.717 0.033 13 3 kick_deep
32.800 0.017 11 8 kick_tight
32.817 0.033 13 3 kick_deep
33.000 0.017 11 8 kick_tight
33.017 0.033 13 3 kick_deep
33.100 0.017 11 8 kick_tight
33.117 0.033 13 3 kick_deep
33.200 0.100 8 6 tom_high
33.300 0.050 13 1 kick_deep
33.400 0.017 11 8 kick_tight
33.417 0.033 13 3 kick_deep
33.500 0.017 11 8 kick_tight
33.517 0.033 13 3 kick_deep
33.600 0.017 11 8 kick_tight
33.617 0.033 13 3 kick_deep
33.800 0.017 11 8 kick_tight
33.817 0.033 13 3 kick_deep
33.900 0.017 11 8 kick_tight
33.917 0.033 13 3 kick_deep
34.000 0.100 8 6 tom_high
34.100 0.050 13 1 kick_deep
34.200 0.200 8 6 tom_high
34.400 0.050 13 1 kick_deep
34.600 0.017 11 8 kick_tight
34.617 0.033 13 3 kick_deep
34.700 0.017 11 8 kick_tight
34.717 0.033 13 3 kick_deep
34.800 0.017 11 8 kick_tight
34.817 0.033 13 3 kick_deep
34.900 0.300 8 6 tom_high
35.200 0.050 13 1 kick_deep
35.400 0.017 11 8 kick_tight
35.417 0.033 13 3 kick_deep
35.500 0.017 11 8 kick_tight
35.517 0.033 13 3 kick_deep
35.600 0.100 8 6 tom_high
35.700 0.050 13 1 kick_deep
35.800 0.017 11 8 kick_tight
35.817 0.033 13 3 kick_deep
35.900 0.017 11 8 kick_tight
35.917 0.033 13 3 kick_deep
36.000 0.017 11 8 kick_tight
36.017 0.033 13 3 kick_deep
36.200 0.017 11 8 kick_tight
36.217 0.033 13 3 kick_deep
36.300 0.017 11 8 kick_tight
36.317 0.033 13 3 kick_deep
36.400 0.100 8 6 tom_high
36.500 0.050 13 1 kick_deep
36.600 0.017 11 8 kick_tight
36.617 0.033 13 3 kick_deep
36.700 0.017 11 8 kick_tight
36.717 0.033 13 3 kick_deep
36.800 0.017 11 8 kick_tight
36.817 0.033 13 3 kick_deep
37.000 0.017 11 8 kick_tight
37.017 0.033 13 3 kick_deep
37.100 0.017 11 8 kick_tight
37.117 0.033 13 3 kick_deep
37.200 0.100 8 6 tom_high
37.300 0.050 13 1 kick_deep
37.400 0.017 11 8 kick_tight
37.417 0.033 13 3 kick_deep
37.500 0.017 11 8 kick_tight
37.517 0.033 13 3 kick_deep
37.600 0.017 11 8 kick_tight
37.617 0.033 13 3 kick_deep
37.800 0.017 11 8 kick_tight
37.817 0.033 13 3 kick_deep
37.900 0.017 11 8 kick_tight
37.917 0.033 13 3 kick_deep
38.000 0.100 8 6 tom_high
38.100 0.050 13 1 kick_deep
38.200 0.017 11 8 kick_tight
38.217 0.033 13 3 kick_deep
38.300 0.017 11 8 kick_tight
38.317 0.033 13 3 kick_deep
38.400 0.017 11 8 kick_tight
38.417 0.033 13 3 kick_deep
38.600 0.017 11 8 kick_tight
38.617 0.033 13 3 kick_deep
38.700 0.017 11 8 kick_tight
38.717 0.033 13 3 kick_deep
38.800 0.100 8 6 tom_high
38.900 0.050 13 1 kick_deep
39.000 0.017 11 8 kick_tight
39.017 0.033 13 3 kick_deep
39.100 0.017 11 8 kick_tight
39.117 0.033 13 3 kick_deep
39.200 0.017 11 8 kick_tight
39.217 0.033 13 3 kick_deep
39.400 0.017 11 8 kick_tight
39.417 0.033 13 3 kick_deep
39.500 0.017 11 8 kick_tight
39.517 0.033 13 3 kick_deep
39.600 0.100 8 6 tom_high
39.700 0.050 13 1 kick_deep
39.800 0.400 8 6 tom_high
40.200 0.050 13 1 kick_deep
40.400 0.017 11 8 kick_tight
40.417 0.033 13 3 kick_deep
40.600 0.017 11 8 kick_tight
40.617 0.033 13 3 kick_deep
40.800 0.017 11 8 kick_tight
40.817 0.033 13 3 kick_deep
41.000 0.017 11 8 kick_tight
41.017 0.033 13 3 kick_deep
41.200 0.100 8 6 tom_high
41.300 0.050 13 1 kick_deep
41.400 0.200 8 6 tom_high
41.600 0.050 13 1 kick_deep
41.800 0.017 11 8 kick_tight
41.817 0.033 13 3 kick_deep
42.000 0.017 11 8 kick_tight
42.017 0.033 13 3 kick_deep
42.200 0.017 11 8 kick_tight
42.217 0.033 13 3 kick_deep
42.400 0.017 11 8 kick_tight
42.417 0.033 13 3 kick_deep
42.600 0.017 11 8 kick_tight
42.617 0.033 13 3 kick_deep
42.800 0.017 11 8 kick_tight
42.817 0.033 13 3 kick_deep
43.000 0.017 11 8 kick_tight
43.017 0.033 13 3 kick_deep
43.200 0.017 11 8 kick_tight
43.217 0.033 13 3 kick_deep
43.400 0.017 11 8 kick_tight
43.417 0.033 13 3 kick_deep
43.600 0.017 11 8 kick_tight
43.617 0.033 13 3 kick_deep
43.800 0.017 11 8 kick_tight
43.817 0.033 13 3 kick_deep
44.000 0.017 11 8 kick_tight
44.017 0.033 13 3 kick_deep
44.200 0.017 11 8 kick_tight
44.217 0.033 13 3 kick_deep
44.400 0.017 11 8 kick_tight
44.417 0.033 13 3 kick_deep
44.600 0.200 8 6 tom_high
44.800 0.050 13 1 kick_deep
45.000 0.017 11 8 kick_tight
45.017 0.033 13 3 kick_deep
45.200 0.017 11 8 kick_tight
45.217 0.033 13 3 kick_deep
45.400 0.017 11 8 kick_tight
45.417 0.033 13 3 kick_deep
45.600 0.017 11 8 kick_tight
45.617 0.033 13 3 kick_deep
45.800 0.017 11 8 kick_tight
45.817 0.033 13 3 kick_deep
46.000 0.017 11 8 kick_tight
46.017 0.033 13 3 kick_deep
46.200 0.017 11 8 kick_tight
46.217 0.033 13 3 kick_deep
46.400 0.017 11 8 kick_tight
46.417 0.033 13 3 kick_deep
46.600 0.017 11 8 kick_tight
46.617 0.033 13 3 kick_deep
46.800 0.017 11 8 kick_tight
46.817 0.033 13 3 kick_deep
47.000 0.017 11 8 kick_tight
47.017 0.033 13 3 kick_deep
47.200 0.017 11 8 kick_tight
47.217 0.033 13 3 kick_deep
47.400 0.017 11 8 kick_tight
47.417 0.033 13 3 kick_deep
47.600 0.100 8 6 tom_high
47.700 0.050 13 1 kick_deep
47.800 0.200 8 6 tom_high
48.000 0.050 13 1 kick_deep
48.200 0.017 11 8 kick_tight
48.217 0.033 13 3 kick_deep
48.400 0.100 8 6 tom_high
48.500 0.050 13 1 kick_deep
48.600 0.017 11 8 kick_tight
48.617 0.033 13 3 kick_deep
48.800 0.017 11 8 kick_tight
48.817 0.033 13 3 kick_deep
49.000 0.017 11 8 kick_tight
49.017 0.033 13 3 kick_deep
49.200 0.100 8 6 tom_high
49.300 0.050 13 1 kick_deep
49.400 0.017 11 8 kick_tight
49.417 0.033 13 3 kick_deep
49.600 0.017 11 8 kick_tight
49.617 0.033 13 3 kick_deep
49.800 0.017 11 8 kick_tight
49.817 0.033 13 3 kick_deep
50.000 0.100 8 6 tom_high
50.100 0.050 13 1 kick_deep
50.200 0.017 11 8 kick_tight
50.217 0.033 13 3 kick_deep
50.400 0.100 8 6 tom_high
50.500 0.050 13 1 kick_deep
50.600 0.100 8 6 tom_high
50.700 0.050 13 1 kick_deep
50.800 0.017 11 8 kick_tight
50.817 0.033 13 3 kick_deep
51.000 0.017 11 8 kick_tight
51.017 0.033 13 3 kick_deep
51.200 0.017 11 8 kick_tight
51.217 0.033 13 3 kick_deep
51.400 0.017 11 8 kick_tight
51.417 0.033 13 3 kick_deep
51.600 0.100 8 6 tom_high
51.700 0.050 13 1 kick_deep
51.800 0.017 11 8 kick_tight
51.817 0.033 13 3 kick_deep
52.000 0.017 11 8 kick_tight
52.017 0.033 13 3 kick_deep
52.200 0.017 11 8 kick_tight
52.217 0.033 13 3 kick_deep
52.400 0.100 8 6 tom_high
52.500 0.050 13 1 kick_deep
52.600 0.017 11 8 kick_tight
52.617 0.033 13 3 kick_deep
52.800 0.017 11 8 kick_tight
52.817 0.033 13 3 kick_deep
53.000 0.017 11 8 kick_tight
53.017 0.033 13 3 kick_deep
53.200 0.100 8 6 tom_high
53.300 0.050 13 1 kick_deep
53.400 0.017 11 8 kick_tight
53.417 0.033 13 3 kick_deep
53.600 0.100 8 6 tom_high
53.700 0.050 13 1 kick_deep
53.800 0.100 8 6 tom_high
53.900 0.050 13 1 kick_deep
54.000 0.017 11 8 kick_tight
54.017 0.033 13 3 kick_deep
54.200 0.017 11 8 kick_tight
54.217 0.033 13 3 kick_deep
54.400 0.017 11 8 kick_tight
54.417 0.033 13 3 kick_deep
54.600 0.017 11 8 kick_tight
54.617 0.033 13 3 kick_deep
54.800 0.100 8 6 tom_high
54.900 0.050 13 1 kick_deep
55.000 0.017 11 8 kick_tight
55.017 0.033 13 3 kick_deep
55.200 0.017 11 8 kick_tight
55.217 0.033 13 3 kick_deep
55.400 0.017 11 8 kick_tight
55.417 0.033 13 3 kick_deep
55.600 0.100 8 6 tom_high
55.700 0.050 13 1 kick_deep
55.800 0.017 11 8 kick_tight
55.817 0.033 13 3 kick_deep
56.000 0.017 11 8 kick_tight
56.017 0.033 13 3 kick_deep
56.200 0.017 11 8 kick_tight
56.217 0.033 13 3 kick_deep
56.400 0.100 8 6 tom_high
56.500 0.050 13 1 kick_deep
56.600 0.017 11 8 kick_tight
56.617 0.033 13 3 kick_deep
56.800 0.017 11 8 kick_tight
56.817 0.033 13 3 kick_deep
57.000 0.017 11 8 kick_tight
57.017 0.033 13 3 kick_deep
57.200 0.100 8 6 tom_high
57.300 0.050 13 1 kick_deep
57.400 0.200 8 6 tom_high
57.600 0.050 13 1 kick_deep
58.000 0.100 8 6 tom_high
58.100 0.050 13 1 kick_deep
58.200 0.017 11 8 kick_tight
58.217 0.033 13 3 kick_deep
58.300 0.100 8 6 tom_high
58.400 0.050 13 1 kick_deep
58.600 0.017 11 8 kick_tight
58.617 0.033 13 3 kick_deep
58.800 0.017 11 8 kick_tight
58.817 0.033 13 3 kick_deep
59.000 0.200 8 6 tom_high
59.200 0.050 13 1 kick_deep
59.600 0.100 8 6 tom_high
59.700 0.050 13 1 kick_deep
59.800 0.017 11 8 kick_tight
59.817 0.033 13 3 kick_deep
59.900 0.100 8 6 tom_high
60.000 0.050 13 1 kick_deep
60.200 0.017 11 8 kick_tight
60.217 0.033 13 3 kick_deep
60.400 0.017 11 8 kick_tight
60.417 0.033 13 3 kick_deep
60.600 0.200 8 6 tom_high
60.800 0.050 13 1 kick_deep
61.200 0.100 8 6 tom_high
61.300 0.050 13 1 kick_deep
61.400 0.017 11 8 kick_tight
61.417 0.033 13 3 kick_deep
61.500 0.100 8 6 tom_high
61.600 0.050 13 1 kick_deep
61.800 0.017 11 8 kick_tight
61.817 0.033 13 3 kick_deep
62.000 0.017 11 8 kick_tight
62.017 0.033 13 3 kick_deep
62.200 0.200 8 6 tom_high
62.400 0.050 13 1 kick_deep
62.600 0.017 11 8 kick_tight
62.617 0.033 13 3 kick_deep
62.800 0.100 8 6 tom_high
62.900 0.050 13 1 kick_deep
63.000 0.017 11 8 kick_tight
63.017 0.033 13 3 kick_deep
63.100 0.200 8 6 tom_high
63.300 0.050 13 1 kick_deep
63.400 0.100 8 6 tom_high
63.500 0.050 13 1 kick_deep
63.600 0.017 11 8 kick_tight
63.617 0.033 13 3 kick_deep
63.800 0.200 8 6 tom_high
64.000 0.050 13 1 kick_deep
64.200 0.017 11 8 kick_tight
64.217 0.033 13 3 kick_deep
64.300 0.017 11 8 kick_tight
64.317 0.033 13 3 kick_deep
64.400 0.100 8 6 tom_high
64.500 0.050 13 1 kick_deep
64.600 0.017 11 8 kick_tight
64.617 0.033 13 3 kick_deep
64.700 0.017 11 8 kick_tight
64.717 0.033 13 3 kick_deep
64.800 0.017 11 8 kick_tight
64.817 0.033 13 3 kick_deep
65.000 0.017 11 8 kick_tight
65.017 0.033 13 3 kick_deep
65.100 0.017 11 8 kick_tight
65.117 0.033 13 3 kick_deep
65.200 0.100 8 6 tom_high
65.300 0.050 13 1 kick_deep
65.400 0.017 11 8 kick_tight
65.417 0.033 13 3 kick_deep
65.500 0.017 11 8 kick_tight
65.517 0.033 13 3 kick_deep
65.600 0.017 11 8 kick_tight
65.617 0.033 13 3 kick_deep
65.800 0.017 11 8 kick_tight
65.817 0.033 13 3 kick_deep
65.900 0.017 11 8 kick_tight
65.917 0.033 13 3 kick_deep
66.000 0.100 8 6 tom_high
66.100 0.050 13 1 kick_deep
66.200 0.200 8 6 tom_high
66.400 0.050 13 1 kick_deep
66.600 0.017 11 8 kick_tight
66.617 0.033 13 3 kick_deep
66.700 0.017 11 8 kick_tight
66.717 0.033 13 3 kick_deep
66.800 0.100 8 6 tom_high
66.900 0.050 13 1 kick_deep
67.000 0.017 11 8 kick_tight
67.017 0.033 13 3 kick_deep
67.100 0.017 11 8 kick_tight
67.117 0.033 13 3 kick_deep
67.200 0.017 11 8 kick_tight
67.217 0.033 13 3 kick_deep
67.400 0.017 11 8 kick_tight
67.417 0.033 13 3 kick_deep
67.500 0.017 11 8 kick_tight
67.517 0.033 13 3 kick_deep
67.600 0.100 8 6 tom_high
67.700 0.050 13 1 kick_deep
67.800 0.017 11 8 kick_tight
67.817 0.033 13 3 kick_deep
67.900 0.017 11 8 kick_tight
67.917 0.033 13 3 kick_deep
68.000 0.017 11 8 kick_tight
68.017 0.033 13 3 kick_deep
68.200 0.017 11 8 kick_tight
68.217 0.033 13 3 kick_deep
68.300 0.017 11 8 kick_tight
68.317 0.033 13 3 kick_deep
68.400 0.100 8 6 tom_high
68.500 0.050 13 1 kick_deep
68.600 0.017 11 8 kick_tight
68.617 0.033 13 3 kick_deep
68.700 0.017 11 8 kick_tight
68.717 0.033 13 3 kick_deep
68.800 0.017 11 8 kick_tight
68.817 0.033 13 3 kick_deep
69.000 0.017 11 8 kick_tight
69.017 0.033 13 3 kick_deep
69.100 0.017 11 8 kick_tight
69.117 0.033 13 3 kick_deep
69.200 0.100 8 6 tom_high
69.300 0.050 13 1 kick_deep
69.400 0.200 8 6 tom_high
69.600 0.050 13 1 kick_deep
69.800 0.017 11 8 kick_tight
69.817 0.033 13 3 kick_deep
69.900 0.017 11 8 kick_tight
69.917 0.033 13 3 kick_deep
70.000 0.017 11 8 kick_tight
70.017 0.033 13 3 kick_deep
70.100 0.300 8 6 tom_high
70.400 0.050 13 1 kick_deep
70.600 0.017 11 8 kick_tight
70.617 0.033 13 3 kick_deep
70.700 0.017 11 8 kick_tight
70.717 0.033 13 3 kick_deep
70.800 0.100 8 6 tom_high
70.900 0.050 13 1 kick_deep
71.000 0.017 11 8 kick_tight
71.017 0.033 13 3 kick_deep
71.100 0.017 11 8 kick_tight
71.117 0.033 13 3 kick_deep
71.200 0.017 11 8 kick_tight
71.217 0.033 13 3 kick_deep
71.400 0.017 11 8 kick_tight
71.417 0.033 13 3 kick_deep
71.500 0.017 11 8 kick_tight
71.517 0.033 13 3 kick_deep
71.600 0.100 8 6 tom_high
71.700 0.050 13 1 kick_deep
71.800 0.017 11 8 kick_tight
71.817 0.033 13 3 kick_deep
71.900 0.017 11 8 kick_tight
71.917 0.033 13 3 kick_deep
72.000 0.017 11 8 kick_tight
72.017 0.033 13 3 kick_deep
72.200 0.017 11 8 kick_tight
72.217 0.033 13 3 kick_deep
72.300 0.017 11 8 kick_tight
72.317 0.033 13 3 kick_deep
72.400 0.100 8 6 tom_high
72.500 0.050 13 1 kick_deep
72.600 0.017 11 8 kick_tight
72.617 0.033 13 3 kick_deep
72.700 0.017 11 8 kick_tight
72.717 0.033 13 3 kick_deep
72.800 0.017 11 8 kick_tight
72.817 0.033 13 3 kick_deep
73.000 0.017 11 8 kick_tight
73.017 0.033 13 3 kick_deep
73.100 0.017 11 8 kick_tight
73.117 0.033 13 3 kick_deep
73.200 0.100 8 6 tom_high
73.300 0.050 13 1 kick_deep
73.400 0.017 11 8 kick_tight
73.417 0.033 13 3 kick_deep
73.500 0.017 11 8 kick_tight
73.517 0.033 13 3 kick_deep
73.600 0.017 11 8 kick_tight
73.617 0.033 13 3 kick_deep
73.800 0.017 11 8 kick_tight
73.817 0.033 13 3 kick_deep
73.900 0.017 11 8 kick_tight
73.917 0.033 13 3 kick_deep
74.000 0.100 8 6 tom_high
74.100 0.050 13 1 kick_deep
74.200 0.017 11 8 kick_tight
74.217 0.033 13 3 kick_deep
74.300 0.017 11 8 kick_tight
74.317 0.033 13 3 kick_deep
74.400 0.017 11 8 kick_tight
74.417 0.033 13 3 kick_deep
74.600 0.017 11 8 kick_tight
74.617 0.033 13 3 kick_deep
74.700 0.017 11 8 kick_tight
74.717 0.033 13 3 kick_deep
74.800 0.100 8 6 tom_high
74.900 0.050 13 1 kick_deep
75.000 0.400 8 6 tom_high
75.400 0.050 13 1 kick_deep
75.600 0.017 11 8 kick_tight
75.617 0.033 13 3 kick_deep
75.800 0.017 11 8 kick_tight
75.817 0.033 13 3 kick_deep
76.000 0.017 11 8 kick_tight
76.017 0.033 13 3 kick_deep
76.200 0.017 11 8 kick_tight
76.217 0.033 13 3 kick_deep
76.400 0.100 8 6 tom_high
76.500 0.050 13 1 kick_deep
76.600 0.200 8 6 tom_high
76.800 0.050 13 1 kick_deep
77.000 0.017 11 8 kick_tight
77.017 0.033 13 3 kick_deep
77.200 0.017 11 8 kick_tight
77.217 0.033 13 3 kick_deep
77.400 0.017 11 8 kick_tight
77.417 0.033 13 3 kick_deep
77.600 0.017 11 8 kick_tight
77.617 0.033 13 3 kick_deep
77.800 0.017 11 8 kick_tight
77.817 0.033 13 3 kick_deep
78.000 0.017 11 8 kick_tight
78.017 0.033 13 3 kick_deep
78.200 0.017 11 8 kick_tight
78.217 0.033 13 3 kick_deep
78.400 0.017 11 8 kick_tight
78.417 0.033 13 3 kick_deep
78.600 0.017 11 8 kick_tight
78.617 0.033 13 3 kick_deep
78.800 0.017 11 8 kick_tight
78.817 0.033 13 3 kick_deep
79.000 0.017 11 8 kick_tight
79.017 0.033 13 3 kick_deep
79.200 0.017 11 8 kick_tight
79.217 0.033 13 3 kick_deep
79.400 0.017 11 8 kick_tight
79.417 0.033 13 3 kick_deep
79.600 0.017 11 8 kick_tight
79.617 0.033 13 3 kick_deep
79.800 0.200 8 6 tom_high
80.000 0.050 13 1 kick_deep
80.200 0.017 11 8 kick_tight
80.217 0.033 13 3 kick_deep
80.400 0.017 11 8 kick_tight
80.417 0.033 13 3 kick_deep
80.600 0.017 11 8 kick_tight
80.617 0.033 13 3 kick_deep
80.800 0.017 11 8 kick_tight
80.817 0.033 13 3 kick_deep
81.000 0.017 11 8 kick_tight
81.017 0.033 13 3 kick_deep
81.200 0.017 11 8 kick_tight
81.217 0.033 13 3 kick_deep
81.400 0.017 11 8 kick_tight
81.417 0.033 13 3 kick_deep
81.600 0.017 11 8 kick_tight
81.617 0.033 13 3 kick_deep
81.800 0.017 11 8 kick_tight
81.817 0.033 13 3 kick_deep
82.000 0.017 11 8 kick_tight
82.017 0.033 13 3 kick_deep
82.200 0.017 11 8 kick_tight
82.217 0.033 13 3 kick_deep
82.400 0.017 11 8 kick_tight
82.417 0.033 13 3 kick_deep
82.600 0.017 11 8 kick_tight
82.617 0.033 13 3 kick_deep
82.800 0.100 8 6 tom_high
82.900 0.050 13 1 kick_deep
83.000 0.200 8 6 tom_high
83.200 0.050 13 1 kick_deep
83.400 0.017 11 8 kick_tight
83.417 0.033 13 3 kick_deep
83.600 0.100 8 6 tom_high
83.700 0.050 13 1 kick_deep
83.800 0.017 11 8 kick_tight
83.817 0.033 13 3 kick_deep
84.000 0.017 11 8 kick_tight
84.017 0.033 13 3 kick_deep
84.200 0.017 11 8 kick_tight
84.217 0.033 13 3 kick_deep
84.400 0.100 8 6 tom_high
84.500 0.050 13 1 kick_deep
84.600 0.017 11 8 kick_tight
84.617 0.033 13 3 kick_deep
84.800 0.017 11 8 kick_tight
84.817 0.033 13 3 kick_deep
85.000 0.017 11 8 kick_tight
85.017 0.033 13 3 kick_deep
85.200 0.100 8 6 tom_high
85.300 0.050 13 1 kick_deep
85.400 0.017 11 8 kick_tight
85.417 0.033 13 3 kick_deep
85.600 0.100 8 6 tom_high
85.700 0.050 13 1 kick_deep
85.800 0.100 8 6 tom_high
85.900 0.050 13 1 kick_deep
86.000 0.017 11 8 kick_tight
86.017 0.033 13 3 kick_deep
86.200 0.017 11 8 kick_tight
86.217 0.033 13 3 kick_deep
86.400 0.017 11 8 kick_tight
86.417 0.033 13 3 kick_deep
86.600 0.017 11 8 kick_tight
86.617 0.033 13 3 kick_deep
86.800 0.100 8 6 tom_high
86.900 0.050 13 1 kick_deep
87.000 0.017 11 8 kick_tight
87.017 0.033 13 3 kick_deep
87.200 0.017 11 8 kick_tight
87.217 0.033 13 3 kick_deep
87.400 0.017 11 8 kick_tight
87.417 0.033 13 3 kick_deep
87.600 0.100 8 6 tom_high
87.700 0.050 13 1 kick_deep
87.800 0.017 11 8 kick_tight
87.817 0.033 13 3 kick_deep
88.000 0.017 11 8 kick_tight
88.017 0.033 13 3 kick_deep
88.200 0.017 11 8 kick_tight
88.217 0.033 13 3 kick_deep
88.400 0.100 8 6 tom_high
88.500 0.050 13 1 kick_deep
88.600 0.017 11 8 kick_tight
88.617 0.033 13 3 kick_deep
88.800 0.100 8 6 tom_high
88.900 0.050 13 1 kick_deep
89.000 0.100 8 6 tom_high
89.100 0.050 13 1 kick_deep
89.200 0.017 11 8 kick_tight
89.217 0.033 13 3 kick_deep
89.400 0.017 11 8 kick_tight
89.417 0.033 13 3 kick_deep
89.600 0.017 11 8 kick_tight
89.617 0.033 13 3 kick_deep
89.800 0.017 11 8 kick_tight
89.817 0.033 13 3 kick_deep
90.000 0.100 8 6 tom_high
90.100 0.050 13 1 kick_deep
90.200 0.017 11 8 kick_tight
90.217 0.033 13 3 kick_deep
90.400 0.017 11 8 kick_tight
90.417 0.033 13 3 kick_deep
90.600 0.017 11 8 kick_tight
90.617 0.033 13 3 kick_deep
90.800 0.100 8 6 tom_high
90.900 0.050 13 1 kick_deep
91.000 0.017 11 8 kick_tight
91.017 0.033 13 3 kick_deep
91.200 0.017 11 8 kick_tight
91.217 0.033 13 3 kick_deep
91.400 0.017 11 8 kick_tight
91.417 0.033 13 3 kick_deep
91.600 0.100 8 6 tom_high
91.700 0.050 13 1 kick_deep
91.800 0.017 11 8 kick_tight
91.817 0.033 13 3 kick_deep
92.000 0.017 11 8 kick_tight
92.017 0.033 13 3 kick_deep
92.200 0.017 11 8 kick_tight
92.217 0.033 13 3 kick_deep
92.400 0.100 8 6 tom_high
92.500 0.050 13 1 kick_deep
92.600 0.200 8 6 tom_high
92.800 0.050 13 1 kick_deep
93.200 0.100 8 6 tom_high
93.300 0.050 13 1 kick_deep
93.400 0.017 11 8 kick_tight
93.417 0.033 13 3 kick_deep
93.500 0.100 8 6 tom_high
93.600 0.050 13 1 kick_deep
93.800 0.017 11 8 kick_tight
93.817 0.033 13 3 kick_deep
94.000 0.017 11 8 kick_tight
94.017 0.033 13 3 kick_deep
94.200 0.200 8 6 tom_high
94.400 0.050 13 1 kick_deep
94.800 0.100 8 6 tom_high
94.900 0.050 13 1 kick_deep
95.000 0.017 11 8 kick_tight
95.017 0.033 13 3 kick_deep
95.100 0.100 8 6 tom_high
95.200 0.050 13 1 kick_deep
95.400 0.017 11 8 kick_tight
95.417 0.033 13 3 kick_deep
95.600 0.017 11 8 kick_tight
95.617 0.033 13 3 kick_deep
95.800 0.200 8 6 tom_high
96.000 0.050 13 1 kick_deep
96.400 0.100 8 6 tom_high
96.500 0.050 13 1 kick_deep
96.600 0.017 11 8 kick_tight
96.617 0.033 13 3 kick_deep
96.700 0.100 8 6 tom_high
96.800 0.050 13 1 kick_deep
97.000 0.017 11 8 kick_tight
97.017 0.033 13 3 kick_deep
97.200 0.017 11 8 kick_tight
97.217 0.033 13 3 kick_deep
97.400 0.200 8 6 tom_high
97.600 0.050 13 1 kick_deep
97.800 0.017 11 8 kick_tight
97.817 0.033 13 3 kick_deep
98.000 0.100 8 6 tom_high
98.100 0.050 13 1 kick_deep
98.200 0.017 11 8 kick_tight
98.217 0.033 13 3 kick_deep
98.300 0.200 8 6 tom_high
98.500 0.050 13 1 kick_deep
98.600 0.100 8 6 tom_high
98.700 0.050 13 1 kick_deep
98.800 0.017 11 8 kick_tight
98.817 0.033 13 3 kick_deep
99.000 0.200 8 6 tom_high
99.200 0.050 13 1 kick_deep
99.400 0.017 11 8 kick_tight
99.417 0.033 13 3 kick_deep
99.500 0.017 11 8 kick_tight
99.517 0.033 13 3 kick_deep
99.600 0.100 8 6 tom_high
99.700 0.050 13 1 kick_deep
99.800 0.017 11 8 kick_tight
99.817 0.033 13 3 kick_deep
99.900 0.017 11 8 kick_tight
99.917 0.033 13 3 kick_deep
100.000 0.017 11 8 kick_tight
100.017 0.033 13 3 kick_deep
100.200 0.017 11 8 kick_tight
100.217 0.033 13 3 kick_deep
100.300 0.017 11 8 kick_tight
100.317 0.033 13 3 kick_deep
100.400 0.100 8 6 tom_high
100.500 0.050 13 1 kick_deep
100.600 0.017 11 8 kick_tight
100.617 0.033 13 3 kick_deep
100.700 0.017 11 8 kick_tight
100.717 0.033 13 3 kick_deep
100.800 0.017 11 8 kick_tight
100.817 0.033 13 3 kick_deep
101.000 0.017 11 8 kick_tight
101.017 0.033 13 3 kick_deep
101.100 0.017 11 8 kick_tight
101.117 0.033 13 3 kick_deep
101.200 0.100 8 6 tom_high
101.300 0.050 13 1 kick_deep
101.400 0.200 8 6 tom_high
101.600 0.050 13 1 kick_deep
101.800 0.017 11 8 kick_tight
101.817 0.033 13 3 kick_deep
101.900 0.017 11 8 kick_tight
101.917 0.033 13 3 kick_deep
102.000 0.100 8 6 tom_high
102.100 0.050 13 1 kick_deep
102.200 0.017 11 8 kick_tight
102.217 0.033 13 3 kick_deep
102.300 0.017 11 8 kick_tight
102.317 0.033 13 3 kick_deep
102.400 0.017 11 8 kick_tight
102.417 0.033 13 3 kick_deep
102.600 0.017 11 8 kick_tight
102.617 0.033 13 3 kick_deep
102.700 0.017 11 8 kick_tight
102.717 0.033 13 3 kick_deep
102.800 0.100 8 6 tom_high
102.900 0.050 13 1 kick_deep
103.000 0.017 11 8 kick_tight
103.017 0.033 13 3 kick_deep
103.100 0.017 11 8 kick_tight
103.117 0.033 13 3 kick_deep
103.200 0.017 11 8 kick_tight
103.217 0.033 13 3 kick_deep
103.400 0.017 11 8 kick_tight
103.417 0.033 13 3 kick_deep
103.500 0.017 11 8 kick_tight
103.517 0.033 13 3 kick_deep
103.600 0.100 8 6 tom_high
103.700 0.050 13 1 kick_deep
103.800 0.017 11 8 kick_tight
103.817 0.033 13 3 kick_deep
103.900 0.017 11 8 kick_tight
103.917 0.033 13 3 kick_deep
104.000 0.017 11 8 kick_tight
104.017 0.033 13 3 kick_deep
104.200 0.017 11 8 kick_tight
104.217 0.033 13 3 kick_deep
104.300 0.017 11 8 kick_tight
104.317 0.033 13 3 kick_deep
104.400 0.100 8 6 tom_high
104.500 0.050 13 1 kick_deep
104.600 0.200 8 6 tom_high
104.800 0.050 13 1 kick_deep
105.000 0.017 11 8 kick_tight
105.017 0.033 13 3 kick_deep
105.100 0.017 11 8 kick_tight
105.117 0.033 13 3 kick_deep
105.200 0.017 11 8 kick_tight
105.217 0.033 13 3 kick_deep
105.300 0.300 8 6 tom_high
105.600 0.050 13 1 kick_deep
105.800 0.017 11 8 kick_tight
105.817 0.033 13 3 kick_deep
105.900 0.017 11 8 kick_tight
105.917 0.033 13 3 kick_deep
106.000 0.100 8 6 tom_high
106.100 0.050 13 1 kick_deep
106.200 0.017 11 8 kick_tight
106.217 0.033 13 3 kick_deep
106.300 0.017 11 8 kick_tight
106.317 0.033 13 3 kick_deep
106.400 0.017 11 8 kick_tight
106.417 0.033 13 3 kick_deep
106.600 0.017 11 8 kick_tight
106.617 0.033 13 3 kick_deep
106.700 0.017 11 8 kick_tight
106.717 0.033 13 3 kick_deep
106.800 0.100 8 6 tom_high
106.900 0.050 13 1 kick_deep
107.000 0.017 11 8 kick_tight
107.017 0.033 13 3 kick_deep
107.100 0.017 11 8 kick_tight
107.117 0.033 13 3 kick_deep
107.200 0.017 11 8 kick_tight
107.217 0.033 13 3 kick_deep
107.400 0.017 11 8 kick_tight
107.417 0.033 13 3 kick_deep
107.500 0.017 11 8 kick_tight
107.517 0.033 13 3 kick_deep
107.600 0.100 8 6 tom_high
107.700 0.050 13 1 kick_deep
107.800 0.017 11 8 kick_tight
107.817 0.033 13 3 kick_deep
107.900 0.017 11 8 kick_tight
107.917 0.033 13 3 kick_deep
108.000 0.017 11 8 kick_tight
108.017 0.033 13 3 kick_deep
108.200 0.017 11 8 kick_tight
108.217 0.033 13 3 kick_deep
108.300 0.017 11 8 kick_tight
108.317 0.033 13 3 kick_deep
108.400 0.100 8 6 tom_high
108.500 0.050 13 1 kick_deep
108.600 0.017 11 8 kick_tight
108.617 0.033 13 3 kick_deep
108.700 0.017 11 8 kick_tight
108.717 0.033 13 3 kick_deep
108.800 0.017 11 8 kick_tight
108.817 0.033 13 3 kick_deep
109.000 0.017 11 8 kick_tight
109.017 0.033 13 3 kick_deep
109.100 0.017 11 8 kick_tight
109.117 0.033 13 3 kick_deep
109.200 0.100 8 6 tom_high
109.300 0.050 13 1 kick_deep
109.400 0.017 11 8 kick_tight
109.417 0.033 13 3 kick_deep
109.500 0.017 11 8 kick_tight
109.517 0.033 13 3 kick_deep
109.600 0.017 11 8 kick_tight
109.617 0.033 13 3 kick_deep
109.800 0.017 11 8 kick_tight
109.817 0.033 13 3 kick_deep
109.900 0.017 11 8 kick_tight
109.917 0.033 13 3 kick_deep
110.000 0.100 8 6 tom_high
110.100 0.050 13 1 kick_deep
110.200 0.400 8 6 tom_high
110.600 0.050 13 1 kick_deep
110.800 0.017 11 8 kick_tight
110.817 0.033 13 3 kick_deep
111.000 0.017 11 8 kick_tight
111.017 0.033 13 3 kick_deep
111.200 0.017 11 8 kick_tight
111.217 0.033 13 3 kick_deep
111.400 0.017 11 8 kick_tight
111.417 0.033 13 3 kick_deep
111.600 0.100 8 6 tom_high
111.700 0.050 13 1 kick_deep
111.800 0.200 8 6 tom_high
112.000 0.050 13 1 kick_deep
112.200 0.017 11 8 kick_tight
112.217 0.033 13 3 kick_deep
112.400 0.017 11 8 kick_tight
112.417 0.033 13 3 kick_deep
112.600 0.017 11 8 kick_tight
112.617 0.033 13 3 kick_deep
112.800 0.017 11 8 kick_tight
112.817 0.033 13 3 kick_deep
113.000 0.017 11 8 kick_tight
113.017 0.033 13 3 kick_deep
113.200 0.017 11 8 kick_tight
113.217 0.033 13 3 kick_deep
113.400 0.017 11 8 kick_tight
113.417 0.033 13 3 kick_deep
113.600 0.017 11 8 kick_tight
113.617 0.033 13 3 kick_deep
113.800 0.017 11 8 kick_tight
113.817 0.033 13 3 kick_deep
114.000 0.017 11 8 kick_tight
114.017 0.033 13 3 kick_deep
114.200 0.017 11 8 kick_tight
114.217 0.033 13 3 kick_deep
114.400 0.017 11 8 kick_tight
114.417 0.033 13 3 kick_deep
114.600 0.017 11 8 kick_tight
114.617 0.033 13 3 kick_deep
114.800 0.017 11 8 kick_tight
114.817 0.033 13 3 kick_deep
115.000 0.200 8 6 tom_high
115.200 0.050 13 1 kick_deep
115.400 0.017 11 8 kick_tight
115.417 0.033 13 3 kick_deep
115.600 0.017 11 8 kick_tight
115.617 0.033 13 3 kick_deep
115.800 0.017 11 8 kick_tight
115.817 0.033 13 3 kick_deep
116.000 0.017 11 8 kick_tight
116.017 0.033 13 3 kick_deep
116.200 0.017 11 8 kick_tight
116.217 0.033 13 3 kick_deep
116.400 0.017 11 8 kick_tight
116.417 0.033 13 3 kick_deep
116.600 0.017 11 8 kick_tight
116.617 0.033 13 3 kick_deep
116.800 0.017 11 8 kick_tight
116.817 0.033 13 3 kick_deep
117.000 0.017 11 8 kick_tight
117.017 0.033 13 3 kick_deep
117.200 0.017 11 8 kick_tight
117.217 0.033 13 3 kick_deep
117.400 0.017 11 8 kick_tight
117.417 0.033 13 3 kick_deep
117.600 0.017 11 8 kick_tight
117.617 0.033 13 3 kick_deep
117.800 0.017 11 8 kick_tight
117.817 0.033 13 3 kick_deep
118.000 0.100 8 6 tom_high
118.100 0.050 13 1 kick_deep
118.200 0.200 8 6 tom_high
118.400 0.050 13 1 kick_deep
118.600 0.017 11 8 kick_tight
118.617 0.033 13 3 kick_deep
118.800 0.100 8 6 tom_high
118.900 0.050 13 1 kick_deep
119.000 0.017 11 8 kick_tight
119.017 0.033 13 3 kick_deep
119.200 0.017 11 8 kick_tight
119.217 0.033 13 3 kick_deep
119.400 0.017 11 8 kick_tight
119.417 0.033 13 3 kick_deep
119.600 0.100 8 6 tom_high
119.700 0.050 13 1 kick_deep
119.800 0.017 11 8 kick_tight
119.817 0.033 13 3 kick_deep
120.000 0.017 11 8 kick_tight
120.017 0.033 13 3 kick_deep
DPCM(0)
time dur note vol