Castlevania.nsf track=3 framerate=60
Square1(388)
time dur note vol
0.833 0.167 A3 9
1.000 0.167 C4 9
1.167 0.333 D4 4
1.500 0.133 A3 8
1.667 0.133 A3 8
1.833 0.133 A3 8
2.000 0.133 A3 8
2.167 0.267 A3 8
2.500 0.267 A3 8
2.833 0.133 A3 8
3.000 0.133 A3 8
3.167 0.133 A3 8
3.333 0.133 A3 8
3.500 0.167 D4 9
3.667 0.167 C4 9
3.833 0.467 A#3 4
4.333 0.133 A#3 8
4.500 0.133 A#3 8
4.667 0.133 A#3 8
4.833 0.267 A#3 8
5.167 0.267 A#3 8
5.500 0.133 A#3 8
5.667 0.133 A#3 8
5.833 0.133 A#3 8
6.000 0.133 A#3 8
6.167 0.167 A3 9
6.333 0.167 C4 9
6.500 0.333 D4 4
6.833 0.133 A3 8
7.000 0.133 A3 8
7.167 0.133 A3 8
7.333 0.133 A3 8
7.500 0.267 A3 8
7.833 0.267 A3 8
8.167 0.133 A3 8
8.333 0.133 A3 8
8.500 0.133 A3 8
8.667 0.133 A3 8
8.833 0.167 D4 9
9.000 0.167 C4 9
9.167 0.467 A#3 4
9.667 0.133 A#3 8
9.833 0.133 A#3 8
10.000 0.133 A#3 8
10.167 0.267 A#3 8
10.500 0.267 A#3 8
10.833 0.133 A#3 8
11.000 0.133 A#3 8
11.167 0.133 A#3 8
11.333 0.133 A#3 8
11.500 0.267 A#3 8
11.833 0.133 A#3 8
12.333 0.283 C5 5
12.833 0.450 B4 5
13.333 0.283 A#4 5
13.833 0.283 A4 5
14.167 0.133 A3 8
14.333 0.133 C4 8
14.500 0.450 D4 8
15.000 0.283 C5 5
15.500 0.450 B4 5
16.000 0.283 A#4 5
16.500 0.283 A4 5
16.833 0.133 A3 8
17.000 0.133 C4 8
17.167 0.450 G3 8
17.667 0.283 C5 5
18.167 0.450 B4 5
18.667 0.283 A#4 5
19.167 0.283 A4 5
19.500 0.133 A3 8
19.667 0.133 C4 8
19.833 0.450 D4 8
20.333 0.283 C5 5
20.833 0.450 B4 5
21.333 0.283 A#4 5
21.833 0.283 A4 5
22.167 0.133 A3 8
22.333 0.133 C4 8
22.500 0.133 G3 8
22.667 0.117 D4 5
22.833 0.117 D4 5
23.000 0.117 D4 5
23.167 0.117 D4 5
23.333 0.117 D4 5
23.500 0.117 A3 5
23.667 0.117 D4 5
23.833 0.117 F4 5
24.167 0.117 D4 5
24.333 0.117 D4 5
24.500 0.117 D4 5
24.667 0.117 A3 5
24.833 0.117 D4 5
25.167 0.117 F4 5
25.333 0.117 A#3 5
25.500 0.117 D4 5
25.667 0.283 F4 5
26.167 0.117 A#3 5
26.333 0.117 D4 5
26.500 0.500 F4 3
27.000 0.333 A#3 11
27.333 0.333 C4 11
27.667 0.333 C#4 11
28.000 0.117 D4 5
28.167 0.117 D4 5
28.333 0.117 D4 5
28.500 0.117 D4 5
28.667 0.117 D4 5
28.833 0.117 A3 5
29.000 0.117 D4 5
29.167 0.117 F4 5
29.500 0.117 D4 5
29.667 0.117 D4 5
29.833 0.117 D4 5
30.000 0.117 A3 5
30.167 0.117 D4 5
30.500 0.117 F4 5
30.667 0.117 A#3 5
30.833 0.117 D4 5
31.000 0.283 F4 5
31.500 0.117 A#3 5
31.667 0.117 D4 5
31.833 0.833 F4 3
32.667 0.283 D5 15
33.000 0.283 C5 5
33.333 0.167 E5 5
33.500 0.167 C5 5
33.667 0.167 G4 5
33.833 0.167 C5 5
34.000 0.167 G4 5
34.167 0.333 E4 5
34.500 0.250 E5 5
34.833 0.167 C5 5
35.000 0.167 G4 5
35.167 0.167 C5 5
35.333 0.167 G4 5
35.500 0.500 E4 5
36.000 0.167 D4 5
36.167 0.167 F4 5
36.333 0.167 A4 5
36.500 0.167 F4 5
36.667 0.167 A4 5
36.833 0.333 D5 5
37.167 0.250 D4 5
37.500 0.167 F4 5
37.667 0.167 A4 5
37.833 0.167 F4 5
38.000 0.167 A4 5
38.167 0.500 D5 5
38.667 0.167 E5 5
38.833 0.167 C5 5
39.000 0.167 G4 5
39.167 0.167 C5 5
39.333 0.167 G4 5
39.500 0.333 E4 5
39.833 0.250 E5 5
40.167 0.167 C5 5
40.333 0.167 G4 5
40.500 0.167 C5 5
40.667 0.167 G4 5
40.833 0.500 E4 5
41.333 0.167 D4 5
41.500 0.167 F4 5
41.667 0.167 A4 5
41.833 0.167 F4 5
42.000 0.167 A4 5
42.167 0.333 D5 5
42.500 0.250 D4 5
42.833 0.167 F4 5
43.000 0.167 A4 5
43.167 0.167 F4 5
43.333 0.167 A4 5
43.500 0.500 D5 5
44.000 0.450 D4 5
44.500 0.450 E4 5
45.000 0.617 F4 5
45.667 0.333 F5 4
46.000 0.333 G5 4
46.333 0.333 A5 3
46.667 0.450 C4 5
47.167 0.450 D4 5
47.667 0.617 E4 5
48.333 0.333 E5 4
48.667 0.333 F5 4
49.000 0.333 G5 3
49.333 0.450 A#3 5
49.833 0.450 C4 5
50.333 0.617 D4 5
51.000 0.333 D5 4
51.333 0.333 E5 4
51.667 0.333 F5 3
52.000 0.450 A3 15
52.500 0.450 B3 4
53.000 1.667 C#4 2
54.667 0.450 D4 15
55.167 0.450 E4 5
55.667 0.617 F4 5
56.333 0.333 F5 4
56.667 0.333 G5 4
57.000 0.333 A5 3
57.333 0.450 C4 5
57.833 0.450 D4 5
58.333 0.617 E4 5
59.000 0.333 E5 4
59.333 0.333 F5 4
59.667 0.333 G5 3
60.000 0.450 A#3 5
60.500 0.450 C4 5
61.000 0.617 D4 5
61.667 0.333 D5 4
62.000 0.333 E5 4
62.333 0.333 F5 3
62.667 0.450 A3 15
63.167 0.450 B3 4
63.667 1.500 C#4 2
65.333 0.450 C#4 15
65.833 0.450 D4 5
66.333 1.500 E4 2
68.000 0.117 D4 15
68.167 0.117 D4 5
68.333 0.117 D4 5
68.500 0.117 D4 5
68.667 0.117 D4 5
68.833 0.117 A3 5
69.000 0.117 D4 5
69.167 0.117 F4 5
69.500 0.117 D4 5
69.667 0.117 D4 5
69.833 0.117 D4 5
70.000 0.117 A3 5
70.167 0.117 D4 5
70.500 0.117 F4 5
70.667 0.117 A#3 5
70.833 0.117 D4 5
71.000 0.283 F4 5
71.500 0.117 A#3 5
71.667 0.117 D4 5
71.833 0.500 F4 3
72.333 0.333 A#3 11
72.667 0.333 C4 11
73.000 0.333 C#4 11
73.333 0.117 D4 5
73.500 0.117 D4 5
73.667 0.117 D4 5
73.833 0.117 D4 5
74.000 0.117 D4 5
74.167 0.117 A3 5
74.333 0.117 D4 5
74.500 0.117 F4 5
74.833 0.117 D4 5
75.000 0.117 D4 5
75.167 0.117 D4 5
75.333 0.117 A3 5
75.500 0.117 D4 5
75.833 0.117 F4 5
76.000 0.117 A#3 5
76.167 0.117 D4 5
76.333 0.283 F4 5
76.833 0.117 A#3 5
77.000 0.117 D4 5
77.167 0.833 F4 3
78.000 0.283 D5 15
78.333 0.283 C5 5
78.667 0.167 E5 5
78.833 0.167 C5 5
79.000 0.167 G4 5
79.167 0.167 C5 5
79.333 0.167 G4 5
79.500 0.333 E4 5
79.833 0.250 E5 5
80.167 0.167 C5 5
80.333 0.167 G4 5
80.500 0.167 C5 5
80.667 0.167 G4 5
80.833 0.500 E4 5
81.333 0.167 D4 5
81.500 0.167 F4 5
81.667 0.167 A4 5
81.833 0.167 F4 5
82.000 0.167 A4 5
82.167 0.333 D5 5
82.500 0.250 D4 5
82.833 0.167 F4 5
83.000 0.167 A4 5
83.167 0.167 F4 5
83.333 0.167 A4 5
83.500 0.500 D5 5
84.000 0.167 E5 5
84.167 0.167 C5 5
84.333 0.167 G4 5
84.500 0.167 C5 5
84.667 0.167 G4 5
84.833 0.333 E4 5
85.167 0.250 E5 5
85.500 0.167 C5 5
85.667 0.167 G4 5
85.833 0.167 C5 5
86.000 0.167 G4 5
86.167 0.500 E4 5
86.667 0.167 D4 5
86.833 0.167 F4 5
87.000 0.167 A4 5
87.167 0.167 F4 5
87.333 0.167 A4 5
87.500 0.333 D5 5
87.833 0.250 D4 5
88.167 0.167 F4 5
88.333 0.167 A4 5
88.500 0.167 F4 5
88.667 0.167 A4 5
88.833 0.500 D5 5
89.333 0.450 D4 5
89.833 0.450 E4 5
90.333 0.617 F4 5
91.000 0.333 F5 4
91.333 0.333 G5 4
91.667 0.333 A5 3
92.000 0.450 C4 5
92.500 0.450 D4 5
93.000 0.617 E4 5
93.667 0.333 E5 4
94.000 0.333 F5 4
94.333 0.333 G5 3
94.667 0.450 A#3 5
95.167 0.450 C4 5
95.667 0.617 D4 5
96.333 0.333 D5 4
96.667 0.333 E5 4
97.000 0.333 F5 3
97.333 0.450 A3 15
97.833 0.450 B3 4
98.333 1.667 C#4 2
100.000 0.450 D4 15
100.500 0.450 E4 5
101.000 0.617 F4 5
101.667 0.333 F5 4
102.000 0.333 G5 4
102.333 0.333 A5 3
102.667 0.450 C4 5
103.167 0.450 D4 5
103.667 0.617 E4 5
104.333 0.333 E5 4
104.667 0.333 F5 4
105.000 0.333 G5 3
105.333 0.450 A#3 5
105.833 0.450 C4 5
106.333 0.617 D4 5
107.000 0.333 D5 4
107.333 0.333 E5 4
107.667 0.333 F5 3
108.000 0.450 A3 15
108.500 0.450 B3 4
109.000 1.500 C#4 2
110.667 0.450 C#4 15
111.167 0.450 D4 5
111.667 1.500 E4 2
113.333 0.117 D4 15
113.500 0.117 D4 5
113.667 0.117 D4 5
113.833 0.117 D4 5
114.000 0.117 D4 5
114.167 0.117 A3 5
114.333 0.117 D4 5
114.500 0.117 F4 5
114.833 0.117 D4 5
115.000 0.117 D4 5
115.167 0.117 D4 5
115.333 0.117 A3 5
115.500 0.117 D4 5
115.833 0.117 F4 5
116.000 0.117 A#3 5
116.167 0.117 D4 5
116.333 0.283 F4 5
116.833 0.117 A#3 5
117.000 0.117 D4 5
117.167 0.500 F4 3
117.667 0.333 A#3 11
118.000 0.333 C4 11
118.333 0.333 C#4 11
118.667 0.117 D4 5
118.833 0.117 D4 5
119.000 0.117 D4 5
119.167 0.117 D4 5
119.333 0.117 D4 5
119.500 0.117 A3 5
119.667 0.117 D4 5
119.833 0.117 F4 5
120.167 3.567 D4 5
Square2(360)
time dur note vol
1.500 0.133 F4 8
1.667 0.133 F4 8
1.833 0.133 F4 8
2.000 0.133 E4 8
2.167 0.267 F4 8
2.500 0.267 G4 8
2.833 0.133 F4 8
3.000 0.133 F4 8
3.167 0.133 F4 8
3.333 0.133 E4 8
3.500 0.500 F4 4
4.167 0.133 F4 8
4.333 0.133 F4 8
4.500 0.133 F4 8
4.667 0.133 E4 8
4.833 0.267 F4 8
5.167 0.267 G4 8
5.500 0.133 F4 8
5.667 0.133 F4 8
5.833 0.133 F4 8
6.000 0.133 E4 8
6.167 0.500 F4 4
6.833 0.133 F4 8
7.000 0.133 F4 8
7.167 0.133 F4 8
7.333 0.133 E4 8
7.500 0.267 F4 8
7.833 0.267 G4 8
8.167 0.133 F4 8
8.333 0.133 F4 8
8.500 0.133 F4 8
8.667 0.133 E4 8
8.833 0.500 F4 4
9.500 0.133 F4 8
9.667 0.133 F4 8
9.833 0.133 F4 8
10.000 0.133 E4 8
10.167 0.267 F4 8
10.500 0.267 G4 8
10.833 0.133 F4 8
11.000 0.133 F4 8
11.167 0.133 F4 8
11.333 0.133 E4 8
11.500 0.267 F4 8
11.833 0.133 F4 8
12.333 0.283 E5 5
12.833 0.450 D#5 5
13.333 0.283 D5 5
13.833 0.617 C#5 5
15.000 0.283 E5 5
15.500 0.450 D#5 5
16.000 0.283 D5 5
16.500 0.617 C#5 5
17.667 0.283 E5 5
18.167 0.450 D#5 5
18.667 0.283 D5 5
19.167 0.617 C#5 5
20.333 0.283 E5 5
20.833 0.450 D#5 5
21.333 0.283 D5 5
21.833 0.617 C#5 5
22.667 0.133 A4 6
22.833 0.133 G#4 6
23.000 0.133 A4 6
23.167 0.133 G#4 6
23.333 0.133 A4 6
23.500 0.133 D4 6
23.667 0.133 F4 6
23.833 0.133 A4 6
24.167 0.133 A4 6
24.333 0.133 G#4 6
24.500 0.133 A4 6
24.667 0.133 D4 6
24.833 0.133 F4 6
25.167 0.133 A4 6
25.333 0.133 D4 6
25.500 0.133 F4 6
25.667 0.300 C5 6
26.167 0.133 D4 6
26.333 0.133 F4 6
26.500 1.500 C5 3
28.000 0.133 A4 15
28.167 0.133 G#4 6
28.333 0.133 A4 6
28.500 0.133 G#4 6
28.667 0.133 A4 6
28.833 0.133 D4 6
29.000 0.133 F4 6
29.167 0.133 A4 6
29.500 0.133 A4 6
29.667 0.133 G#4 6
29.833 0.133 A4 6
30.000 0.133 D4 6
30.167 0.133 F4 6
30.500 0.133 A4 6
30.667 0.133 D4 6
30.833 0.133 F4 6
31.000 0.300 C5 6
31.500 0.133 D4 6
31.667 0.133 F4 6
31.833 0.833 C5 3
32.667 0.283 F5 15
33.000 0.283 E5 5
33.333 0.117 E5 5
33.500 0.117 C5 5
33.667 0.117 G4 5
33.833 0.117 C5 5
34.000 0.117 G4 5
34.167 0.283 E4 5
34.500 0.200 E5 5
34.833 0.117 C5 5
35.000 0.117 G4 5
35.167 0.117 C5 5
35.333 0.117 G4 5
35.500 0.450 E4 5
36.000 0.117 D4 5
36.167 0.117 F4 5
36.333 0.117 A4 5
36.500 0.117 F4 5
36.667 0.117 A4 5
36.833 0.283 D5 5
37.167 0.200 D4 5
37.500 0.117 F4 5
37.667 0.117 A4 5
37.833 0.117 F4 5
38.000 0.117 A4 5
38.167 0.450 D5 5
38.667 0.117 E5 5
38.833 0.117 C5 5
39.000 0.117 G4 5
39.167 0.117 C5 5
39.333 0.117 G4 5
39.500 0.283 E4 5
39.833 0.200 E5 5
40.167 0.117 C5 5
40.333 0.117 G4 5
40.500 0.117 C5 5
40.667 0.117 G4 5
40.833 0.450 E4 5
41.333 0.117 D4 5
41.500 0.117 F4 5
41.667 0.117 A4 5
41.833 0.117 F4 5
42.000 0.117 A4 5
42.167 0.283 D5 5
42.500 0.200 D4 5
42.833 0.117 F4 5
43.000 0.117 A4 5
43.167 0.117 F4 5
43.333 0.117 A4 5
43.500 0.450 D5 5
44.000 0.450 F4 5
44.500 0.450 G4 5
45.000 0.667 A4 3
45.667 0.300 F5 15
46.000 0.300 G5 5
46.333 0.333 A5 3
46.667 0.450 E4 5
47.167 0.450 F4 5
47.667 0.667 G4 3
48.333 0.300 E5 15
48.667 0.300 F5 5
49.000 0.333 G5 4
49.333 0.450 D4 15
49.833 0.450 E4 5
50.333 0.667 F4 3
51.000 0.300 D5 15
51.333 0.300 E5 5
51.667 0.333 F5 4
52.000 0.467 C#5 15
52.500 0.467 D5 5
53.000 1.667 E5 3
54.667 0.450 F4 5
55.167 0.450 G4 5
55.667 0.667 A4 3
56.333 0.300 F5 15
56.667 0.300 G5 5
57.000 0.333 A5 3
57.333 0.450 E4 5
57.833 0.450 F4 5
58.333 0.667 G4 3
59.000 0.300 E5 15
59.333 0.300 F5 5
59.667 0.333 G5 4
60.000 0.450 D4 15
60.500 0.450 E4 5
61.000 0.667 F4 3
61.667 0.300 D5 15
62.000 0.300 E5 5
62.333 0.333 F5 4
62.667 0.467 C#5 15
63.167 0.467 D5 5
63.667 1.500 E5 3
65.333 0.450 E5 5
65.833 0.450 F5 5
66.333 1.500 G5 3
68.000 0.133 A4 15
68.167 0.133 G#4 6
68.333 0.133 A4 6
68.500 0.133 G#4 6
68.667 0.133 A4 6
68.833 0.133 D4 6
69.000 0.133 F4 6
69.167 0.133 A4 6
69.500 0.133 A4 6
69.667 0.133 G#4 6
69.833 0.133 A4 6
70.000 0.133 D4 6
70.167 0.133 F4 6
70.500 0.133 A4 6
70.667 0.133 D4 6
70.833 0.133 F4 6
71.000 0.300 C5 6
71.500 0.133 D4 6
71.667 0.133 F4 6
71.833 1.500 C5 3
73.333 0.133 A4 15
73.500 0.133 G#4 6
73.667 0.133 A4 6
73.833 0.133 G#4 6
74.000 0.133 A4 6
74.167 0.133 D4 6
74.333 0.133 F4 6
74.500 0.133 A4 6
74.833 0.133 A4 6
75.000 0.133 G#4 6
75.167 0.133 A4 6
75.333 0.133 D4 6
75.500 0.133 F4 6
75.833 0.133 A4 6
76.000 0.133 D4 6
76.167 0.133 F4 6
76.333 0.300 C5 6
76.833 0.133 D4 6
77.000 0.133 F4 6
77.167 0.833 C5 3
78.000 0.283 F5 15
78.333 0.283 E5 5
78.667 0.117 E5 5
78.833 0.117 C5 5
79.000 0.117 G4 5
79.167 0.117 C5 5
79.333 0.117 G4 5
79.500 0.283 E4 5
79.833 0.200 E5 5
80.167 0.117 C5 5
80.333 0.117 G4 5
80.500 0.117 C5 5
80.667 0.117 G4 5
80.833 0.450 E4 5
81.333 0.117 D4 5
81.500 0.117 F4 5
81.667 0.117 A4 5
81.833 0.117 F4 5
82.000 0.117 A4 5
82.167 0.283 D5 5
82.500 0.200 D4 5
82.833 0.117 F4 5
83.000 0.117 A4 5
83.167 0.117 F4 5
83.333 0.117 A4 5
83.500 0.450 D5 5
84.000 0.117 E5 5
84.167 0.117 C5 5
84.333 0.117 G4 5
84.500 0.117 C5 5
84.667 0.117 G4 5
84.833 0.283 E4 5
85.167 0.200 E5 5
85.500 0.117 C5 5
85.667 0.117 G4 5
85.833 0.117 C5 5
86.000 0.117 G4 5
86.167 0.450 E4 5
86.667 0.117 D4 5
86.833 0.117 F4 5
87.000 0.117 A4 5
87.167 0.117 F4 5
87.333 0.117 A4 5
87.500 0.283 D5 5
87.833 0.200 D4 5
88.167 0.117 F4 5
88.333 0.117 A4 5
88.500 0.117 F4 5
88.667 0.117 A4 5
88.833 0.450 D5 5
89.333 0.450 F4 5
89.833 0.450 G4 5
90.333 0.667 A4 3
91.000 0.300 F5 15
91.333 0.300 G5 5
91.667 0.333 A5 3
92.000 0.450 E4 5
92.500 0.450 F4 5
93.000 0.667 G4 3
93.667 0.300 E5 15
94.000 0.300 F5 5
94.333 0.333 G5 4
94.667 0.450 D4 15
95.167 0.450 E4 5
95.667 0.667 F4 3
96.333 0.300 D5 15
96.667 0.300 E5 5
97.000 0.333 F5 4
97.333 0.467 C#5 15
97.833 0.467 D5 5
98.333 1.667 E5 3
100.000 0.450 F4 5
100.500 0.450 G4 5
101.000 0.667 A4 3
101.667 0.300 F5 15
102.000 0.300 G5 5
102.333 0.333 A5 3
102.667 0.450 E4 5
103.167 0.450 F4 5
103.667 0.667 G4 3
104.333 0.300 E5 15
104.667 0.300 F5 5
105.000 0.333 G5 4
105.333 0.450 D4 15
105.833 0.450 E4 5
106.333 0.667 F4 3
107.000 0.300 D5 15
107.333 0.300 E5 5
107.667 0.333 F5 4
108.000 0.467 C#5 15
108.500 0.467 D5 5
109.000 1.500 E5 3
110.667 0.450 E5 5
111.167 0.450 F5 5
111.667 1.500 G5 3
113.333 0.133 A4 15
113.500 0.133 G#4 6
113.667 0.133 A4 6
113.833 0.133 G#4 6
114.000 0.133 A4 6
114.167 0.133 D4 6
114.333 0.133 F4 6
114.500 0.133 A4 6
114.833 0.133 A4 6
115.000 0.133 G#4 6
115.167 0.133 A4 6
115.333 0.133 D4 6
115.500 0.133 F4 6
115.833 0.133 A4 6
116.000 0.133 D4 6
116.167 0.133 F4 6
116.333 0.300 C5 6
116.833 0.133 D4 6
117.000 0.133 F4 6
117.167 1.500 C5 3
118.667 0.133 A4 15
118.833 0.133 G#4 6
119.000 0.133 A4 6
119.167 0.133 G#4 6
119.333 0.133 A4 6
119.500 0.133 D4 6
119.667 0.133 F4 6
119.833 0.133 A4 6
120.167 3.567 A4 6
Triangle(622)
time dur note vol
0.833 0.100 A3 15
1.000 0.100 C4 15
1.167 1.917 D4 15
3.500 0.100 D4 15
3.667 0.100 C4 15
3.833 1.917 A#3 15
6.167 0.167 A3 15
6.333 0.167 C4 15
6.500 1.917 D4 15
8.833 0.100 D4 15
9.000 0.100 C4 15
9.167 1.917 A#3 15
11.500 0.100 A#3 15
11.833 0.100 A#3 15
12.000 0.183 A3 15
12.500 0.100 A3 15
12.667 0.100 A3 15
13.333 0.100 A3 15
13.833 0.100 A3 15
14.000 0.100 A3 15
14.167 0.100 A3 15
14.333 0.100 C4 15
14.500 0.100 D4 15
14.667 0.183 A3 15
15.167 0.117 A3 15
15.333 0.117 A3 15
16.000 0.100 A3 15
16.500 0.100 A3 15
16.667 0.100 A3 15
16.833 0.100 A3 15
17.000 0.100 C4 15
17.167 0.100 G3 15
17.333 0.067 A3 15
17.417 0.067 A3 15
17.500 0.067 A3 15
17.667 0.067 A3 15
17.833 0.067 A3 15
18.000 0.067 A3 15
18.083 0.067 A3 15
18.167 0.067 A3 15
18.333 0.067 A3 15
18.500 0.067 A3 15
18.667 0.067 A3 15
18.750 0.067 A3 15
18.833 0.067 A3 15
19.000 0.067 A3 15
19.167 0.067 A3 15
19.333 0.067 A3 15
19.417 0.067 A3 15
19.500 0.067 A3 15
19.667 0.067 C4 15
19.833 0.067 D4 15
20.000 0.067 A3 15
20.083 0.067 A3 15
20.167 0.067 A3 15
20.333 0.067 A3 15
20.500 0.067 A3 15
20.667 0.067 A3 15
20.750 0.067 A3 15
20.833 0.067 A3 15
21.000 0.067 A3 15
21.167 0.067 A3 15
21.333 0.067 A3 15
21.417 0.067 A3 15
21.500 0.067 A3 15
21.667 0.067 A3 15
21.833 0.067 A3 15
22.000 0.067 A3 15
22.083 0.067 A3 15
22.167 0.067 A3 15
22.333 0.067 C4 15
22.500 0.067 G3 15
22.667 0.100 D4 15
22.833 0.100 D5 15
23.000 0.100 D4 15
23.167 0.100 D5 15
23.333 0.083 D4 15
23.500 0.083 D5 15
23.667 0.083 D4 15
23.833 0.083 D5 15
24.000 0.083 D4 15
24.167 0.083 D5 15
24.333 0.083 D4 15
24.500 0.083 D5 15
24.667 0.083 D4 15
24.833 0.083 D5 15
25.000 0.100 D4 15
25.167 0.100 D5 15
25.333 0.100 A#3 15
25.500 0.100 A#4 15
25.667 0.100 A#3 15
25.833 0.100 A#4 15
26.000 0.100 A#3 15
26.167 0.100 A#4 15
26.333 0.100 A#3 15
26.500 0.100 A#4 15
26.667 0.100 A#3 15
26.833 0.100 A#4 15
27.000 0.100 A#3 15
27.167 0.100 A#4 15
27.333 0.100 A#3 15
27.500 0.100 A#4 15
27.667 0.100 C4 15
27.833 0.100 C#4 15
28.000 0.100 D4 15
28.167 0.100 D5 15
28.333 0.100 D4 15
28.500 0.100 D5 15
28.667 0.100 D4 15
28.833 0.100 D5 15
29.000 0.100 D4 15
29.167 0.100 D5 15
29.333 0.100 D4 15
29.500 0.100 D5 15
29.667 0.100 D4 15
29.833 0.100 D5 15
30.000 0.100 D4 15
30.167 0.100 D5 15
30.333 0.100 D4 15
30.500 0.100 D5 15
30.667 0.100 A#3 15
30.833 0.100 A#4 15
31.000 0.100 A#3 15
31.167 0.100 A#4 15
31.333 0.100 A#3 15
31.500 0.100 A#4 15
31.667 0.100 A#3 15
31.833 0.100 A#4 15
32.000 0.100 A#3 15
32.167 0.100 A#4 15
32.333 0.100 A#3 15
32.500 0.100 A#4 15
32.667 0.100 A#3 15
33.000 0.100 A#3 15
33.333 0.117 C4 15
33.833 0.117 C4 15
34.000 0.117 C4 15
34.167 0.117 C4 15
34.333 0.117 D4 15
34.500 0.117 E4 15
34.667 0.117 C4 15
35.167 0.117 C4 15
35.333 0.117 C4 15
35.500 0.117 C4 15
35.667 0.117 D4 15
35.833 0.117 E4 15
36.000 0.117 D4 15
36.500 0.117 D4 15
36.667 0.117 D4 15
36.833 0.117 D4 15
37.000 0.117 E4 15
37.167 0.117 F4 15
37.333 0.117 D4 15
37.833 0.117 D4 15
38.000 0.117 D4 15
38.167 0.117 D4 15
38.333 0.117 E4 15
38.500 0.117 F4 15
38.667 0.117 C4 15
39.167 0.117 C4 15
39.333 0.117 C4 15
39.500 0.117 C4 15
39.667 0.117 D4 15
39.833 0.117 E4 15
40.000 0.117 C4 15
40.500 0.117 C4 15
40.667 0.117 C4 15
40.833 0.117 C4 15
41.000 0.117 D4 15
41.167 0.117 E4 15
41.333 0.117 D4 15
41.833 0.117 D4 15
42.000 0.117 D4 15
42.167 0.117 D4 15
42.333 0.117 E4 15
42.500 0.117 F4 15
42.667 0.117 D4 15
43.167 0.117 D4 15
43.333 0.117 D4 15
43.500 0.117 D4 15
43.667 0.117 E4 15
43.833 0.117 F4 15
44.000 0.100 D4 15
44.167 0.100 D4 15
44.333 0.100 D4 15
44.500 0.100 D4 15
44.667 0.100 D4 15
44.833 0.100 D4 15
45.000 0.100 D4 15
45.167 0.100 D4 15
45.333 0.100 D4 15
45.500 0.100 D4 15
45.667 0.100 D4 15
45.833 0.100 D4 15
46.000 0.100 D4 15
46.167 0.100 D4 15
46.333 0.100 D4 15
46.500 0.100 D4 15
46.667 0.100 C4 15
46.833 0.100 C4 15
47.000 0.100 C4 15
47.167 0.100 C4 15
47.333 0.100 C4 15
47.500 0.100 C4 15
47.667 0.100 C4 15
47.833 0.100 C4 15
48.000 0.100 C4 15
48.167 0.083 C4 15
48.333 0.100 C4 15
48.500 0.083 C4 15
48.667 0.083 C4 15
48.833 0.083 C4 15
49.000 0.083 C4 15
49.167 0.083 C4 15
49.333 0.083 A#3 15
49.500 0.083 A#3 15
49.667 0.083 A#3 15
49.833 0.083 A#3 15
50.000 0.083 A#3 15
50.167 0.100 A#3 15
50.333 0.100 A#3 15
50.500 0.100 A#3 15
50.667 0.100 A#3 15
50.833 0.100 A#3 15
51.000 0.100 A#3 15
51.167 0.100 A#3 15
51.333 0.100 A#3 15
51.500 0.100 A#3 15
51.667 0.100 A#3 15
51.833 0.100 A#3 15
52.000 0.100 A3 15
52.167 0.100 A3 15
52.333 0.100 A3 15
52.500 0.100 A3 15
52.667 0.100 A3 15
52.833 0.100 A3 15
53.000 0.100 A3 15
53.167 0.100 A3 15
53.333 0.100 A3 15
53.500 0.100 A3 15
53.667 0.100 A3 15
53.833 0.100 A3 15
54.000 0.100 A3 15
54.167 0.100 A3 15
54.333 0.100 B3 15
54.500 0.100 C#4 15
54.667 0.100 D4 15
54.833 0.100 D4 15
55.000 0.100 D4 15
55.167 0.100 D4 15
55.333 0.100 D4 15
55.500 0.100 D4 15
55.667 0.100 D4 15
55.833 0.100 D4 15
56.000 0.100 D4 15
56.167 0.100 D4 15
56.333 0.100 D4 15
56.500 0.100 D4 15
56.667 0.100 D4 15
56.833 0.100 D4 15
57.000 0.100 D4 15
57.167 0.100 D4 15
57.333 0.100 C4 15
57.500 0.100 C4 15
57.667 0.100 C4 15
57.833 0.100 C4 15
58.000 0.100 C4 15
58.167 0.100 C4 15
58.333 0.100 C4 15
58.500 0.100 C4 15
58.667 0.100 C4 15
58.833 0.100 C4 15
59.000 0.100 C4 15
59.167 0.100 C4 15
59.333 0.100 C4 15
59.500 0.100 C4 15
59.667 0.100 C4 15
59.833 0.100 C4 15
60.000 0.100 A#3 15
60.167 0.100 A#3 15
60.333 0.100 A#3 15
60.500 0.100 A#3 15
60.667 0.100 A#3 15
60.833 0.083 A#3 15
61.000 0.083 A#3 15
61.167 0.083 A#3 15
61.333 0.083 A#3 15
61.500 0.083 A#3 15
61.667 0.083 A#3 15
61.833 0.083 A#3 15
62.000 0.083 A#3 15
62.167 0.083 A#3 15
62.333 0.083 A#3 15
62.500 0.083 A#3 15
62.667 0.100 A3 15
62.833 0.100 A3 15
63.000 0.100 A3 15
63.167 0.100 A3 15
63.333 0.100 A3 15
63.500 0.100 A3 15
63.667 0.100 A3 15
63.833 0.100 A3 15
64.000 0.100 A3 15
64.167 0.100 A3 15
64.333 0.100 A3 15
64.500 0.100 A3 15
64.667 0.100 A3 15
64.833 0.100 A3 15
65.000 0.100 A3 15
65.167 0.100 A3 15
65.333 0.100 A3 15
65.500 0.100 A3 15
65.667 0.100 A3 15
65.833 0.100 A3 15
66.000 0.100 A3 15
66.167 0.100 A3 15
66.333 0.100 A3 15
66.500 0.100 A3 15
66.667 0.100 A3 15
66.833 0.100 A3 15
67.000 0.100 A3 15
67.167 0.100 A3 15
67.333 0.100 A3 15
67.500 0.100 A3 15
67.667 0.100 A3 15
67.833 0.100 A3 15
68.000 0.100 D4 15
68.167 0.100 D5 15
68.333 0.100 D4 15
68.500 0.100 D5 15
68.667 0.100 D4 15
68.833 0.100 D5 15
69.000 0.100 D4 15
69.167 0.100 D5 15
69.333 0.100 D4 15
69.500 0.100 D5 15
69.667 0.100 D4 15
69.833 0.100 D5 15
70.000 0.100 D4 15
70.167 0.100 D5 15
70.333 0.100 D4 15
70.500 0.100 D5 15
70.667 0.100 A#3 15
70.833 0.100 A#4 15
71.000 0.100 A#3 15
71.167 0.100 A#4 15
71.333 0.100 A#3 15
71.500 0.100 A#4 15
71.667 0.100 A#3 15
71.833 0.100 A#4 15
72.000 0.100 A#3 15
72.167 0.100 A#4 15
72.333 0.100 A#3 15
72.500 0.100 A#4 15
72.667 0.100 A#3 15
72.833 0.100 A#4 15
73.000 0.100 C4 15
73.167 0.100 C#4 15
73.333 0.100 D4 15
73.500 0.100 D5 15
73.667 0.083 D4 15
73.833 0.083 D5 15
74.000 0.083 D4 15
74.167 0.083 D5 15
74.333 0.083 D4 15
74.500 0.083 D5 15
74.667 0.083 D4 15
74.833 0.083 D5 15
75.000 0.083 D4 15
75.167 0.083 D5 15
75.333 0.100 D4 15
75.500 0.100 D5 15
75.667 0.100 D4 15
75.833 0.100 D5 15
76.000 0.100 A#3 15
76.167 0.100 A#4 15
76.333 0.100 A#3 15
76.500 0.100 A#4 15
76.667 0.100 A#3 15
76.833 0.100 A#4 15
77.000 0.100 A#3 15
77.167 0.100 A#4 15
77.333 0.100 A#3 15
77.500 0.100 A#4 15
77.667 0.100 A#3 15
77.833 0.100 A#4 15
78.000 0.100 A#3 15
78.333 0.100 A#3 15
78.667 0.117 C4 15
79.167 0.117 C4 15
79.333 0.117 C4 15
79.500 0.117 C4 15
79.667 0.117 D4 15
79.833 0.117 E4 15
80.000 0.117 C4 15
80.500 0.117 C4 15
80.667 0.117 C4 15
80.833 0.117 C4 15
81.000 0.117 D4 15
81.167 0.117 E4 15
81.333 0.117 D4 15
81.833 0.117 D4 15
82.000 0.117 D4 15
82.167 0.117 D4 15
82.333 0.117 E4 15
82.500 0.117 F4 15
82.667 0.117 D4 15
83.167 0.117 D4 15
83.333 0.117 D4 15
83.500 0.117 D4 15
83.667 0.117 E4 15
83.833 0.117 F4 15
84.000 0.117 C4 15
84.500 0.117 C4 15
84.667 0.117 C4 15
84.833 0.117 C4 15
85.000 0.117 D4 15
85.167 0.117 E4 15
85.333 0.117 C4 15
85.833 0.117 C4 15
86.000 0.117 C4 15
86.167 0.117 C4 15
86.333 0.117 D4 15
86.500 0.117 E4 15
86.667 0.117 D4 15
87.167 0.117 D4 15
87.333 0.117 D4 15
87.500 0.117 D4 15
87.667 0.117 E4 15
87.833 0.117 F4 15
88.000 0.117 D4 15
88.500 0.117 D4 15
88.667 0.117 D4 15
88.833 0.117 D4 15
89.000 0.117 E4 15
89.167 0.117 F4 15
89.333 0.100 D4 15
89.500 0.100 D4 15
89.667 0.100 D4 15
89.833 0.100 D4 15
90.000 0.100 D4 15
90.167 0.100 D4 15
90.333 0.100 D4 15
90.500 0.100 D4 15
90.667 0.100 D4 15
90.833 0.100 D4 15
91.000 0.100 D4 15
91.167 0.100 D4 15
91.333 0.100 D4 15
91.500 0.100 D4 15
91.667 0.100 D4 15
91.833 0.100 D4 15
92.000 0.100 C4 15
92.167 0.100 C4 15
92.333 0.100 C4 15
92.500 0.100 C4 15
92.667 0.100 C4 15
92.833 0.100 C4 15
93.000 0.100 C4 15
93.167 0.100 C4 15
93.333 0.100 C4 15
93.500 0.100 C4 15
93.667 0.100 C4 15
93.833 0.100 C4 15
94.000 0.100 C4 15
94.167 0.100 C4 15
94.333 0.100 C4 15
94.500 0.100 C4 15
94.667 0.100 A#3 15
94.833 0.100 A#3 15
95.000 0.100 A#3 15
95.167 0.100 A#3 15
95.333 0.100 A#3 15
95.500 0.100 A#3 15
95.667 0.100 A#3 15
95.833 0.100 A#3 15
96.000 0.100 A#3 15
96.167 0.100 A#3 15
96.333 0.100 A#3 15
96.500 0.100 A#3 15
96.667 0.100 A#3 15
96.833 0.100 A#3 15
97.000 0.100 A#3 15
97.167 0.100 A#3 15
97.333 0.100 A3 15
97.500 0.100 A3 15
97.667 0.100 A3 15
97.833 0.100 A3 15
98.000 0.100 A3 15
98.167 0.100 A3 15
98.333 0.100 A3 15
98.500 0.083 A3 15
98.667 0.083 A3 15
98.833 0.083 A3 15
99.000 0.083 A3 15
99.167 0.083 A3 15
99.333 0.083 A3 15
99.500 0.083 A3 15
99.667 0.083 B3 15
99.833 0.083 C#4 15
100.000 0.083 D4 15
100.167 0.083 D4 15
100.333 0.100 D4 15
100.500 0.100 D4 15
100.667 0.100 D4 15
100.833 0.100 D4 15
101.000 0.100 D4 15
101.167 0.100 D4 15
101.333 0.100 D4 15
101.500 0.100 D4 15
101.667 0.100 D4 15
101.833 0.100 D4 15
102.000 0.100 D4 15
102.167 0.100 D4 15
102.333 0.100 D4 15
102.500 0.100 D4 15
102.667 0.100 C4 15
102.833 0.100 C4 15
103.000 0.100 C4 15
103.167 0.100 C4 15
103.333 0.100 C4 15
103.500 0.100 C4 15
103.667 0.100 C4 15
103.833 0.100 C4 15
104.000 0.100 C4 15
104.167 0.100 C4 15
104.333 0.100 C4 15
104.500 0.100 C4 15
104.667 0.100 C4 15
104.833 0.100 C4 15
105.000 0.100 C4 15
105.167 0.100 C4 15
105.333 0.100 A#3 15
105.500 0.100 A#3 15
105.667 0.100 A#3 15
105.833 0.100 A#3 15
106.000 0.100 A#3 15
106.167 0.100 A#3 15
106.333 0.100 A#3 15
106.500 0.100 A#3 15
106.667 0.100 A#3 15
106.833 0.100 A#3 15
107.000 0.100 A#3 15
107.167 0.100 A#3 15
107.333 0.100 A#3 15
107.500 0.100 A#3 15
107.667 0.100 A#3 15
107.833 0.100 A#3 15
108.000 0.100 A3 15
108.167 0.100 A3 15
108.333 0.100 A3 15
108.500 0.100 A3 15
108.667 0.100 A3 15
108.833 0.100 A3 15
109.000 0.100 A3 15
109.167 0.100 A3 15
109.333 0.100 A3 15
109.500 0.100 A3 15
109.667 0.100 A3 15
109.833 0.100 A3 15
110.000 0.100 A3 15
110.167 0.100 A3 15
110.333 0.100 A3 15
110.500 0.100 A3 15
110.667 0.100 A3 15
110.833 0.100 A3 15
111.000 0.083 A3 15
111.167 0.083 A3 15
111.333 0.083 A3 15
111.500 0.083 A3 15
111.667 0.083 A3 15
111.833 0.083 A3 15
112.000 0.083 A3 15
112.167 0.083 A3 15
112.333 0.083 A3 15
112.500 0.083 A3 15
112.667 0.083 A3 15
112.833 0.083 A3 15
113.000 0.100 A3 15
113.167 0.100 A3 15
113.333 0.100 D4 15
113.500 0.100 D5 15
113.667 0.100 D4 15
113.833 0.100 D5 15
114.000 0.100 D4 15
114.167 0.100 D5 15
114.333 0.100 D4 15
114.500 0.100 D5 15
114.667 0.100 D4 15
114.833 0.100 D5 15
115.000 0.100 D4 15
115.167 0.100 D5 15
115.333 0.100 D4 15
115.500 0.100 D5 15
115.667 0.100 D4 15
115.833 0.100 D5 15
116.000 0.100 A#3 15
116.167 0.100 A#4 15
116.333 0.100 A#3 15
116.500 0.100 A#4 15
116.667 0.100 A#3 15
116.833 0.100 A#4 15
117.000 0.100 A#3 15
117.167 0.100 A#4 15
117.333 0.100 A#3 15
117.500 0.100 A#4 15
117.667 0.100 A#3 15
117.833 0.100 A#4 15
118.000 0.100 A#3 15
118.167 0.100 A#4 15
118.333 0.100 C4 15
118.500 0.100 C#4 15
118.667 0.100 D4 15
118.833 0.100 D5 15
119.000 0.100 D4 15
119.167 0.100 D5 15
119.333 0.100 D4 15
119.500 0.100 D5 15
119.667 0.100 D4 15
119.833 0.100 D5 15
120.000 0.100 D4 15
120.167 3.567 D5 15
Noise(1452)
time dur noise vol drum
0.000 0.767 8 6 tom_high
0.767 0.050 13 1 kick_deep
0.833 0.100 8 6 tom_high
0.933 0.050 13 1 kick_deep
1.000 0.017 11 8 kick_tight
1.017 0.033 13 3 kick_deep
1.167 0.017 11 8 kick_tight
1.183 0.033 13 3 kick_deep
1.333 0.017 11 8 kick_tight
1.350 0.033 13 3 kick_deep
1.500 0.017 11 8 kick_tight
1.517 0.033 13 3 kick_deep
1.667 0.100 8 6 tom_high
1.767 0.050 13 1 kick_deep
1.833 0.017 11 8 kick_tight
1.850 0.033 13 3 kick_deep
2.000 0.017 11 8 kick_tight
2.017 0.033 13 3 kick_deep
2.167 0.017 11 8 kick_tight
2.183 0.033 13 3 kick_deep
2.333 0.100 8 6 tom_high
2.433 0.050 13 1 kick_deep
2.500 0.017 11 8 kick_tight
2.517 0.033 13 3 kick_deep
2.667 0.017 11 8 kick_tight
2.683 0.033 13 3 kick_deep
2.833 0.017 11 8 kick_tight
2.850 0.033 13 3 kick_deep
3.000 0.100 8 6 tom_high
3.100 0.050 13 1 kick_deep
3.167 0.017 11 8 kick_tight
3.183 0.033 13 3 kick_deep
3.333 0.017 11 8 kick_tight
3.350 0.033 13 3 kick_deep
3.500 0.017 11 8 kick_tight
3.517 0.033 13 3 kick_deep
3.667 0.100 8 6 tom_high
3.767 0.050 13 1 kick_deep
3.833 0.017 11 8 kick_tight
3.850 0.033 13 3 kick_deep
4.000 0.017 11 8 kick_tight
4.017 0.033 13 3 kick_deep
4.167 0.017 11 8 kick_tight
4.183 0.033 13 3 kick_deep
4.333 0.100 8 6 tom_high
4.433 0.050 13 1 kick_deep
4.500 0.017 11 8 kick_tight
4.517 0.033 13 3 kick_deep
4.667 0.017 11 8 kick_tight
4.683 0.033 13 3 kick_deep
4.833 0.017 11 8 kick_tight
4.850 0.033 13 3 kick_deep
5.000 0.100 8 6 tom_high
5.100 0.050 13 1 kick_deep
5.167 0.017 11 8 kick_tight
5.183 0.033 13 3 kick_deep
5.333 0.017 11 8 kick_tight
5.350 0.033 13 3 kick_deep
5.500 0.100 8 6 tom_high
5.600 0.050 13 1 kick_deep
5.667 0.100 8 6 tom_high
5.767 0.050 13 1 kick_deep
5.833 0.017 11 8 kick_tight
5.850 0.033 13 3 kick_deep
6.000 0.017 11 8 kick_tight
6.017 0.033 13 3 kick_deep
6.083 0.017 11 8 kick_tight
6.100 0.033 13 3 kick_deep
6.167 0.100 8 6 tom_high
6.267 0.050 13 1 kick_deep
6.333 0.017 11 8 kick_tight
6.350 0.033 13 3 kick_deep
6.500 0.017 11 8 kick_tight
6.517 0.033 13 3 kick_deep
6.667 0.017 11 8 kick_tight
6.683 0.033 13 3 kick_deep
6.833 0.017 11 8 kick_tight
6.850 0.033 13 3 kick_deep
7.000 0.100 8 6 tom_high
7.100 0.050 13 1 kick_deep
7.167 0.017 11 8 kick_tight
7.183 0.033 13 3 kick_deep
7.333 0.017 11 8 kick_tight
7.350 0.033 13 3 kick_deep
7.500 0.017 11 8 kick_tight
7.517 0.033 13 3 kick_deep
7.667 0.100 8 6 tom_high
7.767 0.050 13 1 kick_deep
7.833 0.017 11 8 kick_tight
7.850 0.033 13 3 kick_deep
8.000 0.017 11 8 kick_tight
8.017 0.033 13 3 kick_deep
8.167 0.017 11 8 kick_tight
8.183 0.033 13 3 kick_deep
8.333 0.100 8 6 tom_high
8.433 0.050 13 1 kick_deep
8.500 0.017 11 8 kick_tight
8.517 0.033 13 3 kick_deep
8.667 0.017 11 8 kick_tight
8.683 0.033 13 3 kick_deep
8.833 0.017 11 8 kick_tight
8.850 0.033 13 3 kick_deep
9.000 0.100 8 6 tom_high
9.100 0.050 13 1 kick_deep
9.167 0.017 11 8 kick_tight
9.183 0.033 13 3 kick_deep
9.333 0.017 11 8 kick_tight
9.350 0.033 13 3 kick_deep
9.500 0.017 11 8 kick_tight
9.517 0.033 13 3 kick_deep
9.667 0.100 8 6 tom_high
9.767 0.050 13 1 kick_deep
9.833 0.017 11 8 kick_tight
9.850 0.033 13 3 kick_deep
10.000 0.017 11 8 kick_tight
10.017 0.033 13 3 kick_deep
10.167 0.017 11 8 kick_tight
10.183 0.033 13 3 kick_deep
10.333 0.100 8 6 tom_high
10.433 0.050 13 1 kick_deep
10.500 0.017 11 8 kick_tight
10.517 0.033 13 3 kick_deep
10.667 0.017 11 8 kick_tight
10.683 0.033 13 3 kick_deep
10.833 0.100 8 6 tom_high
10.933 0.050 13 1 kick_deep
11.000 0.100 8 6 tom_high
11.100 0.050 13 1 kick_deep
11.167 0.017 11 8 kick_tight
11.183 0.033 13 3 kick_deep
11.333 0.017 11 8 kick_tight
11.350 0.033 13 3 kick_deep
11.417 0.017 11 8 kick_tight
11.433 0.033 13 3 kick_deep
11.500 0.017 11 8 kick_tight
11.517 0.033 13 3 kick_deep
11.667 0.100 8 6 tom_high
11.767 0.050 13 1 kick_deep
11.833 0.100 8 6 tom_high
11.933 0.050 13 1 kick_deep
12.000 0.100 8 6 tom_high
12.100 0.050 13 1 kick_deep
12.167 0.017 11 8 kick_tight
12.183 0.033 13 3 kick_deep
12.333 0.017 11 8 kick_tight
12.350 0.033 13 3 kick_deep
12.500 0.100 8 6 tom_high
12.600 0.050 13 1 kick_deep
12.667 0.100 8 6 tom_high
12.767 0.050 13 1 kick_deep
12.833 0.017 11 8 kick_tight
12.850 0.033 13 3 kick_deep
13.000 0.017 11 8 kick_tight
13.017 0.033 13 3 kick_deep
13.167 0.017 11 8 kick_tight
13.183 0.033 13 3 kick_deep
13.333 0.100 8 6 tom_high
13.433 0.050 13 1 kick_deep
13.500 0.017 11 8 kick_tight
13.517 0.033 13 3 kick_deep
13.667 0.017 11 8 kick_tight
13.683 0.033 13 3 kick_deep
13.833 0.100 8 6 tom_high
13.933 0.050 13 1 kick_deep
14.000 0.100 8 6 tom_high
14.100 0.050 13 1 kick_deep
14.167 0.017 11 8 kick_tight
14.183 0.033 13 3 kick_deep
14.333 0.017 11 8 kick_tight
14.350 0.033 13 3 kick_deep
14.500 0.017 11 8 kick_tight
14.517 0.033 13 3 kick_deep
14.667 0.100 8 6 tom_high
14.767 0.050 13 1 kick_deep
14.833 0.017 11 8 kick_tight
14.850 0.033 13 3 kick_deep
15.000 0.017 11 8 kick_tight
15.017 0.033 13 3 kick_deep
15.167 0.100 8 6 tom_high
15.267 0.050 13 1 kick_deep
15.333 0.100 8 6 tom_high
15.433 0.050 13 1 kick_deep
15.500 0.017 11 8 kick_tight
15.517 0.033 13 3 kick_deep
15.667 0.017 11 8 kick_tight
15.683 0.033 13 3 kick_deep
15.833 0.017 11 8 kick_tight
15.850 0.033 13 3 kick_deep
16.000 0.100 8 6 tom_high
16.100 0.050 13 1 kick_deep
16.167 0.017 11 8 kick_tight
16.183 0.033 13 3 kick_deep
16.333 0.017 11 8 kick_tight
16.350 0.033 13 3 kick_deep
16.500 0.100 8 6 tom_high
16.600 0.050 13 1 kick_deep
16.667 0.100 8 6 tom_high
16.767 0.050 13 1 kick_deep
16.833 0.017 11 8 kick_tight
16.850 0.033 13 3 kick_deep
17.000 0.017 11 8 kick_tight
17.017 0.033 13 3 kick_deep
17.167 0.017 11 8 kick_tight
17.183 0.033 13 3 kick_deep
17.333 0.017 11 8 kick_tight
17.350 0.033 13 3 kick_deep
17.417 0.017 11 8 kick_tight
17.433 0.033 13 3 kick_deep
17.500 0.017 11 8 kick_tight
17.517 0.033 13 3 kick_deep
17.667 0.100 8 6 tom_high
17.767 0.050 13 1 kick_deep
17.833 0.017 11 8 kick_tight
17.850 0.033 13 3 kick_deep
18.000 0.017 11 8 kick_tight
18.017 0.033 13 3 kick_deep
18.083 0.017 11 8 kick_tight
18.100 0.033 13 3 kick_deep
18.167 0.017 11 8 kick_tight
18.183 0.033 13 3 kick_deep
18.333 0.100 8 6 tom_high
18.433 0.050 13 1 kick_deep
18.500 0.017 11 8 kick_tight
18.517 0.033 13 3 kick_deep
18.667 0.017 11 8 kick_tight
18.683 0.033 13 3 kick_deep
18.750 0.017 11 8 kick_tight
18.767 0.033 13 3 kick_deep
18.833 0.017 11 8 kick_tight
18.850 0.033 13 3 kick_deep
19.000 0.100 8 6 tom_high
19.100 0.050 13 1 kick_deep
19.167 0.017 11 8 kick_tight
19.183 0.033 13 3 kick_deep
19.333 0.017 11 8 kick_tight
19.350 0.033 13 3 kick_deep
19.417 0.017 11 8 kick_tight
19.433 0.033 13 3 kick_deep
19.500 0.017 11 8 kick_tight
19.517 0.033 13 3 kick_deep
19.667 0.100 8 6 tom_high
19.767 0.050 13 1 kick_deep
19.833 0.017 11 8 kick_tight
19.850 0.033 13 3 kick_deep
20.000 0.017 11 8 kick_tight
20.017 0.033 13 3 kick_deep
20.083 0.017 11 8 kick_tight
20.100 0.033 13 3 kick_deep
20.167 0.017 11 8 kick_tight
20.183 0.033 13 3 kick_deep
20.333 0.100 8 6 tom_high
20.433 0.050 13 1 kick_deep
20.500 0.017 11 8 kick_tight
20.517 0.033 13 3 kick_deep
20.667 0.017 11 8 kick_tight
20.683 0.033 13 3 kick_deep
20.750 0.017 11 8 kick_tight
20.767 0.033 13 3 kick_deep
20.833 0.017 11 8 kick_tight
20.850 0.033 13 3 kick_deep
21.000 0.100 8 6 tom_high
21.100 0.050 13 1 kick_deep
21.167 0.017 11 8 kick_tight
21.183 0.033 13 3 kick_deep
21.333 0.017 11 8 kick_tight
21.350 0.033 13 3 kick_deep
21.417 0.017 11 8 kick_tight
21.433 0.033 13 3 kick_deep
21.500 0.017 11 8 kick_tight
21.517 0.033 13 3 kick_deep
21.667 0.100 8 6 tom_high
21.767 0.050 13 1 kick_deep
21.833 0.017 11 8 kick_tight
21.850 0.033 13 3 kick_deep
22.000 0.017 11 8 kick_tight
22.017 0.033 13 3 kick_deep
22.083 0.017 11 8 kick_tight
22.100 0.033 13 3 kick_deep
22.167 0.017 11 8 kick_tight
22.183 0.033 13 3 kick_deep
22.333 0.100 8 6 tom_high
22.433 0.050 13 1 kick_deep
22.500 0.017 11 8 kick_tight
22.517 0.033 13 3 kick_deep
22.667 0.017 11 8 kick_tight
22.683 0.033 13 3 kick_deep
22.833 0.017 11 8 kick_tight
22.850 0.033 13 3 kick_deep
23.000 0.100 8 6 tom_high
23.100 0.050 13 1 kick_deep
23.167 0.017 11 8 kick_tight
23.183 0.033 13 3 kick_deep
23.333 0.017 11 8 kick_tight
23.350 0.033 13 3 kick_deep
23.500 0.017 11 8 kick_tight
23.517 0.033 13 3 kick_deep
23.667 0.100 8 6 tom_high
23.767 0.050 13 1 kick_deep
23.833 0.017 11 8 kick_tight
23.850 0.033 13 3 kick_deep
24.000 0.017 11 8 kick_tight
24.017 0.033 13 3 kick_deep
24.167 0.017 11 8 kick_tight
24.183 0.033 13 3 kick_deep
24.333 0.100 8 6 tom_high
24.433 0.050 13 1 kick_deep
24.500 0.017 11 8 kick_tight
24.517 0.033 13 3 kick_deep
24.667 0.017 11 8 kick_tight
24.683 0.033 13 3 kick_deep
24.833 0.017 11 8 kick_tight
24.850 0.033 13 3 kick_deep
25.000 0.100 8 6 tom_high
25.100 0.050 13 1 kick_deep
25.167 0.017 11 8 kick_tight
25.183 0.033 13 3 kick_deep
25.333 0.017 11 8 kick_tight
25.350 0.033 13 3 kick_deep
25.500 0.017 11 8 kick_tight
25.517 0.033 13 3 kick_deep
25.667 0.100 8 6 tom_high
25.767 0.050 13 1 kick_deep
25.833 0.017 11 8 kick_tight
25.850 0.033 13 3 kick_deep
26.000 0.017 11 8 kick_tight
26.017 0.033 13 3 kick_deep
26.167 0.017 11 8 kick_tight
26.183 0.033 13 3 kick_deep
26.333 0.100 8 6 tom_high
26.433 0.050 13 1 kick_deep
26.500 0.017 11 8 kick_tight
26.517 0.033 13 3 kick_deep
26.667 0.017 11 8 kick_tight
26.683 0.033 13 3 kick_deep
26.833 0.017 11 8 kick_tight
26.850 0.033 13 3 kick_deep
27.000 0.100 8 6 tom_high
27.100 0.050 13 1 kick_deep
27.167 0.017 11 8 kick_tight
27.183 0.033 13 3 kick_deep
27.333 0.100 8 6 tom_high
27.433 0.050 13 1 kick_deep
27.500 0.017 11 8 kick_tight
27.517 0.033 13 3 kick_deep
27.667 0.100 8 6 tom_high
27.767 0.050 13 1 kick_deep
27.833 0.100 8 6 tom_high
27.933 0.050 13 1 kick_deep
28.000 0.017 11 8 kick_tight
28.017 0.033 13 3 kick_deep
28.167 0.017 11 8 kick_tight
28.183 0.033 13 3 kick_deep
28.333 0.100 8 6 tom_high
28.433 0.050 13 1 kick_deep
28.500 0.017 11 8 kick_tight
28.517 0.033 13 3 kick_deep
28.667 0.017 11 8 kick_tight
28.683 0.033 13 3 kick_deep
28.833 0.017 11 8 kick_tight
28.850 0.033 13 3 kick_deep
29.000 0.100 8 6 tom_high
29.100 0.050 13 1 kick_deep
29.167 0.017 11 8 kick_tight
29.183 0.033 13 3 kick_deep
29.333 0.017 11 8 kick_tight
29.350 0.033 13 3 kick_deep
29.500 0.017 11 8 kick_tight
29.517 0.033 13 3 kick_deep
29.667 0.100 8 6 tom_high
29.767 0.050 13 1 kick_deep
29.833 0.017 11 8 kick_tight
29.850 0.033 13 3 kick_deep
30.000 0.017 11 8 kick_tight
30.017 0.033 13 3 kick_deep
30.167 0.017 11 8 kick_tight
30.183 0.033 13 3 kick_deep
30.333 0.100 8 6 tom_high
30.433 0.050 13 1 kick_deep
30.500 0.017 11 8 kick_tight
30.517 0.033 13 3 kick_deep
30.667 0.017 11 8 kick_tight
30.683 0.033 13 3 kick_deep
30.833 0.017 11 8 kick_tight
30.850 0.033 13 3 kick_deep
31.000 0.100 8 6 tom_high
31.100 0.050 13 1 kick_deep
31.167 0.017 11 8 kick_tight
31.183 0.033 13 3 kick_deep
31.333 0.017 11 8 kick_tight
31.350 0.033 13 3 kick_deep
31.500 0.017 11 8 kick_tight
31.517 0.033 13 3 kick_deep
31.667 0.100 8 6 tom_high
31.767 0.050 13 1 kick_deep
31.833 0.017 11 8 kick_tight
31.850 0.033 13 3 kick_deep
32.000 0.017 11 8 kick_tight
32.017 0.033 13 3 kick_deep
32.167 0.017 11 8 kick_tight
32.183 0.033 13 3 kick_deep
32.333 0.100 8 6 tom_high
32.433 0.050 13 1 kick_deep
32.500 0.017 11 8 kick_tight
32.517 0.033 13 3 kick_deep
32.667 0.100 8 6 tom_high
32.767 0.050 13 1 kick_deep
32.833 0.017 11 8 kick_tight
32.850 0.033 13 3 kick_deep
32.917 0.017 11 8 kick_tight
32.933 0.033 13 3 kick_deep
33.000 0.100 8 6 tom_high
33.100 0.050 13 1 kick_deep
33.167 0.183 8 6 tom_high
33.350 0.050 13 1 kick_deep
33.417 0.017 11 8 kick_tight
33.433 0.033 13 3 kick_deep
33.500 0.017 11 8 kick_tight
33.517 0.033 13 3 kick_deep
33.667 0.100 8 6 tom_high
33.767 0.050 13 1 kick_deep
33.833 0.017 11 8 kick_tight
33.850 0.033 13 3 kick_deep
34.000 0.017 11 8 kick_tight
34.017 0.033 13 3 kick_deep
34.167 0.183 8 6 tom_high
34.350 0.050 13 1 kick_deep
34.500 0.100 8 6 tom_high
34.600 0.050 13 1 kick_deep
34.667 0.017 11 8 kick_tight
34.683 0.033 13 3 kick_deep
34.750 0.017 11 8 kick_tight
34.767 0.033 13 3 kick_deep
34.833 0.017 11 8 kick_tight
34.850 0.033 13 3 kick_deep
35.000 0.100 8 6 tom_high
35.100 0.050 13 1 kick_deep
35.167 0.017 11 8 kick_tight
35.183 0.033 13 3 kick_deep
35.333 0.017 11 8 kick_tight
35.350 0.033 13 3 kick_deep
35.500 0.183 8 6 tom_high
35.683 0.050 13 1 kick_deep
35.833 0.100 8 6 tom_high
35.933 0.050 13 1 kick_deep
36.000 0.017 11 8 kick_tight
36.017 0.033 13 3 kick_deep
36.083 0.017 11 8 kick_tight
36.100 0.033 13 3 kick_deep
36.167 0.017 11 8 kick_tight
36.183 0.033 13 3 kick_deep
36.333 0.100 8 6 tom_high
36.433 0.050 13 1 kick_deep
36.500 0.017 11 8 kick_tight
36.517 0.033 13 3 kick_deep
36.667 0.017 11 8 kick_tight
36.683 0.033 13 3 kick_deep
36.833 0.183 8 6 tom_high
37.017 0.050 13 1 kick_deep
37.167 0.100 8 6 tom_high
37.267 0.050 13 1 kick_deep
37.333 0.017 11 8 kick_tight
37.350 0.033 13 3 kick_deep
37.417 0.017 11 8 kick_tight
37.433 0.033 13 3 kick_deep
37.500 0.017 11 8 kick_tight
37.517 0.033 13 3 kick_deep
37.667 0.100 8 6 tom_high
37.767 0.050 13 1 kick_deep
37.833 0.017 11 8 kick_tight
37.850 0.033 13 3 kick_deep
38.000 0.017 11 8 kick_tight
38.017 0.033 13 3 kick_deep
38.167 0.183 8 6 tom_high
38.350 0.050 13 1 kick_deep
38.500 0.100 8 6 tom_high
38.600 0.050 13 1 kick_deep
38.667 0.017 11 8 kick_tight
38.683 0.033 13 3 kick_deep
38.750 0.017 11 8 kick_tight
38.767 0.033 13 3 kick_deep
38.833 0.017 11 8 kick_tight
38.850 0.033 13 3 kick_deep
39.000 0.100 8 6 tom_high
39.100 0.050 13 1 kick_deep
39.167 0.017 11 8 kick_tight
39.183 0.033 13 3 kick_deep
39.333 0.017 11 8 kick_tight
39.350 0.033 13 3 kick_deep
39.500 0.183 8 6 tom_high
39.683 0.050 13 1 kick_deep
39.833 0.100 8 6 tom_high
39.933 0.050 13 1 kick_deep
40.000 0.017 11 8 kick_tight
40.017 0.033 13 3 kick_deep
40.083 0.017 11 8 kick_tight
40.100 0.033 13 3 kick_deep
40.167 0.017 11 8 kick_tight
40.183 0.033 13 3 kick_deep
40.333 0.100 8 6 tom_high
40.433 0.050 13 1 kick_deep
40.500 0.017 11 8 kick_tight
40.517 0.033 13 3 kick_deep
40.667 0.017 11 8 kick_tight
40.683 0.033 13 3 kick_deep
40.833 0.183 8 6 tom_high
41.017 0.050 13 1 kick_deep
41.167 0.100 8 6 tom_high
41.267 0.050 13 1 kick_deep
41.333 0.017 11 8 kick_tight
41.350 0.033 13 3 kick_deep
41.417 0.017 11 8 kick_tight
41.433 0.033 13 3 kick_deep
41.500 0.017 11 8 kick_tight
41.517 0.033 13 3 kick_deep
41.667 0.100 8 6 tom_high
41.767 0.050 13 1 kick_deep
41.833 0.017 11 8 kick_tight
41.850 0.033 13 3 kick_deep
42.000 0.017 11 8 kick_tight
42.017 0.033 13 3 kick_deep
42.167 0.183 8 6 tom_high
42.350 0.050 13 1 kick_deep
42.500 0.100 8 6 tom_high
42.600 0.050 13 1 kick_deep
42.667 0.017 11 8 kick_tight
42.683 0.033 13 3 kick_deep
42.750 0.017 11 8 kick_tight
42.767 0.033 13 3 kick_deep
42.833 0.017 11 8 kick_tight
42.850 0.033 13 3 kick_deep
43.000 0.100 8 6 tom_high
43.100 0.050 13 1 kick_deep
43.167 0.017 11 8 kick_tight
43.183 0.033 13 3 kick_deep
43.333 0.017 11 8 kick_tight
43.350 0.033 13 3 kick_deep
43.500 0.183 8 6 tom_high
43.683 0.050 13 1 kick_deep
43.833 0.100 8 6 tom_high
43.933 0.050 13 1 kick_deep
44.000 0.017 11 8 kick_tight
44.017 0.033 13 3 kick_deep
44.167 0.017 11 8 kick_tight
44.183 0.033 13 3 kick_deep
44.333 0.100 8 6 tom_high
44.433 0.050 13 1 kick_deep
44.500 0.017 11 8 kick_tight
44.517 0.033 13 3 kick_deep
44.667 0.017 11 8 kick_tight
44.683 0.033 13 3 kick_deep
44.833 0.017 11 8 kick_tight
44.850 0.033 13 3 kick_deep
45.000 0.100 8 6 tom_high
45.100 0.050 13 1 kick_deep
45.167 0.017 11 8 kick_tight
45.183 0.033 13 3 kick_deep
45.333 0.017 11 8 kick_tight
45.350 0.033 13 3 kick_deep
45.500 0.017 11 8 kick_tight
45.517 0.033 13 3 kick_deep
45.667 0.100 8 6 tom_high
45.767 0.050 13 1 kick_deep
45.833 0.017 11 8 kick_tight
45.850 0.033 13 3 kick_deep
46.000 0.017 11 8 kick_tight
46.017 0.033 13 3 kick_deep
46.167 0.017 11 8 kick_tight
46.183 0.033 13 3 kick_deep
46.333 0.100 8 6 tom_high
46.433 0.050 13 1 kick_deep
46.500 0.017 11 8 kick_tight
46.517 0.033 13 3 kick_deep
46.667 0.017 11 8 kick_tight
46.683 0.033 13 3 kick_deep
46.833 0.017 11 8 kick_tight
46.850 0.033 13 3 kick_deep
47.000 0.100 8 6 tom_high
47.100 0.050 13 1 kick_deep
47.167 0.017 11 8 kick_tight
47.183 0.033 13 3 kick_deep
47.333 0.017 11 8 kick_tight
47.350 0.033 13 3 kick_deep
47.500 0.017 11 8 kick_tight
47.517 0.033 13 3 kick_deep
47.667 0.100 8 6 tom_high
47.767 0.050 13 1 kick_deep
47.833 0.017 11 8 kick_tight
47.850 0.033 13 3 kick_deep
48.000 0.017 11 8 kick_tight
48.017 0.033 13 3 kick_deep
48.167 0.017 11 8 kick_tight
48.183 0.033 13 3 kick_deep
48.333 0.100 8 6 tom_high
48.433 0.050 13 1 kick_deep
48.500 0.017 11 8 kick_tight
48.517 0.033 13 3 kick_deep
48.667 0.017 11 8 kick_tight
48.683 0.033 13 3 kick_deep
48.833 0.017 11 8 kick_tight
48.850 0.033 13 3 kick_deep
49.000 0.100 8 6 tom_high
49.100 0.050 13 1 kick_deep
49.167 0.017 11 8 kick_tight
49.183 0.033 13 3 kick_deep
49.333 0.017 11 8 kick_tight
49.350 0.033 13 3 kick_deep
49.500 0.017 11 8 kick_tight
49.517 0.033 13 3 kick_deep
49.667 0.100 8 6 tom_high
49.767 0.050 13 1 kick_deep
49.833 0.017 11 8 kick_tight
49.850 0.033 13 3 kick_deep
50.000 0.017 11 8 kick_tight
50.017 0.033 13 3 kick_deep
50.167 0.017 11 8 kick_tight
50.183 0.033 13 3 kick_deep
50.333 0.100 8 6 tom_high
50.433 0.050 13 1 kick_deep
50.500 0.017 11 8 kick_tight
50.517 0.033 13 3 kick_deep
50.667 0.017 11 8 kick_tight
50.683 0.033 13 3 kick_deep
50.833 0.017 11 8 kick_tight
50.850 0.033 13 3 kick_deep
51.000 0.100 8 6 tom_high
51.100 0.050 13 1 kick_deep
51.167 0.017 11 8 kick_tight
51.183 0.033 13 3 kick_deep
51.333 0.017 11 8 kick_tight
51.350 0.033 13 3 kick_deep
51.500 0.017 11 8 kick_tight
51.517 0.033 13 3 kick_deep
51.667 0.100 8 6 tom_high
51.767 0.050 13 1 kick_deep
51.833 0.017 11 8 kick_tight
51.850 0.033 13 3 kick_deep
52.000 0.017 11 8 kick_tight
52.017 0.033 13 3 kick_deep
52.167 0.017 11 8 kick_tight
52.183 0.033 13 3 kick_deep
52.333 0.100 8 6 tom_high
52.433 0.050 13 1 kick_deep
52.500 0.017 11 8 kick_tight
52.517 0.033 13 3 kick_deep
52.667 0.017 11 8 kick_tight
52.683 0.033 13 3 kick_deep
52.833 0.017 11 8 kick_tight
52.850 0.033 13 3 kick_deep
53.000 0.100 8 6 tom_high
53.100 0.050 13 1 kick_deep
53.167 0.017 11 8 kick_tight
53.183 0.033 13 3 kick_deep
53.333 0.017 11 8 kick_tight
53.350 0.033 13 3 kick_deep
53.500 0.017 11 8 kick_tight
53.517 0.033 13 3 kick_deep
53.667 0.100 8 6 tom_high
53.767 0.050 13 1 kick_deep
53.833 0.017 11 8 kick_tight
53.850 0.033 13 3 kick_deep
54.000 0.017 11 8 kick_tight
54.017 0.033 13 3 kick_deep
54.167 0.017 11 8 kick_tight
54.183 0.033 13 3 kick_deep
54.333 0.100 8 6 tom_high
54.433 0.050 13 1 kick_deep
54.500 0.017 11 8 kick_tight
54.517 0.033 13 3 kick_deep
54.667 0.017 11 8 kick_tight
54.683 0.033 13 3 kick_deep
54.833 0.017 11 8 kick_tight
54.850 0.033 13 3 kick_deep
55.000 0.100 8 6 tom_high
55.100 0.050 13 1 kick_deep
55.167 0.017 11 8 kick_tight
55.183 0.033 13 3 kick_deep
55.333 0.017 11 8 kick_tight
55.350 0.033 13 3 kick_deep
55.500 0.017 11 8 kick_tight
55.517 0.033 13 3 kick_deep
55.667 0.100 8 6 tom_high
55.767 0.050 13 1 kick_deep
55.833 0.017 11 8 kick_tight
55.850 0.033 13 3 kick_deep
56.000 0.017 11 8 kick_tight
56.017 0.033 13 3 kick_deep
56.167 0.017 11 8 kick_tight
56.183 0.033 13 3 kick_deep
56.333 0.100 8 6 tom_high
56.433 0.050 13 1 kick_deep
56.500 0.017 11 8 kick_tight
56.517 0.033 13 3 kick_deep
56.667 0.017 11 8 kick_tight
56.683 0.033 13 3 kick_deep
56.833 0.017 11 8 kick_tight
56.850 0.033 13 3 kick_deep
57.000 0.100 8 6 tom_high
57.100 0.050 13 1 kick_deep
57.167 0.017 11 8 kick_tight
57.183 0.033 13 3 kick_deep
57.333 0.017 11 8 kick_tight
57.350 0.033 13 3 kick_deep
57.500 0.017 11 8 kick_tight
57.517 0.033 13 3 kick_deep
57.667 0.100 8 6 tom_high
57.767 0.050 13 1 kick_deep
57.833 0.017 11 8 kick_tight
57.850 0.033 13 3 kick_deep
58.000 0.017 11 8 kick_tight
58.017 0.033 13 3 kick_deep
58.167 0.017 11 8 kick_tight
58.183 0.033 13 3 kick_deep
58.333 0.100 8 6 tom_high
58.433 0.050 13 1 kick_deep
58.500 0.017 11 8 kick_tight
58.517 0.033 13 3 kick_deep
58.667 0.017 11 8 kick_tight
58.683 0.033 13 3 kick_deep
58.833 0.017 11 8 kick_tight
58.850 0.033 13 3 kick_deep
59.000 0.100 8 6 tom_high
59.100 0.050 13 1 kick_deep
59.167 0.017 11 8 kick_tight
59.183 0.033 13 3 kick_deep
59.333 0.017 11 8 kick_tight
59.350 0.033 13 3 kick_deep
59.500 0.017 11 8 kick_tight
59.517 0.033 13 3 kick_deep
59.667 0.100 8 6 tom_high
59.767 0.050 13 1 kick_deep
59.833 0.017 11 8 kick_tight
59.850 0.033 13 3 kick_deep
60.000 0.017 11 8 kick_tight
60.017 0.033 13 3 kick_deep
60.167 0.017 11 8 kick_tight
60.183 0.033 13 3 kick_deep
60.333 0.100 8 6 tom_high
60.433 0.050 13 1 kick_deep
60.500 0.017 11 8 kick_tight
60.517 0.033 13 3 kick_deep
60.667 0.017 11 8 kick_tight
60.683 0.033 13 3 kick_deep
60.833 0.017 11 8 kick_tight
60.850 0.033 13 3 kick_deep
61.000 0.100 8 6 tom_high
61.100 0.050 13 1 kick_deep
61.167 0.017 11 8 kick_tight
61.183 0.033 13 3 kick_deep
61.333 0.017 11 8 kick_tight
61.350 0.033 13 3 kick_deep
61.500 0.017 11 8 kick_tight
61.517 0.033 13 3 kick_deep
61.667 0.100 8 6 tom_high
61.767 0.050 13 1 kick_deep
61.833 0.017 11 8 kick_tight
61.850 0.033 13 3 kick_deep
62.000 0.017 11 8 kick_tight
62.017 0.033 13 3 kick_deep
62.167 0.017 11 8 kick_tight
62.183 0.033 13 3 kick_deep
62.333 0.100 8 6 tom_high
62.433 0.050 13 1 kick_deep
62.500 0.017 11 8 kick_tight
62.517 0.033 13 3 kick_deep
62.667 0.017 11 8 kick_tight
62.683 0.033 13 3 kick_deep
62.833 0.017 11 8 kick_tight
62.850 0.033 13 3 kick_deep
63.000 0.100 8 6 tom_high
63.100 0.050 13 1 kick_deep
63.167 0.017 11 8 kick_tight
63.183 0.033 13 3 kick_deep
63.333 0.017 11 8 kick_tight
63.350 0.033 13 3 kick_deep
63.500 0.017 11 8 kick_tight
63.517 0.033 13 3 kick_deep
63.667 0.100 8 6 tom_high
63.767 0.050 13 1 kick_deep
63.833 0.017 11 8 kick_tight
63.850 0.033 13 3 kick_deep
64.000 0.017 11 8 kick_tight
64.017 0.033 13 3 kick_deep
64.167 0.017 11 8 kick_tight
64.183 0.033 13 3 kick_deep
64.333 0.100 8 6 tom_high
64.433 0.050 13 1 kick_deep
64.500 0.017 11 8 kick_tight
64.517 0.033 13 3 kick_deep
64.667 0.017 11 8 kick_tight
64.683 0.033 13 3 kick_deep
64.833 0.017 11 8 kick_tight
64.850 0.033 13 3 kick_deep
65.000 0.100 8 6 tom_high
65.100 0.050 13 1 kick_deep
65.167 0.017 11 8 kick_tight
65.183 0.033 13 3 kick_deep
65.333 0.017 11 8 kick_tight
65.350 0.033 13 3 kick_deep
65.500 0.017 11 8 kick_tight
65.517 0.033 13 3 kick_deep
65.667 0.100 8 6 tom_high
65.767 0.050 13 1 kick_deep
65.833 0.017 11 8 kick_tight
65.850 0.033 13 3 kick_deep
66.000 0.017 11 8 kick_tight
66.017 0.033 13 3 kick_deep
66.167 0.017 11 8 kick_tight
66.183 0.033 13 3 kick_deep
66.333 0.100 8 6 tom_high
66.433 0.050 13 1 kick_deep
66.500 0.017 11 8 kick_tight
66.517 0.033 13 3 kick_deep
66.667 0.017 11 8 kick_tight
66.683 0.033 13 3 kick_deep
66.833 0.017 11 8 kick_tight
66.850 0.033 13 3 kick_deep
67.000 0.100 8 6 tom_high
67.100 0.050 13 1 kick_deep
67.167 0.017 11 8 kick_tight
67.183 0.033 13 3 kick_deep
67.333 0.017 11 8 kick_tight
67.350 0.033 13 3 kick_deep
67.500 0.017 11 8 kick_tight
67.517 0.033 13 3 kick_deep
67.667 0.100 8 6 tom_high
67.767 0.050 13 1 kick_deep
67.833 0.183 8 6 tom_high
68.017 0.050 13 1 kick_deep
68.167 0.017 11 8 kick_tight
68.183 0.033 13 3 kick_deep
68.333 0.100 8 6 tom_high
68.433 0.050 13 1 kick_deep
68.500 0.017 11 8 kick_tight
68.517 0.033 13 3 kick_deep
68.667 0.017 11 8 kick_tight
68.683 0.033 13 3 kick_deep
68.833 0.017 11 8 kick_tight
68.850 0.033 13 3 kick_deep
69.000 0.100 8 6 tom_high
69.100 0.050 13 1 kick_deep
69.167 0.017 11 8 kick_tight
69.183 0.033 13 3 kick_deep
69.333 0.017 11 8 kick_tight
69.350 0.033 13 3 kick_deep
69.500 0.017 11 8 kick_tight
69.517 0.033 13 3 kick_deep
69.667 0.100 8 6 tom_high
69.767 0.050 13 1 kick_deep
69.833 0.017 11 8 kick_tight
69.850 0.033 13 3 kick_deep
70.000 0.017 11 8 kick_tight
70.017 0.033 13 3 kick_deep
70.167 0.017 11 8 kick_tight
70.183 0.033 13 3 kick_deep
70.333 0.100 8 6 tom_high
70.433 0.050 13 1 kick_deep
70.500 0.017 11 8 kick_tight
70.517 0.033 13 3 kick_deep
70.667 0.017 11 8 kick_tight
70.683 0.033 13 3 kick_deep
70.833 0.017 11 8 kick_tight
70.850 0.033 13 3 kick_deep
71.000 0.100 8 6 tom_high
71.100 0.050 13 1 kick_deep
71.167 0.017 11 8 kick_tight
71.183 0.033 13 3 kick_deep
71.333 0.017 11 8 kick_tight
71.350 0.033 13 3 kick_deep
71.500 0.017 11 8 kick_tight
71.517 0.033 13 3 kick_deep
71.667 0.100 8 6 tom_high
71.767 0.050 13 1 kick_deep
71.833 0.017 11 8 kick_tight
71.850 0.033 13 3 kick_deep
72.000 0.017 11 8 kick_tight
72.017 0.033 13 3 kick_deep
72.167 0.017 11 8 kick_tight
72.183 0.033 13 3 kick_deep
72.333 0.100 8 6 tom_high
72.433 0.050 13 1 kick_deep
72.500 0.017 11 8 kick_tight
72.517 0.033 13 3 kick_deep
72.667 0.100 8 6 tom_high
72.767 0.050 13 1 kick_deep
72.833 0.017 11 8 kick_tight
72.850 0.033 13 3 kick_deep
73.000 0.100 8 6 tom_high
73.100 0.050 13 1 kick_deep
73.167 0.100 8 6 tom_high
73.267 0.050 13 1 kick_deep
73.333 0.017 11 8 kick_tight
73.350 0.033 13 3 kick_deep
73.500 0.017 11 8 kick_tight
73.517 0.033 13 3 kick_deep
73.667 0.100 8 6 tom_high
73.767 0.050 13 1 kick_deep
73.833 0.017 11 8 kick_tight
73.850 0.033 13 3 kick_deep
74.000 0.017 11 8 kick_tight
74.017 0.033 13 3 kick_deep
74.167 0.017 11 8 kick_tight
74.183 0.033 13 3 kick_deep
74.333 0.100 8 6 tom_high
74.433 0.050 13 1 kick_deep
74.500 0.017 11 8 kick_tight
74.517 0.033 13 3 kick_deep
74.667 0.017 11 8 kick_tight
74.683 0.033 13 3 kick_deep
74.833 0.017 11 8 kick_tight
74.850 0.033 13 3 kick_deep
75.000 0.100 8 6 tom_high
75.100 0.050 13 1 kick_deep
75.167 0.017 11 8 kick_tight
75.183 0.033 13 3 kick_deep
75.333 0.017 11 8 kick_tight
75.350 0.033 13 3 kick_deep
75.500 0.017 11 8 kick_tight
75.517 0.033 13 3 kick_deep
75.667 0.100 8 6 tom_high
75.767 0.050 13 1 kick_deep
75.833 0.017 11 8 kick_tight
75.850 0.033 13 3 kick_deep
76.000 0.017 11 8 kick_tight
76.017 0.033 13 3 kick_deep
76.167 0.017 11 8 kick_tight
76.183 0.033 13 3 kick_deep
76.333 0.100 8 6 tom_high
76.433 0.050 13 1 kick_deep
76.500 0.017 11 8 kick_tight
76.517 0.033 13 3 kick_deep
76.667 0.017 11 8 kick_tight
76.683 0.033 13 3 kick_deep
76.833 0.017 11 8 kick_tight
76.850 0.033 13 3 kick_deep
77.000 0.100 8 6 tom_high
77.100 0.050 13 1 kick_deep
77.167 0.017 11 8 kick_tight
77.183 0.033 13 3 kick_deep
77.333 0.017 11 8 kick_tight
77.350 0.033 13 3 kick_deep
77.500 0.017 11 8 kick_tight
77.517 0.033 13 3 kick_deep
77.667 0.100 8 6 tom_high
77.767 0.050 13 1 kick_deep
77.833 0.017 11 8 kick_tight
77.850 0.033 13 3 kick_deep
78.000 0.100 8 6 tom_high
78.100 0.050 13 1 kick_deep
78.167 0.017 11 8 kick_tight
78.183 0.033 13 3 kick_deep
78.250 0.017 11 8 kick_tight
78.267 0.033 13 3 kick_deep
78.333 0.100 8 6 tom_high
78.433 0.050 13 1 kick_deep
78.500 0.183 8 6 tom_high
78.683 0.050 13 1 kick_deep
78.750 0.017 11 8 kick_tight
78.767 0.033 13 3 kick_deep
78.833 0.017 11 8 kick_tight
78.850 0.033 13 3 kick_deep
79.000 0.100 8 6 tom_high
79.100 0.050 13 1 kick_deep
79.167 0.017 11 8 kick_tight
79.183 0.033 13 3 kick_deep
79.333 0.017 11 8 kick_tight
79.350 0.033 13 3 kick_deep
79.500 0.183 8 6 tom_high
79.683 0.050 13 1 kick_deep
79.833 0.100 8 6 tom_high
79.933 0.050 13 1 kick_deep
80.000 0.017 11 8 kick_tight
80.017 0.033 13 3 kick_deep
80.083 0.017 11 8 kick_tight
80.100 0.033 13 3 kick_deep
80.167 0.017 11 8 kick_tight
80.183 0.033 13 3 kick_deep
80.333 0.100 8 6 tom_high
80.433 0.050 13 1 kick_deep
80.500 0.017 11 8 kick_tight
80.517 0.033 13 3 kick_deep
80.667 0.017 11 8 kick_tight
80.683 0.033 13 3 kick_deep
80.833 0.183 8 6 tom_high
81.017 0.050 13 1 kick_deep
81.167 0.100 8 6 tom_high
81.267 0.050 13 1 kick_deep
81.333 0.017 11 8 kick_tight
81.350 0.033 13 3 kick_deep
81.417 0.017 11 8 kick_tight
81.433 0.033 13 3 kick_deep
81.500 0.017 11 8 kick_tight
81.517 0.033 13 3 kick_deep
81.667 0.100 8 6 tom_high
81.767 0.050 13 1 kick_deep
81.833 0.017 11 8 kick_tight
81.850 0.033 13 3 kick_deep
82.000 0.017 11 8 kick_tight
82.017 0.033 13 3 kick_deep
82.167 0.183 8 6 tom_high
82.350 0.050 13 1 kick_deep
82.500 0.100 8 6 tom_high
82.600 0.050 13 1 kick_deep
82.667 0.017 11 8 kick_tight
82.683 0.033 13 3 kick_deep
82.750 0.017 11 8 kick_tight
82.767 0.033 13 3 kick_deep
82.833 0.017 11 8 kick_tight
82.850 0.033 13 3 kick_deep
83.000 0.100 8 6 tom_high
83.100 0.050 13 1 kick_deep
83.167 0.017 11 8 kick_tight
83.183 0.033 13 3 kick_deep
83.333 0.017 11 8 kick_tight
83.350 0.033 13 3 kick_deep
83.500 0.183 8 6 tom_high
83.683 0.050 13 1 kick_deep
83.833 0.100 8 6 tom_high
83.933 0.050 13 1 kick_deep
84.000 0.017 11 8 kick_tight
84.017 0.033 13 3 kick_deep
84.083 0.017 11 8 kick_tight
84.100 0.033 13 3 kick_deep
84.167 0.017 11 8 kick_tight
84.183 0.033 13 3 kick_deep
84.333 0.100 8 6 tom_high
84.433 0.050 13 1 kick_deep
84.500 0.017 11 8 kick_tight
84.517 0.033 13 3 kick_deep
84.667 0.017 11 8 kick_tight
84.683 0.033 13 3 kick_deep
84.833 0.183 8 6 tom_high
85.017 0.050 13 1 kick_deep
85.167 0.100 8 6 tom_high
85.267 0.050 13 1 kick_deep
85.333 0.017 11 8 kick_tight
85.350 0.033 13 3 kick_deep
85.417 0.017 11 8 kick_tight
85.433 0.033 13 3 kick_deep
85.500 0.017 11 8 kick_tight
85.517 0.033 13 3 kick_deep
85.667 0.100 8 6 tom_high
85.767 0.050 13 1 kick_deep
85.833 0.017 11 8 kick_tight
85.850 0.033 13 3 kick_deep
86.000 0.017 11 8 kick_tight
86.017 0.033 13 3 kick_deep
86.167 0.183 8 6 tom_high
86.350 0.050 13 1 kick_deep
86.500 0.100 8 6 tom_high
86.600 0.050 13 1 kick_deep
86.667 0.017 11 8 kick_tight
86.683 0.033 13 3 kick_deep
86.750 0.017 11 8 kick_tight
86.767 0.033 13 3 kick_deep
86.833 0.017 11 8 kick_tight
86.850 0.033 13 3 kick_deep
87.000 0.100 8 6 tom_high
87.100 0.050 13 1 kick_deep
87.167 0.017 11 8 kick_tight
87.183 0.033 13 3 kick_deep
87.333 0.017 11 8 kick_tight
87.350 0.033 13 3 kick_deep
87.500 0.183 8 6 tom_high
87.683 0.050 13 1 kick_deep
87.833 0.100 8 6 tom_high
87.933 0.050 13 1 kick_deep
88.000 0.017 11 8 kick_tight
88.017 0.033 13 3 kick_deep
88.083 0.017 11 8 kick_tight
88.100 0.033 13 3 kick_deep
88.167 0.017 11 8 kick_tight
88.183 0.033 13 3 kick_deep
88.333 0.100 8 6 tom_high
88.433 0.050 13 1 kick_deep
88.500 0.017 11 8 kick_tight
88.517 0.033 13 3 kick_deep
88.667 0.017 11 8 kick_tight
88.683 0.033 13 3 kick_deep
88.833 0.183 8 6 tom_high
89.017 0.050 13 1 kick_deep
89.167 0.100 8 6 tom_high
89.267 0.050 13 1 kick_deep
89.333 0.017 11 8 kick_tight
89.350 0.033 13 3 kick_deep
89.500 0.017 11 8 kick_tight
89.517 0.033 13 3 kick_deep
89.667 0.100 8 6 tom_high
89.767 0.050 13 1 kick_deep
89.833 0.017 11 8 kick_tight
89.850 0.033 13 3 kick_deep
90.000 0.017 11 8 kick_tight
90.017 0.033 13 3 kick_deep
90.167 0.017 11 8 kick_tight
90.183 0.033 13 3 kick_deep
90.333 0.100 8 6 tom_high
90.433 0.050 13 1 kick_deep
90.500 0.017 11 8 kick_tight
90.517 0.033 13 3 kick_deep
90.667 0.017 11 8 kick_tight
90.683 0.033 13 3 kick_deep
90.833 0.017 11 8 kick_tight
90.850 0.033 13 3 kick_deep
91.000 0.100 8 6 tom_high
91.100 0.050 13 1 kick_deep
91.167 0.017 11 8 kick_tight
91.183 0.033 13 3 kick_deep
91.333 0.017 11 8 kick_tight
91.350 0.033 13 3 kick_deep
91.500 0.017 11 8 kick_tight
91.517 0.033 13 3 kick_deep
91.667 0.100 8 6 tom_high
91.767 0.050 13 1 kick_deep
91.833 0.017 11 8 kick_tight
91.850 0.033 13 3 kick_deep
92.000 0.017 11 8 kick_tight
92.017 0.033 13 3 kick_deep
92.167 0.017 11 8 kick_tight
92.183 0.033 13 3 kick_deep
92.333 0.100 8 6 tom_high
92.433 0.050 13 1 kick_deep
92.500 0.017 11 8 kick_tight
92.517 0.033 13 3 kick_deep
92.667 0.017 11 8 kick_tight
92.683 0.033 13 3 kick_deep
92.833 0.017 11 8 kick_tight
92.850 0.033 13 3 kick_deep
93.000 0.100 8 6 tom_high
93.100 0.050 13 1 kick_deep
93.167 0.017 11 8 kick_tight
93.183 0.033 13 3 kick_deep
93.333 0.017 11 8 kick_tight
93.350 0.033 13 3 kick_deep
93.500 0.017 11 8 kick_tight
93.517 0.033 13 3 kick_deep
93.667 0.100 8 6 tom_high
93.767 0.050 13 1 kick_deep
93.833 0.017 11 8 kick_tight
93.850 0.033 13 3 kick_deep
94.000 0.017 11 8 kick_tight
94.017 0.033 13 3 kick_deep
94.167 0.017 11 8 kick_tight
94.183 0.033 13 3 kick_deep
94.333 0.100 8 6 tom_high
94.433 0.050 13 1 kick_deep
94.500 0.017 11 8 kick_tight
94.517 0.033 13 3 kick_deep
94.667 0.017 11 8 kick_tight
94.683 0.033 13 3 kick_deep
94.833 0.017 11 8 kick_tight
94.850 0.033 13 3 kick_deep
95.000 0.100 8 6 tom_high
95.100 0.050 13 1 kick_deep
95.167 0.017 11 8 kick_tight
95.183 0.033 13 3 kick_deep
95.333 0.017 11 8 kick_tight
95.350 0.033 13 3 kick_deep
95.500 0.017 11 8 kick_tight
95.517 0.033 13 3 kick_deep
95.667 0.100 8 6 tom_high
95.767 0.050 13 1 kick_deep
95.833 0.017 11 8 kick_tight
95.850 0.033 13 3 kick_deep
96.000 0.017 11 8 kick_tight
96.017 0.033 13 3 kick_deep
96.167 0.017 11 8 kick_tight
96.183 0.033 13 3 kick_deep
96.333 0.100 8 6 tom_high
96.433 0.050 13 1 kick_deep
96.500 0.017 11 8 kick_tight
96.517 0.033 13 3 kick_deep
96.667 0.017 11 8 kick_tight
96.683 0.033 13 3 kick_deep
96.833 0.017 11 8 kick_tight
96.850 0.033 13 3 kick_deep
97.000 0.100 8 6 tom_high
97.100 0.050 13 1 kick_deep
97.167 0.017 11 8 kick_tight
97.183 0.033 13 3 kick_deep
97.333 0.017 11 8 kick_tight
97.350 0.033 13 3 kick_deep
97.500 0.017 11 8 kick_tight
97.517 0.033 13 3 kick_deep
97.667 0.100 8 6 tom_high
97.767 0.050 13 1 kick_deep
97.833 0.017 11 8 kick_tight
97.850 0.033 13 3 kick_deep
98.000 0.017 11 8 kick_tight
98.017 0.033 13 3 kick_deep
98.167 0.017 11 8 kick_tight
98.183 0.033 13 3 kick_deep
98.333 0.100 8 6 tom_high
98.433 0.050 13 1 kick_deep
98.500 0.017 11 8 kick_tight
98.517 0.033 13 3 kick_deep
98.667 0.017 11 8 kick_tight
98.683 0.033 13 3 kick_deep
98.833 0.017 11 8 kick_tight
98.850 0.033 13 3 kick_deep
99.000 0.100 8 6 tom_high
99.100 0.050 13 1 kick_deep
99.167 0.017 11 8 kick_tight
99.183 0.033 13 3 kick_deep
99.333 0.017 11 8 kick_tight
99.350 0.033 13 3 kick_deep
99.500 0.017 11 8 kick_tight
99.517 0.033 13 3 kick_deep
99.667 0.100 8 6 tom_high
99.767 0.050 13 1 kick_deep
99.833 0.017 11 8 kick_tight
99.850 0.033 13 3 kick_deep
100.000 0.017 11 8 kick_tight
100.017 0.033 13 3 kick_deep
100.167 0.017 11 8 kick_tight
100.183 0.033 13 3 kick_deep
100.333 0.100 8 6 tom_high
100.433 0.050 13 1 kick_deep
100.500 0.017 11 8 kick_tight
100.517 0.033 13 3 kick_deep
100.667 0.017 11 8 kick_tight
100.683 0.033 13 3 kick_deep
100.833 0.017 11 8 kick_tight
100.850 0.033 13 3 kick_deep
101.000 0.100 8 6 tom_high
101.100 0.050 13 1 kick_deep
101.167 0.017 11 8 kick_tight
101.183 0.033 13 3 kick_deep
101.333 0.017 11 8 kick_tight
101.350 0.033 13 3 kick_deep
101.500 0.017 11 8 kick_tight
101.517 0.033 13 3 kick_deep
101.667 0.100 8 6 tom_high
101.767 0.050 13 1 kick_deep
101.833 0.017 11 8 kick_tight
101.850 0.033 13 3 kick_deep
102.000 0.017 11 8 kick_tight
102.017 0.033 13 3 kick_deep
102.167 0.017 11 8 kick_tight
102.183 0.033 13 3 kick_deep
102.333 0.100 8 6 tom_high
102.433 0.050 13 1 kick_deep
102.500 0.017 11 8 kick_tight
102.517 0.033 13 3 kick_deep
102.667 0.017 11 8 kick_tight
102.683 0.033 13 3 kick_deep
102.833 0.017 11 8 kick_tight
102.850 0.033 13 3 kick_deep
103.000 0.100 8 6 tom_high
103.100 0.050 13 1 kick_deep
103.167 0.017 11 8 kick_tight
103.183 0.033 13 3 kick_deep
103.333 0.017 11 8 kick_tight
103.350 0.033 13 3 kick_deep
103.500 0.017 11 8 kick_tight
103.517 0.033 13 3 kick_deep
103.667 0.100 8 6 tom_high
103.767 0.050 13 1 kick_deep
103.833 0.017 11 8 kick_tight
103.850 0.033 13 3 kick_deep
104.000 0.017 11 8 kick_tight
104.017 0.033 13 3 kick_deep
104.167 0.017 11 8 kick_tight
104.183 0.033 13 3 kick_deep
104.333 0.100 8 6 tom_high
104.433 0.050 13 1 kick_deep
104.500 0.017 11 8 kick_tight
104.517 0.033 13 3 kick_deep
104.667 0.017 11 8 kick_tight
104.683 0.033 13 3 kick_deep
104.833 0.017 11 8 kick_tight
104.850 0.033 13 3 kick_deep
105.000 0.100 8 6 tom_high
105.100 0.050 13 1 kick_deep
105.167 0.017 11 8 kick_tight
105.183 0.033 13 3 kick_deep
105.333 0.017 11 8 kick_tight
105.350 0.033 13 3 kick_deep
105.500 0.017 11 8 kick_tight
105.517 0.033 13 3 kick_deep
105.667 0.100 8 6 tom_high
105.767 0.050 13 1 kick_deep
105.833 0.017 11 8 kick_tight
105.850 0.033 13 3 kick_deep
106.000 0.017 11 8 kick_tight
106.017 0.033 13 3 kick_deep
106.167 0.017 11 8 kick_tight
106.183 0.033 13 3 kick_deep
106.333 0.100 8 6 tom_high
106.433 0.050 13 1 kick_deep
106.500 0.017 11 8 kick_tight
106.517 0.033 13 3 kick_deep
106.667 0.017 11 8 kick_tight
106.683 0.033 13 3 kick_deep
106.833 0.017 11 8 kick_tight
106.850 0.033 13 3 kick_deep
107.000 0.100 8 6 tom_high
107.100 0.050 13 1 kick_deep
107.167 0.017 11 8 kick_tight
107.183 0.033 13 3 kick_deep
107.333 0.017 11 8 kick_tight
107.350 0.033 13 3 kick_deep
107.500 0.017 11 8 kick_tight
107.517 0.033 13 3 kick_deep
107.667 0.100 8 6 tom_high
107.767 0.050 13 1 kick_deep
107.833 0.017 11 8 kick_tight
107.850 0.033 13 3 kick_deep
108.000 0.017 11 8 kick_tight
108.017 0.033 13 3 kick_deep
108.167 0.017 11 8 kick_tight
108.183 0.033 13 3 kick_deep
108.333 0.100 8 6 tom_high
108.433 0.050 13 1 kick_deep
108.500 0.017 11 8 kick_tight
108.517 0.033 13 3 kick_deep
108.667 0.017 11 8 kick_tight
108.683 0.033 13 3 kick_deep
108.833 0.017 11 8 kick_tight
108.850 0.033 13 3 kick_deep
109.000 0.100 8 6 tom_high
109.100 0.050 13 1 kick_deep
109.167 0.017 11 8 kick_tight
109.183 0.033 13 3 kick_deep
109.333 0.017 11 8 kick_tight
109.350 0.033 13 3 kick_deep
109.500 0.017 11 8 kick_tight
109.517 0.033 13 3 kick_deep
109.667 0.100 8 6 tom_high
109.767 0.050 13 1 kick_deep
109.833 0.017 11 8 kick_tight
109.850 0.033 13 3 kick_deep
110.000 0.017 11 8 kick_tight
110.017 0.033 13 3 kick_deep
110.167 0.017 11 8 kick_tight
110.183 0.033 13 3 kick_deep
110.333 0.100 8 6 tom_high
110.433 0.050 13 1 kick_deep
110.500 0.017 11 8 kick_tight
110.517 0.033 13 3 kick_deep
110.667 0.017 11 8 kick_tight
110.683 0.033 13 3 kick_deep
110.833 0.017 11 8 kick_tight
110.850 0.033 13 3 kick_deep
111.000 0.100 8 6 tom_high
111.100 0.050 13 1 kick_deep
111.167 0.017 11 8 kick_tight
111.183 0.033 13 3 kick_deep
111.333 0.017 11 8 kick_tight
111.350 0.033 13 3 kick_deep
111.500 0.017 11 8 kick_tight
111.517 0.033 13 3 kick_deep
111.667 0.100 8 6 tom_high
111.767 0.050 13 1 kick_deep
111.833 0.017 11 8 kick_tight
111.850 0.033 13 3 kick_deep
112.000 0.017 11 8 kick_tight
112.017 0.033 13 3 kick_deep
112.167 0.017 11 8 kick_tight
112.183 0.033 13 3 kick_deep
112.333 0.100 8 6 tom_high
112.433 0.050 13 1 kick_deep
112.500 0.017 11 8 kick_tight
112.517 0.033 13 3 kick_deep
112.667 0.017 11 8 kick_tight
112.683 0.033 13 3 kick_deep
112.833 0.017 11 8 kick_tight
112.850 0.033 13 3 kick_deep
113.000 0.100 8 6 tom_high
113.100 0.050 13 1 kick_deep
113.167 0.183 8 6 tom_high
113.350 0.050 13 1 kick_deep
113.500 0.017 11 8 kick_tight
113.517 0.033 13 3 kick_deep
113.667 0.100 8 6 tom_high
113.767 0.050 13 1 kick_deep
113.833 0.017 11 8 kick_tight
113.850 0.033 13 3 kick_deep
114.000 0.017 11 8 kick_tight
114.017 0.033 13 3 kick_deep
114.167 0.017 11 8 kick_tight
114.183 0.033 13 3 kick_deep
114.333 0.100 8 6 tom_high
114.433 0.050 13 1 kick_deep
114.500 0.017 11 8 kick_tight
114.517 0.033 13 3 kick_deep
114.667 0.017 11 8 kick_tight
114.683 0.033 13 3 kick_deep
114.833 0.017 11 8 kick_tight
114.850 0.033 13 3 kick_deep
115.000 0.100 8 6 tom_high
115.100 0.050 13 1 kick_deep
115.167 0.017 11 8 kick_tight
115.183 0.033 13 3 kick_deep
115.333 0.017 11 8 kick_tight
115.350 0.033 13 3 kick_deep
115.500 0.017 11 8 kick_tight
115.517 0.033 13 3 kick_deep
115.667 0.100 8 6 tom_high
115.767 0.050 13 1 kick_deep
115.833 0.017 11 8 kick_tight
115.850 0.033 13 3 kick_deep
116.000 0.017 11 8 kick_tight
116.017 0.033 13 3 kick_deep
116.167 0.017 11 8 kick_tight
116.183 0.033 13 3 kick_deep
116.333 0.100 8 6 tom_high
116.433 0.050 13 1 kick_deep
116.500 0.017 11 8 kick_tight
116.517 0.033 13 3 kick_deep
116.667 0.017 11 8 kick_tight
116.683 0.033 13 3 kick_deep
116.833 0.017 11 8 kick_tight
116.850 0.033 13 3 kick_deep
117.000 0.100 8 6 tom_high
117.100 0.050 13 1 kick_deep
117.167 0.017 11 8 kick_tight
117.183 0.033 13 3 kick_deep
117.333 0.017 11 8 kick_tight
117.350 0.033 13 3 kick_deep
117.500 0.017 11 8 kick_tight
117.517 0.033 13 3 kick_deep
117.667 0.100 8 6 tom_high
117.767 0.050 13 1 kick_deep
117.833 0.017 11 8 kick_tight
117.850 0.033 13 3 kick_deep
118.000 0.100 8 6 tom_high
118.100 0.050 13 1 kick_deep
118.167 0.017 11 8 kick_tight
118.183 0.033 13 3 kick_deep
118.333 0.100 8 6 tom_high
118.433 0.050 13 1 kick_deep
118.500 0.100 8 6 tom_high
118.600 0.050 13 1 kick_deep
118.667 0.017 11 8 kick_tight
118.683 0.033 13 3 kick_deep
118.833 0.017 11 8 kick_tight
118.850 0.033 13 3 kick_deep
119.000 0.100 8 6 tom_high
119.100 0.050 13 1 kick_deep
119.167 0.017 11 8 kick_tight
119.183 0.033 13 3 kick_deep
119.333 0.017 11 8 kick_tight
119.350 0.033 13 3 kick_deep
119.500 0.017 11 8 kick_tight
119.517 0.033 13 3 kick_deep
119.667 0.100 8 6 tom_high
119.767 0.050 13 1 kick_deep
119.833 0.017 11 8 kick_tight
119.850 0.033 13 3 kick_deep
120.000 0.017 11 8 kick_tight
120.017 0.033 13 3 kick_deep
120.167 0.017 11 8 kick_tight
120.183 3.550 13 3 kick_deep
DPCM(0)
time dur note vol