Castlevania.nsf track=2 framerate=60
Square1(306)
time dur note vol
0.000 1.733 D5 3
1.733 0.133 A4 3
1.867 0.133 C5 3
2.000 1.867 D5 3
3.867 0.133 A4 3
4.000 0.133 C5 3
4.133 0.133 D5 3
4.267 0.250 D4 7
4.533 0.250 D4 7
4.800 0.117 F4 7
4.933 0.383 A4 7
5.600 0.250 D4 7
5.867 0.117 G4 7
6.000 0.383 B4 7
6.400 0.250 D4 7
6.667 0.250 D4 7
6.933 0.117 F4 7
7.067 0.383 A4 7
8.000 0.117 A3 7
8.133 0.383 C4 7
8.533 0.250 D4 7
8.800 0.250 D4 7
9.067 0.117 F4 7
9.200 0.383 A4 7
9.867 0.250 D4 7
10.133 0.117 G4 7
10.267 0.383 B4 7
10.667 0.250 D4 7
10.933 0.250 D4 7
11.200 0.117 F4 7
11.333 0.383 A4 7
12.267 0.117 A3 7
12.400 0.383 C4 7
12.800 0.400 A4 3
13.200 0.933 D5 15
14.133 0.267 C#5 15
14.400 0.267 C5 15
14.667 0.267 B4 15
14.933 0.133 D5 15
15.067 0.133 E5 15
15.200 0.133 D5 15
15.333 1.733 A#4 15
17.067 0.400 A4 15
17.467 0.933 D5 15
18.400 0.267 C#5 15
18.667 0.267 C5 15
18.933 0.267 B4 15
19.200 0.133 D5 15
19.333 0.133 E5 15
19.467 0.133 D5 15
19.600 1.733 A#4 15
21.333 0.217 C5 5
21.600 0.083 C5 5
21.733 0.217 B4 5
22.000 0.083 B4 5
22.133 0.217 A#4 5
22.400 0.217 A4 5
22.667 0.083 A4 5
22.800 0.217 G#4 5
23.067 0.083 G#4 5
23.200 0.217 G4 5
23.467 0.350 F4 5
23.867 1.683 D4 5
25.600 0.217 C5 5
25.867 0.083 C5 5
26.000 0.217 B4 5
26.267 0.083 B4 5
26.400 0.217 A#4 5
26.667 0.217 A4 5
26.933 0.083 A4 5
27.067 0.217 G#4 5
27.333 0.083 G#4 5
27.467 0.217 G4 5
27.733 0.350 F4 5
28.133 1.683 D4 5
30.133 0.117 B3 7
30.267 0.117 B3 7
30.533 0.367 B3 7
30.933 0.500 A3 7
32.267 0.117 B3 7
32.400 0.117 B3 7
32.667 0.367 B3 7
33.067 0.500 A3 7
34.133 0.250 D4 7
34.400 0.250 D4 7
34.667 0.117 F4 7
34.800 0.383 A4 7
35.467 0.250 D4 7
35.733 0.117 G4 7
35.867 0.383 B4 7
36.267 0.250 D4 7
36.533 0.250 D4 7
36.800 0.117 F4 7
36.933 0.383 A4 7
37.867 0.117 A3 7
38.000 0.383 C4 7
38.400 0.250 D4 7
38.667 0.250 D4 7
38.933 0.117 F4 7
39.067 0.383 A4 7
39.733 0.250 D4 7
40.000 0.117 G4 7
40.133 0.383 B4 7
40.533 0.250 D4 7
40.800 0.250 D4 7
41.067 0.117 F4 7
41.200 0.383 A4 7
42.133 0.117 A3 7
42.267 0.383 C4 7
42.667 0.400 A4 3
43.067 0.933 D5 15
44.000 0.267 C#5 15
44.267 0.267 C5 15
44.533 0.267 B4 15
44.800 0.133 D5 15
44.933 0.133 E5 15
45.067 0.133 D5 15
45.200 1.733 A#4 15
46.933 0.400 A4 15
47.333 0.933 D5 15
48.267 0.267 C#5 15
48.533 0.267 C5 15
48.800 0.267 B4 15
49.067 0.133 D5 15
49.200 0.133 E5 15
49.333 0.133 D5 15
49.467 1.733 A#4 15
51.200 0.217 C5 5
51.467 0.083 C5 5
51.600 0.217 B4 5
51.867 0.083 B4 5
52.000 0.217 A#4 5
52.267 0.217 A4 5
52.533 0.083 A4 5
52.667 0.217 G#4 5
52.933 0.083 G#4 5
53.067 0.217 G4 5
53.333 0.350 F4 5
53.733 1.683 D4 5
55.467 0.217 C5 5
55.733 0.083 C5 5
55.867 0.217 B4 5
56.133 0.083 B4 5
56.267 0.217 A#4 5
56.533 0.217 A4 5
56.800 0.083 A4 5
56.933 0.217 G#4 5
57.200 0.083 G#4 5
57.333 0.217 G4 5
57.600 0.350 F4 5
58.000 1.683 D4 5
60.000 0.117 B3 7
60.133 0.117 B3 7
60.400 0.367 B3 7
60.800 0.500 A3 7
62.133 0.117 B3 7
62.267 0.117 B3 7
62.533 0.367 B3 7
62.933 0.500 A3 7
64.000 0.250 D4 7
64.267 0.250 D4 7
64.533 0.117 F4 7
64.667 0.383 A4 7
65.333 0.250 D4 7
65.600 0.117 G4 7
65.733 0.383 B4 7
66.133 0.250 D4 7
66.400 0.250 D4 7
66.667 0.117 F4 7
66.800 0.383 A4 7
67.733 0.117 A3 7
67.867 0.383 C4 7
68.267 0.250 D4 7
68.533 0.250 D4 7
68.800 0.117 F4 7
68.933 0.383 A4 7
69.600 0.250 D4 7
69.867 0.117 G4 7
70.000 0.383 B4 7
70.400 0.250 D4 7
70.667 0.250 D4 7
70.933 0.117 F4 7
71.067 0.383 A4 7
72.000 0.117 A3 7
72.133 0.383 C4 7
72.533 0.400 A4 3
72.933 0.933 D5 15
73.867 0.267 C#5 15
74.133 0.267 C5 15
74.400 0.267 B4 15
74.667 0.133 D5 15
74.800 0.133 E5 15
74.933 0.133 D5 15
75.067 1.733 A#4 15
76.800 0.400 A4 15
77.200 0.933 D5 15
78.133 0.267 C#5 15
78.400 0.267 C5 15
78.667 0.267 B4 15
78.933 0.133 D5 15
79.067 0.133 E5 15
79.200 0.133 D5 15
79.333 1.733 A#4 15
81.067 0.217 C5 5
81.333 0.083 C5 5
81.467 0.217 B4 5
81.733 0.083 B4 5
81.867 0.217 A#4 5
82.133 0.217 A4 5
82.400 0.083 A4 5
82.533 0.217 G#4 5
82.800 0.083 G#4 5
82.933 0.217 G4 5
83.200 0.350 F4 5
83.600 1.683 D4 5
85.333 0.217 C5 5
85.600 0.083 C5 5
85.733 0.217 B4 5
86.000 0.083 B4 5
86.133 0.217 A#4 5
86.400 0.217 A4 5
86.667 0.083 A4 5
86.800 0.217 G#4 5
87.067 0.083 G#4 5
87.200 0.217 G4 5
87.467 0.350 F4 5
87.867 1.683 D4 5
89.867 0.117 B3 7
90.000 0.117 B3 7
90.267 0.367 B3 7
90.667 0.500 A3 7
92.000 0.117 B3 7
92.133 0.117 B3 7
92.400 0.367 B3 7
92.800 0.500 A3 7
93.867 0.250 D4 7
94.133 0.250 D4 7
94.400 0.117 F4 7
94.533 0.383 A4 7
95.200 0.250 D4 7
95.467 0.117 G4 7
95.600 0.383 B4 7
96.000 0.250 D4 7
96.267 0.250 D4 7
96.533 0.117 F4 7
96.667 0.383 A4 7
97.600 0.117 A3 7
97.733 0.383 C4 7
98.133 0.250 D4 7
98.400 0.250 D4 7
98.667 0.117 F4 7
98.800 0.383 A4 7
99.467 0.250 D4 7
99.733 0.117 G4 7
99.867 0.383 B4 7
100.267 0.250 D4 7
100.533 0.250 D4 7
100.800 0.117 F4 7
100.933 0.383 A4 7
101.867 0.117 A3 7
102.000 0.383 C4 7
102.400 0.400 A4 3
102.800 0.933 D5 15
103.733 0.267 C#5 15
104.000 0.267 C5 15
104.267 0.267 B4 15
104.533 0.133 D5 15
104.667 0.133 E5 15
104.800 0.133 D5 15
104.933 1.733 A#4 15
106.667 0.400 A4 15
107.067 0.933 D5 15
108.000 0.267 C#5 15
108.267 0.267 C5 15
108.533 0.267 B4 15
108.800 0.133 D5 15
108.933 0.133 E5 15
109.067 0.133 D5 15
109.200 1.733 A#4 15
110.933 0.217 C5 5
111.200 0.083 C5 5
111.333 0.217 B4 5
111.600 0.083 B4 5
111.733 0.217 A#4 5
112.000 0.217 A4 5
112.267 0.083 A4 5
112.400 0.217 G#4 5
112.667 0.083 G#4 5
112.800 0.217 G4 5
113.067 0.350 F4 5
113.467 1.683 D4 5
115.200 0.217 C5 5
115.467 0.083 C5 5
115.600 0.217 B4 5
115.867 0.083 B4 5
116.000 0.217 A#4 5
116.267 0.217 A4 5
116.533 0.083 A4 5
116.667 0.217 G#4 5
116.933 0.083 G#4 5
117.067 0.217 G4 5
117.333 0.350 F4 5
117.733 1.683 D4 5
119.733 0.117 B3 7
119.867 0.117 B3 7
120.133 3.600 B3 7
Square2(294)
time dur note vol
0.000 0.267 D3 9
0.267 0.267 A3 9
0.533 0.267 D4 9
0.800 0.133 A3 9
0.933 0.267 C4 9
1.200 0.133 G3 9
1.333 0.400 B3 9
1.733 0.133 A2 9
1.867 0.133 C3 9
2.000 0.400 D3 9
2.400 0.267 A3 9
2.667 0.267 D4 9
2.933 0.133 A3 9
3.067 0.267 C4 9
3.333 0.133 G3 9
3.467 0.400 B3 9
3.867 0.133 A2 9
4.000 0.133 C3 9
4.133 0.133 D3 9
4.267 0.250 D3 8
4.533 0.250 D3 8
4.800 0.133 F3 8
4.933 0.133 A3 8
5.600 0.250 D3 8
5.867 0.133 G3 8
6.000 0.383 B3 8
6.400 0.250 D3 8
6.667 0.250 D3 8
6.933 0.133 F3 8
7.067 0.383 A3 8
8.000 0.133 A2 8
8.133 0.383 C3 8
8.533 0.250 D3 8
8.800 0.250 D3 8
9.067 0.133 F3 8
9.200 0.133 A3 8
9.867 0.250 D3 8
10.133 0.133 G3 8
10.267 0.383 B3 8
10.667 0.250 D3 8
10.933 0.250 D3 8
11.200 0.133 F3 8
11.333 0.383 A3 8
12.267 0.133 A2 8
12.400 0.383 C3 8
12.800 0.400 D5 3
13.200 1.733 A5 15
14.933 0.133 G#5 15
15.067 0.133 A5 15
15.200 0.133 G#5 15
15.333 1.733 F5 15
17.067 0.400 D5 15
17.467 1.733 A5 15
19.200 0.133 G#5 15
19.333 0.133 A5 15
19.467 0.133 G#5 15
19.600 1.733 F5 15
21.333 0.233 C5 6
21.600 0.100 C5 6
21.733 0.233 B4 6
22.000 0.100 B4 6
22.133 0.233 A#4 6
22.400 0.233 A4 6
22.667 0.100 A4 6
22.800 0.233 G#4 6
23.067 0.100 G#4 6
23.200 0.233 G4 6
23.467 0.367 F4 6
23.867 1.700 D4 6
25.600 0.233 C5 6
25.867 0.100 C5 6
26.000 0.233 B4 6
26.267 0.100 B4 6
26.400 0.233 A#4 6
26.667 0.233 A4 6
26.933 0.100 A4 6
27.067 0.233 G#4 6
27.333 0.100 G#4 6
27.467 0.233 G4 6
27.733 0.367 F4 6
28.133 1.700 D4 6
30.133 0.117 D5 7
30.267 0.117 D5 7
30.533 0.367 D5 7
30.933 0.233 C#5 7
32.267 0.117 D5 7
32.400 0.117 D5 7
32.667 0.367 D5 7
33.067 0.233 C#5 7
34.133 0.250 D3 8
34.400 0.250 D3 8
34.667 0.133 F3 8
34.800 0.133 A3 8
35.467 0.250 D3 8
35.733 0.133 G3 8
35.867 0.383 B3 8
36.267 0.250 D3 8
36.533 0.250 D3 8
36.800 0.133 F3 8
36.933 0.383 A3 8
37.867 0.133 A2 8
38.000 0.383 C3 8
38.400 0.250 D3 8
38.667 0.250 D3 8
38.933 0.133 F3 8
39.067 0.133 A3 8
39.733 0.250 D3 8
40.000 0.133 G3 8
40.133 0.383 B3 8
40.533 0.250 D3 8
40.800 0.250 D3 8
41.067 0.133 F3 8
41.200 0.383 A3 8
42.133 0.133 A2 8
42.267 0.383 C3 8
42.667 0.400 D5 3
43.067 1.733 A5 15
44.800 0.133 G#5 15
44.933 0.133 A5 15
45.067 0.133 G#5 15
45.200 1.733 F5 15
46.933 0.400 D5 15
47.333 1.733 A5 15
49.067 0.133 G#5 15
49.200 0.133 A5 15
49.333 0.133 G#5 15
49.467 1.733 F5 15
51.200 0.233 C5 6
51.467 0.100 C5 6
51.600 0.233 B4 6
51.867 0.100 B4 6
52.000 0.233 A#4 6
52.267 0.233 A4 6
52.533 0.100 A4 6
52.667 0.233 G#4 6
52.933 0.100 G#4 6
53.067 0.233 G4 6
53.333 0.367 F4 6
53.733 1.700 D4 6
55.467 0.233 C5 6
55.733 0.100 C5 6
55.867 0.233 B4 6
56.133 0.100 B4 6
56.267 0.233 A#4 6
56.533 0.233 A4 6
56.800 0.100 A4 6
56.933 0.233 G#4 6
57.200 0.100 G#4 6
57.333 0.233 G4 6
57.600 0.367 F4 6
58.000 1.700 D4 6
60.000 0.117 D5 7
60.133 0.117 D5 7
60.400 0.367 D5 7
60.800 0.233 C#5 7
62.133 0.117 D5 7
62.267 0.117 D5 7
62.533 0.367 D5 7
62.933 0.233 C#5 7
64.000 0.250 D3 8
64.267 0.250 D3 8
64.533 0.133 F3 8
64.667 0.133 A3 8
65.333 0.250 D3 8
65.600 0.133 G3 8
65.733 0.383 B3 8
66.133 0.250 D3 8
66.400 0.250 D3 8
66.667 0.133 F3 8
66.800 0.383 A3 8
67.733 0.133 A2 8
67.867 0.383 C3 8
68.267 0.250 D3 8
68.533 0.250 D3 8
68.800 0.133 F3 8
68.933 0.133 A3 8
69.600 0.250 D3 8
69.867 0.133 G3 8
70.000 0.383 B3 8
70.400 0.250 D3 8
70.667 0.250 D3 8
70.933 0.133 F3 8
71.067 0.383 A3 8
72.000 0.133 A2 8
72.133 0.383 C3 8
72.533 0.400 D5 3
72.933 1.733 A5 15
74.667 0.133 G#5 15
74.800 0.133 A5 15
74.933 0.133 G#5 15
75.067 1.733 F5 15
76.800 0.400 D5 15
77.200 1.733 A5 15
78.933 0.133 G#5 15
79.067 0.133 A5 15
79.200 0.133 G#5 15
79.333 1.733 F5 15
81.067 0.233 C5 6
81.333 0.100 C5 6
81.467 0.233 B4 6
81.733 0.100 B4 6
81.867 0.233 A#4 6
82.133 0.233 A4 6
82.400 0.100 A4 6
82.533 0.233 G#4 6
82.800 0.100 G#4 6
82.933 0.233 G4 6
83.200 0.367 F4 6
83.600 1.700 D4 6
85.333 0.233 C5 6
85.600 0.100 C5 6
85.733 0.233 B4 6
86.000 0.100 B4 6
86.133 0.233 A#4 6
86.400 0.233 A4 6
86.667 0.100 A4 6
86.800 0.233 G#4 6
87.067 0.100 G#4 6
87.200 0.233 G4 6
87.467 0.367 F4 6
87.867 1.700 D4 6
89.867 0.117 D5 7
90.000 0.117 D5 7
90.267 0.367 D5 7
90.667 0.233 C#5 7
92.000 0.117 D5 7
92.133 0.117 D5 7
92.400 0.367 D5 7
92.800 0.233 C#5 7
93.867 0.250 D3 8
94.133 0.250 D3 8
94.400 0.133 F3 8
94.533 0.133 A3 8
95.200 0.250 D3 8
95.467 0.133 G3 8
95.600 0.383 B3 8
96.000 0.250 D3 8
96.267 0.250 D3 8
96.533 0.133 F3 8
96.667 0.383 A3 8
97.600 0.133 A2 8
97.733 0.383 C3 8
98.133 0.250 D3 8
98.400 0.250 D3 8
98.667 0.133 F3 8
98.800 0.133 A3 8
99.467 0.250 D3 8
99.733 0.133 G3 8
99.867 0.383 B3 8
100.267 0.250 D3 8
100.533 0.250 D3 8
100.800 0.133 F3 8
100.933 0.383 A3 8
101.867 0.133 A2 8
102.000 0.383 C3 8
102.400 0.400 D5 3
102.800 1.733 A5 15
104.533 0.133 G#5 15
104.667 0.133 A5 15
104.800 0.133 G#5 15
104.933 1.733 F5 15
106.667 0.400 D5 15
107.067 1.733 A5 15
108.800 0.133 G#5 15
108.933 0.133 A5 15
109.067 0.133 G#5 15
109.200 1.733 F5 15
110.933 0.233 C5 6
111.200 0.100 C5 6
111.333 0.233 B4 6
111.600 0.100 B4 6
111.733 0.233 A#4 6
112.000 0.233 A4 6
112.267 0.100 A4 6
112.400 0.233 G#4 6
112.667 0.100 G#4 6
112.800 0.233 G4 6
113.067 0.367 F4 6
113.467 1.700 D4 6
115.200 0.233 C5 6
115.467 0.100 C5 6
115.600 0.233 B4 6
115.867 0.100 B4 6
116.000 0.233 A#4 6
116.267 0.233 A4 6
116.533 0.100 A4 6
116.667 0.233 G#4 6
116.933 0.100 G#4 6
117.067 0.233 G4 6
117.333 0.367 F4 6
117.733 1.700 D4 6
119.733 0.117 D5 7
119.867 0.117 D5 7
120.133 3.600 D5 7
Triangle(530)
time dur note vol
0.000 0.083 D4 15
0.133 0.083 D4 15
0.267 0.083 D4 15
0.400 0.083 D4 15
0.533 0.083 D4 15
0.667 0.083 D4 15
0.800 0.083 D4 15
0.933 0.083 D4 15
1.067 0.083 D4 15
1.200 0.083 D4 15
1.333 0.083 D4 15
1.467 0.083 D4 15
1.600 0.083 D4 15
1.733 0.083 A3 15
1.867 0.083 C4 15
2.000 0.083 D4 15
2.133 0.083 D4 15
2.267 0.083 D4 15
2.400 0.083 D4 15
2.533 0.083 D4 15
2.667 0.083 D4 15
2.800 0.083 D4 15
2.933 0.083 D4 15
3.067 0.083 D4 15
3.200 0.083 D4 15
3.333 0.083 D4 15
3.467 0.083 D4 15
3.600 0.083 D4 15
3.733 0.083 D4 15
3.867 0.083 A3 15
4.000 0.083 C4 15
4.133 0.083 D4 15
4.267 0.167 D3 15
4.533 0.167 D3 15
4.800 0.133 F3 15
4.933 0.167 A3 15
5.600 0.167 D3 15
5.867 0.133 G3 15
6.000 0.300 B3 15
6.400 0.167 D3 15
6.667 0.167 D3 15
6.933 0.133 F3 15
7.067 0.167 A3 15
8.000 0.133 A3 15
8.133 0.400 C4 15
8.533 0.167 D3 15
8.800 0.167 D3 15
9.067 0.133 F3 15
9.200 0.167 A3 15
9.867 0.167 D3 15
10.133 0.133 G3 15
10.267 0.300 B3 15
10.667 0.167 D3 15
10.933 0.167 D3 15
11.200 0.133 F3 15
11.333 0.167 A3 15
12.267 0.133 A3 15
12.400 0.400 C4 15
12.800 0.100 D4 15
13.067 0.083 D4 15
13.333 0.100 F4 15
13.467 0.100 A4 15
14.133 0.100 D4 15
14.400 0.083 F4 15
14.533 0.100 A4 15
14.933 0.100 A#3 15
15.200 0.100 A#3 15
15.467 0.100 D4 15
15.600 0.100 F4 15
16.267 0.100 A#3 15
16.533 0.100 D4 15
17.067 0.100 D4 15
17.333 0.100 D4 15
17.600 0.100 F4 15
17.733 0.100 A4 15
18.400 0.100 D4 15
18.667 0.100 F4 15
18.800 0.100 A4 15
19.200 0.083 A#3 15
19.467 0.100 A#3 15
19.733 0.100 D4 15
19.867 0.083 F4 15
20.533 0.100 A#3 15
20.800 0.100 D4 15
21.333 0.083 A3 15
21.467 0.083 A3 15
21.600 0.083 A3 15
21.733 0.083 A3 15
21.867 0.083 A3 15
22.000 0.083 A3 15
22.133 0.083 A3 15
22.267 0.083 A3 15
22.400 0.083 A3 15
22.533 0.083 A3 15
22.667 0.083 A3 15
22.800 0.083 A3 15
22.933 0.083 A3 15
23.067 0.083 A3 15
23.200 0.083 A3 15
23.333 0.083 A3 15
23.467 0.083 A#4 15
23.600 0.083 A#4 15
23.733 0.083 A#4 15
23.867 0.083 A4 15
24.000 0.083 A4 15
24.133 0.083 A4 15
24.267 0.083 G#4 15
24.400 0.083 G#4 15
24.533 0.083 A#4 15
24.667 0.083 A#4 15
24.800 0.083 A#4 15
24.933 0.083 A4 15
25.067 0.083 A4 15
25.200 0.083 A4 15
25.333 0.083 G#4 15
25.467 0.083 G#4 15
25.600 0.083 A3 15
25.733 0.083 A3 15
25.867 0.083 A3 15
26.000 0.083 A3 15
26.133 0.083 A3 15
26.267 0.083 A3 15
26.400 0.083 A3 15
26.533 0.083 A3 15
26.667 0.083 A3 15
26.800 0.083 A3 15
26.933 0.083 A3 15
27.067 0.083 A3 15
27.200 0.083 A3 15
27.333 0.083 A3 15
27.467 0.083 A3 15
27.600 0.083 A3 15
27.733 0.083 A#4 15
27.867 0.083 A#4 15
28.000 0.083 A#4 15
28.133 0.083 A4 15
28.267 0.083 A4 15
28.400 0.083 A4 15
28.533 0.083 G#4 15
28.667 0.083 G#4 15
28.800 0.083 A#4 15
28.933 0.083 A#4 15
29.067 0.083 A#4 15
29.200 0.083 A4 15
29.333 0.083 A4 15
29.467 0.083 A4 15
29.600 0.083 G#4 15
29.733 0.083 G#4 15
29.867 0.267 G#3 15
30.133 0.133 G#4 15
30.267 0.150 G#3 15
30.533 0.150 G#3 15
30.933 0.133 A3 15
32.000 0.267 G#3 15
32.267 0.133 G#4 15
32.400 0.133 G#3 15
32.667 0.150 G#3 15
33.067 0.150 A3 15
34.133 0.167 D3 15
34.400 0.167 D3 15
34.667 0.133 F3 15
34.800 0.167 A3 15
35.467 0.167 D3 15
35.733 0.133 G3 15
35.867 0.300 B3 15
36.267 0.167 D3 15
36.533 0.167 D3 15
36.800 0.133 F3 15
36.933 0.167 A3 15
37.867 0.133 A3 15
38.000 0.400 C4 15
38.400 0.167 D3 15
38.667 0.167 D3 15
38.933 0.133 F3 15
39.067 0.167 A3 15
39.733 0.167 D3 15
40.000 0.133 G3 15
40.133 0.300 B3 15
40.533 0.167 D3 15
40.800 0.167 D3 15
41.067 0.133 F3 15
41.200 0.167 A3 15
42.133 0.133 A3 15
42.267 0.400 C4 15
42.667 0.100 D4 15
42.933 0.100 D4 15
43.200 0.083 F4 15
43.333 0.100 A4 15
44.000 0.100 D4 15
44.267 0.100 F4 15
44.400 0.100 A4 15
44.800 0.100 A#3 15
45.067 0.100 A#3 15
45.333 0.100 D4 15
45.467 0.100 F4 15
46.133 0.100 A#3 15
46.400 0.100 D4 15
46.933 0.083 D4 15
47.200 0.100 D4 15
47.467 0.100 F4 15
47.600 0.100 A4 15
48.267 0.100 D4 15
48.533 0.100 F4 15
48.667 0.083 A4 15
49.067 0.100 A#3 15
49.333 0.083 A#3 15
49.600 0.100 D4 15
49.733 0.100 F4 15
50.400 0.100 A#3 15
50.667 0.100 D4 15
51.200 0.083 A3 15
51.333 0.083 A3 15
51.467 0.083 A3 15
51.600 0.083 A3 15
51.733 0.083 A3 15
51.867 0.083 A3 15
52.000 0.083 A3 15
52.133 0.083 A3 15
52.267 0.083 A3 15
52.400 0.083 A3 15
52.533 0.083 A3 15
52.667 0.083 A3 15
52.800 0.083 A3 15
52.933 0.083 A3 15
53.067 0.083 A3 15
53.200 0.083 A3 15
53.333 0.083 A#4 15
53.467 0.083 A#4 15
53.600 0.083 A#4 15
53.733 0.083 A4 15
53.867 0.083 A4 15
54.000 0.083 A4 15
54.133 0.083 G#4 15
54.267 0.083 G#4 15
54.400 0.083 A#4 15
54.533 0.083 A#4 15
54.667 0.083 A#4 15
54.800 0.083 A4 15
54.933 0.083 A4 15
55.067 0.083 A4 15
55.200 0.083 G#4 15
55.333 0.083 G#4 15
55.467 0.083 A3 15
55.600 0.083 A3 15
55.733 0.083 A3 15
55.867 0.083 A3 15
56.000 0.083 A3 15
56.133 0.083 A3 15
56.267 0.083 A3 15
56.400 0.083 A3 15
56.533 0.083 A3 15
56.667 0.083 A3 15
56.800 0.083 A3 15
56.933 0.083 A3 15
57.067 0.083 A3 15
57.200 0.083 A3 15
57.333 0.083 A3 15
57.467 0.083 A3 15
57.600 0.083 A#4 15
57.733 0.083 A#4 15
57.867 0.083 A#4 15
58.000 0.083 A4 15
58.133 0.083 A4 15
58.267 0.083 A4 15
58.400 0.083 G#4 15
58.533 0.083 G#4 15
58.667 0.083 A#4 15
58.800 0.083 A#4 15
58.933 0.083 A#4 15
59.067 0.083 A4 15
59.200 0.083 A4 15
59.333 0.083 A4 15
59.467 0.083 G#4 15
59.600 0.083 G#4 15
59.733 0.267 G#3 15
60.000 0.133 G#4 15
60.133 0.150 G#3 15
60.400 0.150 G#3 15
60.800 0.150 A3 15
61.867 0.267 G#3 15
62.133 0.133 G#4 15
62.267 0.150 G#3 15
62.533 0.133 G#3 15
62.933 0.150 A3 15
64.000 0.167 D3 15
64.267 0.167 D3 15
64.533 0.133 F3 15
64.667 0.167 A3 15
65.333 0.167 D3 15
65.600 0.133 G3 15
65.733 0.300 B3 15
66.133 0.167 D3 15
66.400 0.167 D3 15
66.667 0.133 F3 15
66.800 0.167 A3 15
67.733 0.133 A3 15
67.867 0.400 C4 15
68.267 0.167 D3 15
68.533 0.167 D3 15
68.800 0.133 F3 15
68.933 0.167 A3 15
69.600 0.167 D3 15
69.867 0.133 G3 15
70.000 0.300 B3 15
70.400 0.167 D3 15
70.667 0.167 D3 15
70.933 0.133 F3 15
71.067 0.167 A3 15
72.000 0.133 A3 15
72.133 0.400 C4 15
72.533 0.100 D4 15
72.800 0.100 D4 15
73.067 0.100 F4 15
73.200 0.100 A4 15
73.867 0.100 D4 15
74.133 0.100 F4 15
74.267 0.100 A4 15
74.667 0.083 A#3 15
74.933 0.100 A#3 15
75.200 0.100 D4 15
75.333 0.100 F4 15
76.000 0.100 A#3 15
76.267 0.100 D4 15
76.800 0.100 D4 15
77.067 0.083 D4 15
77.333 0.100 F4 15
77.467 0.100 A4 15
78.133 0.100 D4 15
78.400 0.100 F4 15
78.533 0.100 A4 15
78.933 0.100 A#3 15
79.200 0.100 A#3 15
79.467 0.083 D4 15
79.600 0.100 F4 15
80.267 0.100 A#3 15
80.533 0.100 D4 15
81.067 0.083 A3 15
81.200 0.083 A3 15
81.333 0.083 A3 15
81.467 0.083 A3 15
81.600 0.083 A3 15
81.733 0.083 A3 15
81.867 0.083 A3 15
82.000 0.083 A3 15
82.133 0.083 A3 15
82.267 0.083 A3 15
82.400 0.083 A3 15
82.533 0.083 A3 15
82.667 0.083 A3 15
82.800 0.083 A3 15
82.933 0.083 A3 15
83.067 0.083 A3 15
83.200 0.083 A#4 15
83.333 0.083 A#4 15
83.467 0.083 A#4 15
83.600 0.083 A4 15
83.733 0.083 A4 15
83.867 0.083 A4 15
84.000 0.083 G#4 15
84.133 0.083 G#4 15
84.267 0.083 A#4 15
84.400 0.083 A#4 15
84.533 0.083 A#4 15
84.667 0.083 A4 15
84.800 0.083 A4 15
84.933 0.083 A4 15
85.067 0.083 G#4 15
85.200 0.083 G#4 15
85.333 0.083 A3 15
85.467 0.083 A3 15
85.600 0.083 A3 15
85.733 0.083 A3 15
85.867 0.083 A3 15
86.000 0.083 A3 15
86.133 0.083 A3 15
86.267 0.083 A3 15
86.400 0.083 A3 15
86.533 0.083 A3 15
86.667 0.083 A3 15
86.800 0.083 A3 15
86.933 0.083 A3 15
87.067 0.083 A3 15
87.200 0.083 A3 15
87.333 0.083 A3 15
87.467 0.083 A#4 15
87.600 0.083 A#4 15
87.733 0.083 A#4 15
87.867 0.083 A4 15
88.000 0.083 A4 15
88.133 0.083 A4 15
88.267 0.083 G#4 15
88.400 0.083 G#4 15
88.533 0.083 A#4 15
88.667 0.083 A#4 15
88.800 0.083 A#4 15
88.933 0.083 A4 15
89.067 0.083 A4 15
89.200 0.083 A4 15
89.333 0.083 G#4 15
89.467 0.083 G#4 15
89.600 0.267 G#3 15
89.867 0.133 G#4 15
90.000 0.150 G#3 15
90.267 0.150 G#3 15
90.667 0.150 A3 15
91.733 0.267 G#3 15
92.000 0.133 G#4 15
92.133 0.133 G#3 15
92.400 0.150 G#3 15
92.800 0.150 A3 15
93.867 0.167 D3 15
94.133 0.167 D3 15
94.400 0.133 F3 15
94.533 0.167 A3 15
95.200 0.167 D3 15
95.467 0.133 G3 15
95.600 0.300 B3 15
96.000 0.167 D3 15
96.267 0.167 D3 15
96.533 0.133 F3 15
96.667 0.167 A3 15
97.600 0.133 A3 15
97.733 0.400 C4 15
98.133 0.167 D3 15
98.400 0.167 D3 15
98.667 0.133 F3 15
98.800 0.167 A3 15
99.467 0.167 D3 15
99.733 0.133 G3 15
99.867 0.300 B3 15
100.267 0.167 D3 15
100.533 0.167 D3 15
100.800 0.133 F3 15
100.933 0.167 A3 15
101.867 0.133 A3 15
102.000 0.400 C4 15
102.400 0.083 D4 15
102.667 0.100 D4 15
102.933 0.100 F4 15
103.067 0.100 A4 15
103.733 0.100 D4 15
104.000 0.100 F4 15
104.133 0.083 A4 15
104.533 0.100 A#3 15
104.800 0.083 A#3 15
105.067 0.100 D4 15
105.200 0.100 F4 15
105.867 0.100 A#3 15
106.133 0.100 D4 15
106.667 0.100 D4 15
106.933 0.100 D4 15
107.200 0.083 F4 15
107.333 0.100 A4 15
108.000 0.100 D4 15
108.267 0.100 F4 15
108.400 0.100 A4 15
108.800 0.100 A#3 15
109.067 0.100 A#3 15
109.333 0.100 D4 15
109.467 0.100 F4 15
110.133 0.100 A#3 15
110.400 0.100 D4 15
110.933 0.083 A3 15
111.067 0.083 A3 15
111.200 0.083 A3 15
111.333 0.083 A3 15
111.467 0.083 A3 15
111.600 0.083 A3 15
111.733 0.083 A3 15
111.867 0.083 A3 15
112.000 0.083 A3 15
112.133 0.083 A3 15
112.267 0.083 A3 15
112.400 0.083 A3 15
112.533 0.083 A3 15
112.667 0.083 A3 15
112.800 0.083 A3 15
112.933 0.083 A3 15
113.067 0.083 A#4 15
113.200 0.083 A#4 15
113.333 0.083 A#4 15
113.467 0.083 A4 15
113.600 0.083 A4 15
113.733 0.083 A4 15
113.867 0.083 G#4 15
114.000 0.083 G#4 15
114.133 0.083 A#4 15
114.267 0.083 A#4 15
114.400 0.083 A#4 15
114.533 0.083 A4 15
114.667 0.083 A4 15
114.800 0.083 A4 15
114.933 0.083 G#4 15
115.067 0.083 G#4 15
115.200 0.083 A3 15
115.333 0.083 A3 15
115.467 0.083 A3 15
115.600 0.083 A3 15
115.733 0.083 A3 15
115.867 0.083 A3 15
116.000 0.083 A3 15
116.133 0.083 A3 15
116.267 0.083 A3 15
116.400 0.083 A3 15
116.533 0.083 A3 15
116.667 0.083 A3 15
116.800 0.083 A3 15
116.933 0.083 A3 15
117.067 0.083 A3 15
117.200 0.083 A3 15
117.333 0.083 A#4 15
117.467 0.083 A#4 15
117.600 0.083 A#4 15
117.733 0.083 A4 15
117.867 0.083 A4 15
118.000 0.083 A4 15
118.133 0.083 G#4 15
118.267 0.083 G#4 15
118.400 0.083 A#4 15
118.533 0.083 A#4 15
118.667 0.083 A#4 15
118.800 0.083 A4 15
118.933 0.083 A4 15
119.067 0.083 A4 15
119.200 0.083 G#4 15
119.333 0.083 G#4 15
119.467 0.267 G#3 15
119.733 0.133 G#4 15
119.867 0.133 G#3 15
120.133 3.600 G#3 15
Noise(1418)
time dur noise vol drum
0.000 0.017 11 8 kick_tight
0.017 0.033 13 3 kick_deep
0.133 0.017 11 8 kick_tight
0.150 0.033 13 3 kick_deep
0.267 0.017 11 8 kick_tight
0.283 0.033 13 3 kick_deep
0.400 0.017 11 8 kick_tight
0.417 0.033 13 3 kick_deep
0.533 0.017 11 8 kick_tight
0.550 0.033 13 3 kick_deep
0.667 0.017 11 8 kick_tight
0.683 0.033 13 3 kick_deep
0.800 0.017 11 8 kick_tight
0.817 0.033 13 3 kick_deep
0.933 0.017 11 8 kick_tight
0.950 0.033 13 3 kick_deep
1.067 0.017 11 8 kick_tight
1.083 0.033 13 3 kick_deep
1.200 0.017 11 8 kick_tight
1.217 0.033 13 3 kick_deep
1.333 0.017 11 8 kick_tight
1.350 0.033 13 3 kick_deep
1.467 0.017 11 8 kick_tight
1.483 0.033 13 3 kick_deep
1.600 0.017 11 8 kick_tight
1.617 0.033 13 3 kick_deep
1.733 0.100 8 6 tom_high
1.833 0.033 13 1 kick_deep
1.867 0.100 8 6 tom_high
1.967 0.033 13 1 kick_deep
2.000 0.100 8 6 tom_high
2.100 0.050 13 1 kick_deep
2.267 0.017 11 8 kick_tight
2.283 0.033 13 3 kick_deep
2.400 0.017 11 8 kick_tight
2.417 0.033 13 3 kick_deep
2.533 0.017 11 8 kick_tight
2.550 0.033 13 3 kick_deep
2.667 0.017 11 8 kick_tight
2.683 0.033 13 3 kick_deep
2.800 0.017 11 8 kick_tight
2.817 0.033 13 3 kick_deep
2.933 0.017 11 8 kick_tight
2.950 0.033 13 3 kick_deep
3.067 0.017 11 8 kick_tight
3.083 0.033 13 3 kick_deep
3.200 0.017 11 8 kick_tight
3.217 0.033 13 3 kick_deep
3.333 0.017 11 8 kick_tight
3.350 0.033 13 3 kick_deep
3.467 0.017 11 8 kick_tight
3.483 0.033 13 3 kick_deep
3.600 0.017 11 8 kick_tight
3.617 0.033 13 3 kick_deep
3.733 0.017 11 8 kick_tight
3.750 0.033 13 3 kick_deep
3.867 0.100 8 6 tom_high
3.967 0.033 13 1 kick_deep
4.000 0.100 8 6 tom_high
4.100 0.033 13 1 kick_deep
4.133 0.100 8 6 tom_high
4.233 0.050 13 1 kick_deep
4.400 0.017 11 8 kick_tight
4.417 0.033 13 3 kick_deep
4.533 0.100 8 6 tom_high
4.633 0.050 13 1 kick_deep
4.800 0.017 11 8 kick_tight
4.817 0.033 13 3 kick_deep
4.933 0.017 11 8 kick_tight
4.950 0.033 13 3 kick_deep
5.067 0.017 11 8 kick_tight
5.083 0.033 13 3 kick_deep
5.200 0.017 11 8 kick_tight
5.217 0.033 13 3 kick_deep
5.333 0.017 11 8 kick_tight
5.350 0.033 13 3 kick_deep
5.467 0.017 11 8 kick_tight
5.483 0.033 13 3 kick_deep
5.600 0.017 11 8 kick_tight
5.617 0.033 13 3 kick_deep
5.733 0.017 11 8 kick_tight
5.750 0.033 13 3 kick_deep
5.867 0.017 11 8 kick_tight
5.883 0.033 13 3 kick_deep
6.000 0.017 11 8 kick_tight
6.017 0.033 13 3 kick_deep
6.133 0.100 8 6 tom_high
6.233 0.050 13 1 kick_deep
6.400 0.017 11 8 kick_tight
6.417 0.033 13 3 kick_deep
6.533 0.017 11 8 kick_tight
6.550 0.033 13 3 kick_deep
6.667 0.100 8 6 tom_high
6.767 0.050 13 1 kick_deep
6.933 0.017 11 8 kick_tight
6.950 0.033 13 3 kick_deep
7.067 0.017 11 8 kick_tight
7.083 0.033 13 3 kick_deep
7.200 0.017 11 8 kick_tight
7.217 0.033 13 3 kick_deep
7.333 0.017 11 8 kick_tight
7.350 0.033 13 3 kick_deep
7.467 0.017 11 8 kick_tight
7.483 0.033 13 3 kick_deep
7.600 0.017 11 8 kick_tight
7.617 0.033 13 3 kick_deep
7.733 0.017 11 8 kick_tight
7.750 0.033 13 3 kick_deep
7.867 0.017 11 8 kick_tight
7.883 0.033 13 3 kick_deep
8.000 0.017 11 8 kick_tight
8.017 0.033 13 3 kick_deep
8.133 0.100 8 6 tom_high
8.233 0.033 13 1 kick_deep
8.267 0.100 8 6 tom_high
8.367 0.033 13 1 kick_deep
8.400 0.100 8 6 tom_high
8.500 0.050 13 1 kick_deep
8.667 0.017 11 8 kick_tight
8.683 0.033 13 3 kick_deep
8.800 0.100 8 6 tom_high
8.900 0.050 13 1 kick_deep
9.067 0.017 11 8 kick_tight
9.083 0.033 13 3 kick_deep
9.200 0.017 11 8 kick_tight
9.217 0.033 13 3 kick_deep
9.333 0.017 11 8 kick_tight
9.350 0.033 13 3 kick_deep
9.467 0.017 11 8 kick_tight
9.483 0.033 13 3 kick_deep
9.600 0.017 11 8 kick_tight
9.617 0.033 13 3 kick_deep
9.733 0.017 11 8 kick_tight
9.750 0.033 13 3 kick_deep
9.867 0.017 11 8 kick_tight
9.883 0.033 13 3 kick_deep
10.000 0.017 11 8 kick_tight
10.017 0.033 13 3 kick_deep
10.133 0.017 11 8 kick_tight
10.150 0.033 13 3 kick_deep
10.267 0.017 11 8 kick_tight
10.283 0.033 13 3 kick_deep
10.400 0.100 8 6 tom_high
10.500 0.050 13 1 kick_deep
10.667 0.017 11 8 kick_tight
10.683 0.033 13 3 kick_deep
10.800 0.017 11 8 kick_tight
10.817 0.033 13 3 kick_deep
10.933 0.100 8 6 tom_high
11.033 0.050 13 1 kick_deep
11.200 0.017 11 8 kick_tight
11.217 0.033 13 3 kick_deep
11.333 0.017 11 8 kick_tight
11.350 0.033 13 3 kick_deep
11.467 0.017 11 8 kick_tight
11.483 0.033 13 3 kick_deep
11.600 0.017 11 8 kick_tight
11.617 0.033 13 3 kick_deep
11.733 0.017 11 8 kick_tight
11.750 0.033 13 3 kick_deep
11.867 0.017 11 8 kick_tight
11.883 0.033 13 3 kick_deep
12.000 0.017 11 8 kick_tight
12.017 0.033 13 3 kick_deep
12.133 0.017 11 8 kick_tight
12.150 0.033 13 3 kick_deep
12.267 0.017 11 8 kick_tight
12.283 0.033 13 3 kick_deep
12.400 0.100 8 6 tom_high
12.500 0.033 13 1 kick_deep
12.533 0.100 8 6 tom_high
12.633 0.033 13 1 kick_deep
12.667 0.100 8 6 tom_high
12.767 0.050 13 1 kick_deep
13.067 0.017 11 8 kick_tight
13.083 0.033 13 3 kick_deep
13.333 0.017 11 8 kick_tight
13.350 0.033 13 3 kick_deep
13.467 0.017 11 8 kick_tight
13.483 0.033 13 3 kick_deep
13.600 0.017 11 8 kick_tight
13.617 0.033 13 3 kick_deep
13.733 0.017 11 8 kick_tight
13.750 0.033 13 3 kick_deep
13.867 0.017 11 8 kick_tight
13.883 0.033 13 3 kick_deep
14.000 0.017 11 8 kick_tight
14.017 0.033 13 3 kick_deep
14.133 0.017 11 8 kick_tight
14.150 0.033 13 3 kick_deep
14.400 0.017 11 8 kick_tight
14.417 0.033 13 3 kick_deep
14.533 0.100 8 6 tom_high
14.633 0.033 13 1 kick_deep
14.667 0.100 8 6 tom_high
14.767 0.033 13 1 kick_deep
14.800 0.100 8 6 tom_high
14.900 0.050 13 1 kick_deep
15.200 0.017 11 8 kick_tight
15.217 0.033 13 3 kick_deep
15.467 0.017 11 8 kick_tight
15.483 0.033 13 3 kick_deep
15.600 0.017 11 8 kick_tight
15.617 0.033 13 3 kick_deep
16.267 0.017 11 8 kick_tight
16.283 0.033 13 3 kick_deep
16.533 0.017 11 8 kick_tight
16.550 0.033 13 3 kick_deep
17.067 0.017 11 8 kick_tight
17.083 0.033 13 3 kick_deep
17.333 0.017 11 8 kick_tight
17.350 0.033 13 3 kick_deep
17.600 0.017 11 8 kick_tight
17.617 0.033 13 3 kick_deep
17.733 0.017 11 8 kick_tight
17.750 0.033 13 3 kick_deep
17.867 0.017 11 8 kick_tight
17.883 0.033 13 3 kick_deep
18.000 0.017 11 8 kick_tight
18.017 0.033 13 3 kick_deep
18.133 0.017 11 8 kick_tight
18.150 0.033 13 3 kick_deep
18.267 0.017 11 8 kick_tight
18.283 0.033 13 3 kick_deep
18.400 0.017 11 8 kick_tight
18.417 0.033 13 3 kick_deep
18.667 0.017 11 8 kick_tight
18.683 0.033 13 3 kick_deep
18.800 0.100 8 6 tom_high
18.900 0.033 13 1 kick_deep
18.933 0.100 8 6 tom_high
19.033 0.033 13 1 kick_deep
19.067 0.100 8 6 tom_high
19.167 0.050 13 1 kick_deep
19.467 0.017 11 8 kick_tight
19.483 0.033 13 3 kick_deep
19.733 0.017 11 8 kick_tight
19.750 0.033 13 3 kick_deep
19.867 0.017 11 8 kick_tight
19.883 0.033 13 3 kick_deep
20.533 0.017 11 8 kick_tight
20.550 0.033 13 3 kick_deep
20.800 0.017 11 8 kick_tight
20.817 0.033 13 3 kick_deep
21.333 0.017 11 8 kick_tight
21.350 0.033 13 3 kick_deep
21.467 0.017 11 8 kick_tight
21.483 0.033 13 3 kick_deep
21.600 0.017 11 8 kick_tight
21.617 0.033 13 3 kick_deep
21.733 0.017 11 8 kick_tight
21.750 0.033 13 3 kick_deep
21.867 0.017 11 8 kick_tight
21.883 0.033 13 3 kick_deep
22.000 0.017 11 8 kick_tight
22.017 0.033 13 3 kick_deep
22.133 0.017 11 8 kick_tight
22.150 0.033 13 3 kick_deep
22.267 0.017 11 8 kick_tight
22.283 0.033 13 3 kick_deep
22.400 0.017 11 8 kick_tight
22.417 0.033 13 3 kick_deep
22.533 0.017 11 8 kick_tight
22.550 0.033 13 3 kick_deep
22.667 0.017 11 8 kick_tight
22.683 0.033 13 3 kick_deep
22.800 0.017 11 8 kick_tight
22.817 0.033 13 3 kick_deep
22.933 0.017 11 8 kick_tight
22.950 0.033 13 3 kick_deep
23.067 0.017 11 8 kick_tight
23.083 0.033 13 3 kick_deep
23.200 0.017 11 8 kick_tight
23.217 0.033 13 3 kick_deep
23.333 0.017 11 8 kick_tight
23.350 0.033 13 3 kick_deep
23.467 0.017 11 8 kick_tight
23.483 0.033 13 3 kick_deep
23.600 0.017 11 8 kick_tight
23.617 0.033 13 3 kick_deep
23.733 0.017 11 8 kick_tight
23.750 0.033 13 3 kick_deep
23.867 0.017 11 8 kick_tight
23.883 0.033 13 3 kick_deep
24.000 0.017 11 8 kick_tight
24.017 0.033 13 3 kick_deep
24.133 0.100 8 6 tom_high
24.233 0.033 13 1 kick_deep
24.267 0.100 8 6 tom_high
24.367 0.033 13 1 kick_deep
24.400 0.100 8 6 tom_high
24.500 0.050 13 1 kick_deep
24.667 0.017 11 8 kick_tight
24.683 0.033 13 3 kick_deep
24.800 0.017 11 8 kick_tight
24.817 0.033 13 3 kick_deep
24.933 0.017 11 8 kick_tight
24.950 0.033 13 3 kick_deep
25.067 0.017 11 8 kick_tight
25.083 0.033 13 3 kick_deep
25.200 0.017 11 8 kick_tight
25.217 0.033 13 3 kick_deep
25.333 0.100 8 6 tom_high
25.433 0.033 13 1 kick_deep
25.467 0.100 8 6 tom_high
25.567 0.050 13 1 kick_deep
25.733 0.017 11 8 kick_tight
25.750 0.033 13 3 kick_deep
25.867 0.017 11 8 kick_tight
25.883 0.033 13 3 kick_deep
26.000 0.017 11 8 kick_tight
26.017 0.033 13 3 kick_deep
26.133 0.017 11 8 kick_tight
26.150 0.033 13 3 kick_deep
26.267 0.017 11 8 kick_tight
26.283 0.033 13 3 kick_deep
26.400 0.017 11 8 kick_tight
26.417 0.033 13 3 kick_deep
26.533 0.017 11 8 kick_tight
26.550 0.033 13 3 kick_deep
26.667 0.017 11 8 kick_tight
26.683 0.033 13 3 kick_deep
26.800 0.017 11 8 kick_tight
26.817 0.033 13 3 kick_deep
26.933 0.017 11 8 kick_tight
26.950 0.033 13 3 kick_deep
27.067 0.017 11 8 kick_tight
27.083 0.033 13 3 kick_deep
27.200 0.017 11 8 kick_tight
27.217 0.033 13 3 kick_deep
27.333 0.017 11 8 kick_tight
27.350 0.033 13 3 kick_deep
27.467 0.017 11 8 kick_tight
27.483 0.033 13 3 kick_deep
27.600 0.017 11 8 kick_tight
27.617 0.033 13 3 kick_deep
27.733 0.017 11 8 kick_tight
27.750 0.033 13 3 kick_deep
27.867 0.017 11 8 kick_tight
27.883 0.033 13 3 kick_deep
28.000 0.017 11 8 kick_tight
28.017 0.033 13 3 kick_deep
28.133 0.017 11 8 kick_tight
28.150 0.033 13 3 kick_deep
28.267 0.017 11 8 kick_tight
28.283 0.033 13 3 kick_deep
28.400 0.100 8 6 tom_high
28.500 0.033 13 1 kick_deep
28.533 0.100 8 6 tom_high
28.633 0.033 13 1 kick_deep
28.667 0.100 8 6 tom_high
28.767 0.050 13 1 kick_deep
28.933 0.017 11 8 kick_tight
28.950 0.033 13 3 kick_deep
29.067 0.017 11 8 kick_tight
29.083 0.033 13 3 kick_deep
29.200 0.017 11 8 kick_tight
29.217 0.033 13 3 kick_deep
29.333 0.017 11 8 kick_tight
29.350 0.033 13 3 kick_deep
29.467 0.017 11 8 kick_tight
29.483 0.033 13 3 kick_deep
29.600 0.100 8 6 tom_high
29.700 0.033 13 1 kick_deep
29.733 0.100 8 6 tom_high
29.833 0.050 13 1 kick_deep
30.000 0.017 11 8 kick_tight
30.017 0.033 13 3 kick_deep
30.133 0.100 8 6 tom_high
30.233 0.050 13 1 kick_deep
30.400 0.017 11 8 kick_tight
30.417 0.033 13 3 kick_deep
30.533 0.017 11 8 kick_tight
30.550 0.033 13 3 kick_deep
30.667 0.100 8 6 tom_high
30.767 0.050 13 1 kick_deep
30.933 0.017 11 8 kick_tight
30.950 0.033 13 3 kick_deep
31.067 0.017 11 8 kick_tight
31.083 0.033 13 3 kick_deep
31.200 0.100 8 6 tom_high
31.300 0.050 13 1 kick_deep
31.600 0.100 8 6 tom_high
31.700 0.033 13 1 kick_deep
31.733 0.100 8 6 tom_high
31.833 0.033 13 1 kick_deep
31.867 0.100 8 6 tom_high
31.967 0.050 13 1 kick_deep
32.133 0.017 11 8 kick_tight
32.150 0.033 13 3 kick_deep
32.267 0.100 8 6 tom_high
32.367 0.050 13 1 kick_deep
32.533 0.017 11 8 kick_tight
32.550 0.033 13 3 kick_deep
32.667 0.017 11 8 kick_tight
32.683 0.033 13 3 kick_deep
32.800 0.100 8 6 tom_high
32.900 0.050 13 1 kick_deep
33.067 0.017 11 8 kick_tight
33.083 0.033 13 3 kick_deep
33.200 0.017 11 8 kick_tight
33.217 0.033 13 3 kick_deep
33.333 0.100 8 6 tom_high
33.433 0.050 13 1 kick_deep
33.733 0.100 8 6 tom_high
33.833 0.033 13 1 kick_deep
33.867 0.100 8 6 tom_high
33.967 0.033 13 1 kick_deep
34.000 0.100 8 6 tom_high
34.100 0.050 13 1 kick_deep
34.267 0.017 11 8 kick_tight
34.283 0.033 13 3 kick_deep
34.400 0.100 8 6 tom_high
34.500 0.050 13 1 kick_deep
34.667 0.017 11 8 kick_tight
34.683 0.033 13 3 kick_deep
34.800 0.017 11 8 kick_tight
34.817 0.033 13 3 kick_deep
34.933 0.017 11 8 kick_tight
34.950 0.033 13 3 kick_deep
35.067 0.017 11 8 kick_tight
35.083 0.033 13 3 kick_deep
35.200 0.017 11 8 kick_tight
35.217 0.033 13 3 kick_deep
35.333 0.017 11 8 kick_tight
35.350 0.033 13 3 kick_deep
35.467 0.017 11 8 kick_tight
35.483 0.033 13 3 kick_deep
35.600 0.017 11 8 kick_tight
35.617 0.033 13 3 kick_deep
35.733 0.017 11 8 kick_tight
35.750 0.033 13 3 kick_deep
35.867 0.017 11 8 kick_tight
35.883 0.033 13 3 kick_deep
36.000 0.100 8 6 tom_high
36.100 0.050 13 1 kick_deep
36.267 0.017 11 8 kick_tight
36.283 0.033 13 3 kick_deep
36.400 0.017 11 8 kick_tight
36.417 0.033 13 3 kick_deep
36.533 0.100 8 6 tom_high
36.633 0.050 13 1 kick_deep
36.800 0.017 11 8 kick_tight
36.817 0.033 13 3 kick_deep
36.933 0.017 11 8 kick_tight
36.950 0.033 13 3 kick_deep
37.067 0.017 11 8 kick_tight
37.083 0.033 13 3 kick_deep
37.200 0.017 11 8 kick_tight
37.217 0.033 13 3 kick_deep
37.333 0.017 11 8 kick_tight
37.350 0.033 13 3 kick_deep
37.467 0.017 11 8 kick_tight
37.483 0.033 13 3 kick_deep
37.600 0.017 11 8 kick_tight
37.617 0.033 13 3 kick_deep
37.733 0.017 11 8 kick_tight
37.750 0.033 13 3 kick_deep
37.867 0.017 11 8 kick_tight
37.883 0.033 13 3 kick_deep
38.000 0.100 8 6 tom_high
38.100 0.033 13 1 kick_deep
38.133 0.100 8 6 tom_high
38.233 0.033 13 1 kick_deep
38.267 0.100 8 6 tom_high
38.367 0.050 13 1 kick_deep
38.533 0.017 11 8 kick_tight
38.550 0.033 13 3 kick_deep
38.667 0.100 8 6 tom_high
38.767 0.050 13 1 kick_deep
38.933 0.017 11 8 kick_tight
38.950 0.033 13 3 kick_deep
39.067 0.017 11 8 kick_tight
39.083 0.033 13 3 kick_deep
39.200 0.017 11 8 kick_tight
39.217 0.033 13 3 kick_deep
39.333 0.017 11 8 kick_tight
39.350 0.033 13 3 kick_deep
39.467 0.017 11 8 kick_tight
39.483 0.033 13 3 kick_deep
39.600 0.017 11 8 kick_tight
39.617 0.033 13 3 kick_deep
39.733 0.017 11 8 kick_tight
39.750 0.033 13 3 kick_deep
39.867 0.017 11 8 kick_tight
39.883 0.033 13 3 kick_deep
40.000 0.017 11 8 kick_tight
40.017 0.033 13 3 kick_deep
40.133 0.017 11 8 kick_tight
40.150 0.033 13 3 kick_deep
40.267 0.100 8 6 tom_high
40.367 0.050 13 1 kick_deep
40.533 0.017 11 8 kick_tight
40.550 0.033 13 3 kick_deep
40.667 0.017 11 8 kick_tight
40.683 0.033 13 3 kick_deep
40.800 0.100 8 6 tom_high
40.900 0.050 13 1 kick_deep
41.067 0.017 11 8 kick_tight
41.083 0.033 13 3 kick_deep
41.200 0.017 11 8 kick_tight
41.217 0.033 13 3 kick_deep
41.333 0.017 11 8 kick_tight
41.350 0.033 13 3 kick_deep
41.467 0.017 11 8 kick_tight
41.483 0.033 13 3 kick_deep
41.600 0.017 11 8 kick_tight
41.617 0.033 13 3 kick_deep
41.733 0.017 11 8 kick_tight
41.750 0.033 13 3 kick_deep
41.867 0.017 11 8 kick_tight
41.883 0.033 13 3 kick_deep
42.000 0.017 11 8 kick_tight
42.017 0.033 13 3 kick_deep
42.133 0.017 11 8 kick_tight
42.150 0.033 13 3 kick_deep
42.267 0.100 8 6 tom_high
42.367 0.033 13 1 kick_deep
42.400 0.100 8 6 tom_high
42.500 0.033 13 1 kick_deep
42.533 0.100 8 6 tom_high
42.633 0.050 13 1 kick_deep
42.933 0.017 11 8 kick_tight
42.950 0.033 13 3 kick_deep
43.200 0.017 11 8 kick_tight
43.217 0.033 13 3 kick_deep
43.333 0.017 11 8 kick_tight
43.350 0.033 13 3 kick_deep
43.467 0.017 11 8 kick_tight
43.483 0.033 13 3 kick_deep
43.600 0.017 11 8 kick_tight
43.617 0.033 13 3 kick_deep
43.733 0.017 11 8 kick_tight
43.750 0.033 13 3 kick_deep
43.867 0.017 11 8 kick_tight
43.883 0.033 13 3 kick_deep
44.000 0.017 11 8 kick_tight
44.017 0.033 13 3 kick_deep
44.267 0.017 11 8 kick_tight
44.283 0.033 13 3 kick_deep
44.400 0.100 8 6 tom_high
44.500 0.033 13 1 kick_deep
44.533 0.100 8 6 tom_high
44.633 0.033 13 1 kick_deep
44.667 0.100 8 6 tom_high
44.767 0.050 13 1 kick_deep
45.067 0.017 11 8 kick_tight
45.083 0.033 13 3 kick_deep
45.333 0.017 11 8 kick_tight
45.350 0.033 13 3 kick_deep
45.467 0.017 11 8 kick_tight
45.483 0.033 13 3 kick_deep
46.133 0.017 11 8 kick_tight
46.150 0.033 13 3 kick_deep
46.400 0.017 11 8 kick_tight
46.417 0.033 13 3 kick_deep
46.933 0.017 11 8 kick_tight
46.950 0.033 13 3 kick_deep
47.200 0.017 11 8 kick_tight
47.217 0.033 13 3 kick_deep
47.467 0.017 11 8 kick_tight
47.483 0.033 13 3 kick_deep
47.600 0.017 11 8 kick_tight
47.617 0.033 13 3 kick_deep
47.733 0.017 11 8 kick_tight
47.750 0.033 13 3 kick_deep
47.867 0.017 11 8 kick_tight
47.883 0.033 13 3 kick_deep
48.000 0.017 11 8 kick_tight
48.017 0.033 13 3 kick_deep
48.133 0.017 11 8 kick_tight
48.150 0.033 13 3 kick_deep
48.267 0.017 11 8 kick_tight
48.283 0.033 13 3 kick_deep
48.533 0.017 11 8 kick_tight
48.550 0.033 13 3 kick_deep
48.667 0.100 8 6 tom_high
48.767 0.033 13 1 kick_deep
48.800 0.100 8 6 tom_high
48.900 0.033 13 1 kick_deep
48.933 0.100 8 6 tom_high
49.033 0.050 13 1 kick_deep
49.333 0.017 11 8 kick_tight
49.350 0.033 13 3 kick_deep
49.600 0.017 11 8 kick_tight
49.617 0.033 13 3 kick_deep
49.733 0.017 11 8 kick_tight
49.750 0.033 13 3 kick_deep
50.400 0.017 11 8 kick_tight
50.417 0.033 13 3 kick_deep
50.667 0.017 11 8 kick_tight
50.683 0.033 13 3 kick_deep
51.200 0.017 11 8 kick_tight
51.217 0.033 13 3 kick_deep
51.333 0.017 11 8 kick_tight
51.350 0.033 13 3 kick_deep
51.467 0.017 11 8 kick_tight
51.483 0.033 13 3 kick_deep
51.600 0.017 11 8 kick_tight
51.617 0.033 13 3 kick_deep
51.733 0.017 11 8 kick_tight
51.750 0.033 13 3 kick_deep
51.867 0.017 11 8 kick_tight
51.883 0.033 13 3 kick_deep
52.000 0.017 11 8 kick_tight
52.017 0.033 13 3 kick_deep
52.133 0.017 11 8 kick_tight
52.150 0.033 13 3 kick_deep
52.267 0.017 11 8 kick_tight
52.283 0.033 13 3 kick_deep
52.400 0.017 11 8 kick_tight
52.417 0.033 13 3 kick_deep
52.533 0.017 11 8 kick_tight
52.550 0.033 13 3 kick_deep
52.667 0.017 11 8 kick_tight
52.683 0.033 13 3 kick_deep
52.800 0.017 11 8 kick_tight
52.817 0.033 13 3 kick_deep
52.933 0.017 11 8 kick_tight
52.950 0.033 13 3 kick_deep
53.067 0.017 11 8 kick_tight
53.083 0.033 13 3 kick_deep
53.200 0.017 11 8 kick_tight
53.217 0.033 13 3 kick_deep
53.333 0.017 11 8 kick_tight
53.350 0.033 13 3 kick_deep
53.467 0.017 11 8 kick_tight
53.483 0.033 13 3 kick_deep
53.600 0.017 11 8 kick_tight
53.617 0.033 13 3 kick_deep
53.733 0.017 11 8 kick_tight
53.750 0.033 13 3 kick_deep
53.867 0.017 11 8 kick_tight
53.883 0.033 13 3 kick_deep
54.000 0.100 8 6 tom_high
54.100 0.033 13 1 kick_deep
54.133 0.100 8 6 tom_high
54.233 0.033 13 1 kick_deep
54.267 0.100 8 6 tom_high
54.367 0.050 13 1 kick_deep
54.533 0.017 11 8 kick_tight
54.550 0.033 13 3 kick_deep
54.667 0.017 11 8 kick_tight
54.683 0.033 13 3 kick_deep
54.800 0.017 11 8 kick_tight
54.817 0.033 13 3 kick_deep
54.933 0.017 11 8 kick_tight
54.950 0.033 13 3 kick_deep
55.067 0.017 11 8 kick_tight
55.083 0.033 13 3 kick_deep
55.200 0.100 8 6 tom_high
55.300 0.033 13 1 kick_deep
55.333 0.100 8 6 tom_high
55.433 0.050 13 1 kick_deep
55.600 0.017 11 8 kick_tight
55.617 0.033 13 3 kick_deep
55.733 0.017 11 8 kick_tight
55.750 0.033 13 3 kick_deep
55.867 0.017 11 8 kick_tight
55.883 0.033 13 3 kick_deep
56.000 0.017 11 8 kick_tight
56.017 0.033 13 3 kick_deep
56.133 0.017 11 8 kick_tight
56.150 0.033 13 3 kick_deep
56.267 0.017 11 8 kick_tight
56.283 0.033 13 3 kick_deep
56.400 0.017 11 8 kick_tight
56.417 0.033 13 3 kick_deep
56.533 0.017 11 8 kick_tight
56.550 0.033 13 3 kick_deep
56.667 0.017 11 8 kick_tight
56.683 0.033 13 3 kick_deep
56.800 0.017 11 8 kick_tight
56.817 0.033 13 3 kick_deep
56.933 0.017 11 8 kick_tight
56.950 0.033 13 3 kick_deep
57.067 0.017 11 8 kick_tight
57.083 0.033 13 3 kick_deep
57.200 0.017 11 8 kick_tight
57.217 0.033 13 3 kick_deep
57.333 0.017 11 8 kick_tight
57.350 0.033 13 3 kick_deep
57.467 0.017 11 8 kick_tight
57.483 0.033 13 3 kick_deep
57.600 0.017 11 8 kick_tight
57.617 0.033 13 3 kick_deep
57.733 0.017 11 8 kick_tight
57.750 0.033 13 3 kick_deep
57.867 0.017 11 8 kick_tight
57.883 0.033 13 3 kick_deep
58.000 0.017 11 8 kick_tight
58.017 0.033 13 3 kick_deep
58.133 0.017 11 8 kick_tight
58.150 0.033 13 3 kick_deep
58.267 0.100 8 6 tom_high
58.367 0.033 13 1 kick_deep
58.400 0.100 8 6 tom_high
58.500 0.033 13 1 kick_deep
58.533 0.100 8 6 tom_high
58.633 0.050 13 1 kick_deep
58.800 0.017 11 8 kick_tight
58.817 0.033 13 3 kick_deep
58.933 0.017 11 8 kick_tight
58.950 0.033 13 3 kick_deep
59.067 0.017 11 8 kick_tight
59.083 0.033 13 3 kick_deep
59.200 0.017 11 8 kick_tight
59.217 0.033 13 3 kick_deep
59.333 0.017 11 8 kick_tight
59.350 0.033 13 3 kick_deep
59.467 0.100 8 6 tom_high
59.567 0.033 13 1 kick_deep
59.600 0.100 8 6 tom_high
59.700 0.050 13 1 kick_deep
59.867 0.017 11 8 kick_tight
59.883 0.033 13 3 kick_deep
60.000 0.100 8 6 tom_high
60.100 0.050 13 1 kick_deep
60.267 0.017 11 8 kick_tight
60.283 0.033 13 3 kick_deep
60.400 0.017 11 8 kick_tight
60.417 0.033 13 3 kick_deep
60.533 0.100 8 6 tom_high
60.633 0.050 13 1 kick_deep
60.800 0.017 11 8 kick_tight
60.817 0.033 13 3 kick_deep
60.933 0.017 11 8 kick_tight
60.950 0.033 13 3 kick_deep
61.067 0.100 8 6 tom_high
61.167 0.050 13 1 kick_deep
61.467 0.100 8 6 tom_high
61.567 0.033 13 1 kick_deep
61.600 0.100 8 6 tom_high
61.700 0.033 13 1 kick_deep
61.733 0.100 8 6 tom_high
61.833 0.050 13 1 kick_deep
62.000 0.017 11 8 kick_tight
62.017 0.033 13 3 kick_deep
62.133 0.100 8 6 tom_high
62.233 0.050 13 1 kick_deep
62.400 0.017 11 8 kick_tight
62.417 0.033 13 3 kick_deep
62.533 0.017 11 8 kick_tight
62.550 0.033 13 3 kick_deep
62.667 0.100 8 6 tom_high
62.767 0.050 13 1 kick_deep
62.933 0.017 11 8 kick_tight
62.950 0.033 13 3 kick_deep
63.067 0.017 11 8 kick_tight
63.083 0.033 13 3 kick_deep
63.200 0.100 8 6 tom_high
63.300 0.050 13 1 kick_deep
63.600 0.100 8 6 tom_high
63.700 0.033 13 1 kick_deep
63.733 0.100 8 6 tom_high
63.833 0.033 13 1 kick_deep
63.867 0.100 8 6 tom_high
63.967 0.050 13 1 kick_deep
64.133 0.017 11 8 kick_tight
64.150 0.033 13 3 kick_deep
64.267 0.100 8 6 tom_high
64.367 0.050 13 1 kick_deep
64.533 0.017 11 8 kick_tight
64.550 0.033 13 3 kick_deep
64.667 0.017 11 8 kick_tight
64.683 0.033 13 3 kick_deep
64.800 0.017 11 8 kick_tight
64.817 0.033 13 3 kick_deep
64.933 0.017 11 8 kick_tight
64.950 0.033 13 3 kick_deep
65.067 0.017 11 8 kick_tight
65.083 0.033 13 3 kick_deep
65.200 0.017 11 8 kick_tight
65.217 0.033 13 3 kick_deep
65.333 0.017 11 8 kick_tight
65.350 0.033 13 3 kick_deep
65.467 0.017 11 8 kick_tight
65.483 0.033 13 3 kick_deep
65.600 0.017 11 8 kick_tight
65.617 0.033 13 3 kick_deep
65.733 0.017 11 8 kick_tight
65.750 0.033 13 3 kick_deep
65.867 0.100 8 6 tom_high
65.967 0.050 13 1 kick_deep
66.133 0.017 11 8 kick_tight
66.150 0.033 13 3 kick_deep
66.267 0.017 11 8 kick_tight
66.283 0.033 13 3 kick_deep
66.400 0.100 8 6 tom_high
66.500 0.050 13 1 kick_deep
66.667 0.017 11 8 kick_tight
66.683 0.033 13 3 kick_deep
66.800 0.017 11 8 kick_tight
66.817 0.033 13 3 kick_deep
66.933 0.017 11 8 kick_tight
66.950 0.033 13 3 kick_deep
67.067 0.017 11 8 kick_tight
67.083 0.033 13 3 kick_deep
67.200 0.017 11 8 kick_tight
67.217 0.033 13 3 kick_deep
67.333 0.017 11 8 kick_tight
67.350 0.033 13 3 kick_deep
67.467 0.017 11 8 kick_tight
67.483 0.033 13 3 kick_deep
67.600 0.017 11 8 kick_tight
67.617 0.033 13 3 kick_deep
67.733 0.017 11 8 kick_tight
67.750 0.033 13 3 kick_deep
67.867 0.100 8 6 tom_high
67.967 0.033 13 1 kick_deep
68.000 0.100 8 6 tom_high
68.100 0.033 13 1 kick_deep
68.133 0.100 8 6 tom_high
68.233 0.050 13 1 kick_deep
68.400 0.017 11 8 kick_tight
68.417 0.033 13 3 kick_deep
68.533 0.100 8 6 tom_high
68.633 0.050 13 1 kick_deep
68.800 0.017 11 8 kick_tight
68.817 0.033 13 3 kick_deep
68.933 0.017 11 8 kick_tight
68.950 0.033 13 3 kick_deep
69.067 0.017 11 8 kick_tight
69.083 0.033 13 3 kick_deep
69.200 0.017 11 8 kick_tight
69.217 0.033 13 3 kick_deep
69.333 0.017 11 8 kick_tight
69.350 0.033 13 3 kick_deep
69.467 0.017 11 8 kick_tight
69.483 0.033 13 3 kick_deep
69.600 0.017 11 8 kick_tight
69.617 0.033 13 3 kick_deep
69.733 0.017 11 8 kick_tight
69.750 0.033 13 3 kick_deep
69.867 0.017 11 8 kick_tight
69.883 0.033 13 3 kick_deep
70.000 0.017 11 8 kick_tight
70.017 0.033 13 3 kick_deep
70.133 0.100 8 6 tom_high
70.233 0.050 13 1 kick_deep
70.400 0.017 11 8 kick_tight
70.417 0.033 13 3 kick_deep
70.533 0.017 11 8 kick_tight
70.550 0.033 13 3 kick_deep
70.667 0.100 8 6 tom_high
70.767 0.050 13 1 kick_deep
70.933 0.017 11 8 kick_tight
70.950 0.033 13 3 kick_deep
71.067 0.017 11 8 kick_tight
71.083 0.033 13 3 kick_deep
71.200 0.017 11 8 kick_tight
71.217 0.033 13 3 kick_deep
71.333 0.017 11 8 kick_tight
71.350 0.033 13 3 kick_deep
71.467 0.017 11 8 kick_tight
71.483 0.033 13 3 kick_deep
71.600 0.017 11 8 kick_tight
71.617 0.033 13 3 kick_deep
71.733 0.017 11 8 kick_tight
71.750 0.033 13 3 kick_deep
71.867 0.017 11 8 kick_tight
71.883 0.033 13 3 kick_deep
72.000 0.017 11 8 kick_tight
72.017 0.033 13 3 kick_deep
72.133 0.100 8 6 tom_high
72.233 0.033 13 1 kick_deep
72.267 0.100 8 6 tom_high
72.367 0.033 13 1 kick_deep
72.400 0.100 8 6 tom_high
72.500 0.050 13 1 kick_deep
72.800 0.017 11 8 kick_tight
72.817 0.033 13 3 kick_deep
73.067 0.017 11 8 kick_tight
73.083 0.033 13 3 kick_deep
73.200 0.017 11 8 kick_tight
73.217 0.033 13 3 kick_deep
73.333 0.017 11 8 kick_tight
73.350 0.033 13 3 kick_deep
73.467 0.017 11 8 kick_tight
73.483 0.033 13 3 kick_deep
73.600 0.017 11 8 kick_tight
73.617 0.033 13 3 kick_deep
73.733 0.017 11 8 kick_tight
73.750 0.033 13 3 kick_deep
73.867 0.017 11 8 kick_tight
73.883 0.033 13 3 kick_deep
74.133 0.017 11 8 kick_tight
74.150 0.033 13 3 kick_deep
74.267 0.100 8 6 tom_high
74.367 0.033 13 1 kick_deep
74.400 0.100 8 6 tom_high
74.500 0.033 13 1 kick_deep
74.533 0.100 8 6 tom_high
74.633 0.050 13 1 kick_deep
74.933 0.017 11 8 kick_tight
74.950 0.033 13 3 kick_deep
75.200 0.017 11 8 kick_tight
75.217 0.033 13 3 kick_deep
75.333 0.017 11 8 kick_tight
75.350 0.033 13 3 kick_deep
76.000 0.017 11 8 kick_tight
76.017 0.033 13 3 kick_deep
76.267 0.017 11 8 kick_tight
76.283 0.033 13 3 kick_deep
76.800 0.017 11 8 kick_tight
76.817 0.033 13 3 kick_deep
77.067 0.017 11 8 kick_tight
77.083 0.033 13 3 kick_deep
77.333 0.017 11 8 kick_tight
77.350 0.033 13 3 kick_deep
77.467 0.017 11 8 kick_tight
77.483 0.033 13 3 kick_deep
77.600 0.017 11 8 kick_tight
77.617 0.033 13 3 kick_deep
77.733 0.017 11 8 kick_tight
77.750 0.033 13 3 kick_deep
77.867 0.017 11 8 kick_tight
77.883 0.033 13 3 kick_deep
78.000 0.017 11 8 kick_tight
78.017 0.033 13 3 kick_deep
78.133 0.017 11 8 kick_tight
78.150 0.033 13 3 kick_deep
78.400 0.017 11 8 kick_tight
78.417 0.033 13 3 kick_deep
78.533 0.100 8 6 tom_high
78.633 0.033 13 1 kick_deep
78.667 0.100 8 6 tom_high
78.767 0.033 13 1 kick_deep
78.800 0.100 8 6 tom_high
78.900 0.050 13 1 kick_deep
79.200 0.017 11 8 kick_tight
79.217 0.033 13 3 kick_deep
79.467 0.017 11 8 kick_tight
79.483 0.033 13 3 kick_deep
79.600 0.017 11 8 kick_tight
79.617 0.033 13 3 kick_deep
80.267 0.017 11 8 kick_tight
80.283 0.033 13 3 kick_deep
80.533 0.017 11 8 kick_tight
80.550 0.033 13 3 kick_deep
81.067 0.017 11 8 kick_tight
81.083 0.033 13 3 kick_deep
81.200 0.017 11 8 kick_tight
81.217 0.033 13 3 kick_deep
81.333 0.017 11 8 kick_tight
81.350 0.033 13 3 kick_deep
81.467 0.017 11 8 kick_tight
81.483 0.033 13 3 kick_deep
81.600 0.017 11 8 kick_tight
81.617 0.033 13 3 kick_deep
81.733 0.017 11 8 kick_tight
81.750 0.033 13 3 kick_deep
81.867 0.017 11 8 kick_tight
81.883 0.033 13 3 kick_deep
82.000 0.017 11 8 kick_tight
82.017 0.033 13 3 kick_deep
82.133 0.017 11 8 kick_tight
82.150 0.033 13 3 kick_deep
82.267 0.017 11 8 kick_tight
82.283 0.033 13 3 kick_deep
82.400 0.017 11 8 kick_tight
82.417 0.033 13 3 kick_deep
82.533 0.017 11 8 kick_tight
82.550 0.033 13 3 kick_deep
82.667 0.017 11 8 kick_tight
82.683 0.033 13 3 kick_deep
82.800 0.017 11 8 kick_tight
82.817 0.033 13 3 kick_deep
82.933 0.017 11 8 kick_tight
82.950 0.033 13 3 kick_deep
83.067 0.017 11 8 kick_tight
83.083 0.033 13 3 kick_deep
83.200 0.017 11 8 kick_tight
83.217 0.033 13 3 kick_deep
83.333 0.017 11 8 kick_tight
83.350 0.033 13 3 kick_deep
83.467 0.017 11 8 kick_tight
83.483 0.033 13 3 kick_deep
83.600 0.017 11 8 kick_tight
83.617 0.033 13 3 kick_deep
83.733 0.017 11 8 kick_tight
83.750 0.033 13 3 kick_deep
83.867 0.100 8 6 tom_high
83.967 0.033 13 1 kick_deep
84.000 0.100 8 6 tom_high
84.100 0.033 13 1 kick_deep
84.133 0.100 8 6 tom_high
84.233 0.050 13 1 kick_deep
84.400 0.017 11 8 kick_tight
84.417 0.033 13 3 kick_deep
84.533 0.017 11 8 kick_tight
84.550 0.033 13 3 kick_deep
84.667 0.017 11 8 kick_tight
84.683 0.033 13 3 kick_deep
84.800 0.017 11 8 kick_tight
84.817 0.033 13 3 kick_deep
84.933 0.017 11 8 kick_tight
84.950 0.033 13 3 kick_deep
85.067 0.100 8 6 tom_high
85.167 0.033 13 1 kick_deep
85.200 0.100 8 6 tom_high
85.300 0.050 13 1 kick_deep
85.467 0.017 11 8 kick_tight
85.483 0.033 13 3 kick_deep
85.600 0.017 11 8 kick_tight
85.617 0.033 13 3 kick_deep
85.733 0.017 11 8 kick_tight
85.750 0.033 13 3 kick_deep
85.867 0.017 11 8 kick_tight
85.883 0.033 13 3 kick_deep
86.000 0.017 11 8 kick_tight
86.017 0.033 13 3 kick_deep
86.133 0.017 11 8 kick_tight
86.150 0.033 13 3 kick_deep
86.267 0.017 11 8 kick_tight
86.283 0.033 13 3 kick_deep
86.400 0.017 11 8 kick_tight
86.417 0.033 13 3 kick_deep
86.533 0.017 11 8 kick_tight
86.550 0.033 13 3 kick_deep
86.667 0.017 11 8 kick_tight
86.683 0.033 13 3 kick_deep
86.800 0.017 11 8 kick_tight
86.817 0.033 13 3 kick_deep
86.933 0.017 11 8 kick_tight
86.950 0.033 13 3 kick_deep
87.067 0.017 11 8 kick_tight
87.083 0.033 13 3 kick_deep
87.200 0.017 11 8 kick_tight
87.217 0.033 13 3 kick_deep
87.333 0.017 11 8 kick_tight
87.350 0.033 13 3 kick_deep
87.467 0.017 11 8 kick_tight
87.483 0.033 13 3 kick_deep
87.600 0.017 11 8 kick_tight
87.617 0.033 13 3 kick_deep
87.733 0.017 11 8 kick_tight
87.750 0.033 13 3 kick_deep
87.867 0.017 11 8 kick_tight
87.883 0.033 13 3 kick_deep
88.000 0.017 11 8 kick_tight
88.017 0.033 13 3 kick_deep
88.133 0.100 8 6 tom_high
88.233 0.033 13 1 kick_deep
88.267 0.100 8 6 tom_high
88.367 0.033 13 1 kick_deep
88.400 0.100 8 6 tom_high
88.500 0.050 13 1 kick_deep
88.667 0.017 11 8 kick_tight
88.683 0.033 13 3 kick_deep
88.800 0.017 11 8 kick_tight
88.817 0.033 13 3 kick_deep
88.933 0.017 11 8 kick_tight
88.950 0.033 13 3 kick_deep
89.067 0.017 11 8 kick_tight
89.083 0.033 13 3 kick_deep
89.200 0.017 11 8 kick_tight
89.217 0.033 13 3 kick_deep
89.333 0.100 8 6 tom_high
89.433 0.033 13 1 kick_deep
89.467 0.100 8 6 tom_high
89.567 0.050 13 1 kick_deep
89.733 0.017 11 8 kick_tight
89.750 0.033 13 3 kick_deep
89.867 0.100 8 6 tom_high
89.967 0.050 13 1 kick_deep
90.133 0.017 11 8 kick_tight
90.150 0.033 13 3 kick_deep
90.267 0.017 11 8 kick_tight
90.283 0.033 13 3 kick_deep
90.400 0.100 8 6 tom_high
90.500 0.050 13 1 kick_deep
90.667 0.017 11 8 kick_tight
90.683 0.033 13 3 kick_deep
90.800 0.017 11 8 kick_tight
90.817 0.033 13 3 kick_deep
90.933 0.100 8 6 tom_high
91.033 0.050 13 1 kick_deep
91.333 0.100 8 6 tom_high
91.433 0.033 13 1 kick_deep
91.467 0.100 8 6 tom_high
91.567 0.033 13 1 kick_deep
91.600 0.100 8 6 tom_high
91.700 0.050 13 1 kick_deep
91.867 0.017 11 8 kick_tight
91.883 0.033 13 3 kick_deep
92.000 0.100 8 6 tom_high
92.100 0.050 13 1 kick_deep
92.267 0.017 11 8 kick_tight
92.283 0.033 13 3 kick_deep
92.400 0.017 11 8 kick_tight
92.417 0.033 13 3 kick_deep
92.533 0.100 8 6 tom_high
92.633 0.050 13 1 kick_deep
92.800 0.017 11 8 kick_tight
92.817 0.033 13 3 kick_deep
92.933 0.017 11 8 kick_tight
92.950 0.033 13 3 kick_deep
93.067 0.100 8 6 tom_high
93.167 0.050 13 1 kick_deep
93.467 0.100 8 6 tom_high
93.567 0.033 13 1 kick_deep
93.600 0.100 8 6 tom_high
93.700 0.033 13 1 kick_deep
93.733 0.100 8 6 tom_high
93.833 0.050 13 1 kick_deep
94.000 0.017 11 8 kick_tight
94.017 0.033 13 3 kick_deep
94.133 0.100 8 6 tom_high
94.233 0.050 13 1 kick_deep
94.400 0.017 11 8 kick_tight
94.417 0.033 13 3 kick_deep
94.533 0.017 11 8 kick_tight
94.550 0.033 13 3 kick_deep
94.667 0.017 11 8 kick_tight
94.683 0.033 13 3 kick_deep
94.800 0.017 11 8 kick_tight
94.817 0.033 13 3 kick_deep
94.933 0.017 11 8 kick_tight
94.950 0.033 13 3 kick_deep
95.067 0.017 11 8 kick_tight
95.083 0.033 13 3 kick_deep
95.200 0.017 11 8 kick_tight
95.217 0.033 13 3 kick_deep
95.333 0.017 11 8 kick_tight
95.350 0.033 13 3 kick_deep
95.467 0.017 11 8 kick_tight
95.483 0.033 13 3 kick_deep
95.600 0.017 11 8 kick_tight
95.617 0.033 13 3 kick_deep
95.733 0.100 8 6 tom_high
95.833 0.050 13 1 kick_deep
96.000 0.017 11 8 kick_tight
96.017 0.033 13 3 kick_deep
96.133 0.017 11 8 kick_tight
96.150 0.033 13 3 kick_deep
96.267 0.100 8 6 tom_high
96.367 0.050 13 1 kick_deep
96.533 0.017 11 8 kick_tight
96.550 0.033 13 3 kick_deep
96.667 0.017 11 8 kick_tight
96.683 0.033 13 3 kick_deep
96.800 0.017 11 8 kick_tight
96.817 0.033 13 3 kick_deep
96.933 0.017 11 8 kick_tight
96.950 0.033 13 3 kick_deep
97.067 0.017 11 8 kick_tight
97.083 0.033 13 3 kick_deep
97.200 0.017 11 8 kick_tight
97.217 0.033 13 3 kick_deep
97.333 0.017 11 8 kick_tight
97.350 0.033 13 3 kick_deep
97.467 0.017 11 8 kick_tight
97.483 0.033 13 3 kick_deep
97.600 0.017 11 8 kick_tight
97.617 0.033 13 3 kick_deep
97.733 0.100 8 6 tom_high
97.833 0.033 13 1 kick_deep
97.867 0.100 8 6 tom_high
97.967 0.033 13 1 kick_deep
98.000 0.100 8 6 tom_high
98.100 0.050 13 1 kick_deep
98.267 0.017 11 8 kick_tight
98.283 0.033 13 3 kick_deep
98.400 0.100 8 6 tom_high
98.500 0.050 13 1 kick_deep
98.667 0.017 11 8 kick_tight
98.683 0.033 13 3 kick_deep
98.800 0.017 11 8 kick_tight
98.817 0.033 13 3 kick_deep
98.933 0.017 11 8 kick_tight
98.950 0.033 13 3 kick_deep
99.067 0.017 11 8 kick_tight
99.083 0.033 13 3 kick_deep
99.200 0.017 11 8 kick_tight
99.217 0.033 13 3 kick_deep
99.333 0.017 11 8 kick_tight
99.350 0.033 13 3 kick_deep
99.467 0.017 11 8 kick_tight
99.483 0.033 13 3 kick_deep
99.600 0.017 11 8 kick_tight
99.617 0.033 13 3 kick_deep
99.733 0.017 11 8 kick_tight
99.750 0.033 13 3 kick_deep
99.867 0.017 11 8 kick_tight
99.883 0.033 13 3 kick_deep
100.000 0.100 8 6 tom_high
100.100 0.050 13 1 kick_deep
100.267 0.017 11 8 kick_tight
100.283 0.033 13 3 kick_deep
100.400 0.017 11 8 kick_tight
100.417 0.033 13 3 kick_deep
100.533 0.100 8 6 tom_high
100.633 0.050 13 1 kick_deep
100.800 0.017 11 8 kick_tight
100.817 0.033 13 3 kick_deep
100.933 0.017 11 8 kick_tight
100.950 0.033 13 3 kick_deep
101.067 0.017 11 8 kick_tight
101.083 0.033 13 3 kick_deep
101.200 0.017 11 8 kick_tight
101.217 0.033 13 3 kick_deep
101.333 0.017 11 8 kick_tight
101.350 0.033 13 3 kick_deep
101.467 0.017 11 8 kick_tight
101.483 0.033 13 3 kick_deep
101.600 0.017 11 8 kick_tight
101.617 0.033 13 3 kick_deep
101.733 0.017 11 8 kick_tight
101.750 0.033 13 3 kick_deep
101.867 0.017 11 8 kick_tight
101.883 0.033 13 3 kick_deep
102.000 0.100 8 6 tom_high
102.100 0.033 13 1 kick_deep
102.133 0.100 8 6 tom_high
102.233 0.033 13 1 kick_deep
102.267 0.100 8 6 tom_high
102.367 0.050 13 1 kick_deep
102.667 0.017 11 8 kick_tight
102.683 0.033 13 3 kick_deep
102.933 0.017 11 8 kick_tight
102.950 0.033 13 3 kick_deep
103.067 0.017 11 8 kick_tight
103.083 0.033 13 3 kick_deep
103.200 0.017 11 8 kick_tight
103.217 0.033 13 3 kick_deep
103.333 0.017 11 8 kick_tight
103.350 0.033 13 3 kick_deep
103.467 0.017 11 8 kick_tight
103.483 0.033 13 3 kick_deep
103.600 0.017 11 8 kick_tight
103.617 0.033 13 3 kick_deep
103.733 0.017 11 8 kick_tight
103.750 0.033 13 3 kick_deep
104.000 0.017 11 8 kick_tight
104.017 0.033 13 3 kick_deep
104.133 0.100 8 6 tom_high
104.233 0.033 13 1 kick_deep
104.267 0.100 8 6 tom_high
104.367 0.033 13 1 kick_deep
104.400 0.100 8 6 tom_high
104.500 0.050 13 1 kick_deep
104.800 0.017 11 8 kick_tight
104.817 0.033 13 3 kick_deep
105.067 0.017 11 8 kick_tight
105.083 0.033 13 3 kick_deep
105.200 0.017 11 8 kick_tight
105.217 0.033 13 3 kick_deep
105.867 0.017 11 8 kick_tight
105.883 0.033 13 3 kick_deep
106.133 0.017 11 8 kick_tight
106.150 0.033 13 3 kick_deep
106.667 0.017 11 8 kick_tight
106.683 0.033 13 3 kick_deep
106.933 0.017 11 8 kick_tight
106.950 0.033 13 3 kick_deep
107.200 0.017 11 8 kick_tight
107.217 0.033 13 3 kick_deep
107.333 0.017 11 8 kick_tight
107.350 0.033 13 3 kick_deep
107.467 0.017 11 8 kick_tight
107.483 0.033 13 3 kick_deep
107.600 0.017 11 8 kick_tight
107.617 0.033 13 3 kick_deep
107.733 0.017 11 8 kick_tight
107.750 0.033 13 3 kick_deep
107.867 0.017 11 8 kick_tight
107.883 0.033 13 3 kick_deep
108.000 0.017 11 8 kick_tight
108.017 0.033 13 3 kick_deep
108.267 0.017 11 8 kick_tight
108.283 0.033 13 3 kick_deep
108.400 0.100 8 6 tom_high
108.500 0.033 13 1 kick_deep
108.533 0.100 8 6 tom_high
108.633 0.033 13 1 kick_deep
108.667 0.100 8 6 tom_high
108.767 0.050 13 1 kick_deep
109.067 0.017 11 8 kick_tight
109.083 0.033 13 3 kick_deep
109.333 0.017 11 8 kick_tight
109.350 0.033 13 3 kick_deep
109.467 0.017 11 8 kick_tight
109.483 0.033 13 3 kick_deep
110.133 0.017 11 8 kick_tight
110.150 0.033 13 3 kick_deep
110.400 0.017 11 8 kick_tight
110.417 0.033 13 3 kick_deep
110.933 0.017 11 8 kick_tight
110.950 0.033 13 3 kick_deep
111.067 0.017 11 8 kick_tight
111.083 0.033 13 3 kick_deep
111.200 0.017 11 8 kick_tight
111.217 0.033 13 3 kick_deep
111.333 0.017 11 8 kick_tight
111.350 0.033 13 3 kick_deep
111.467 0.017 11 8 kick_tight
111.483 0.033 13 3 kick_deep
111.600 0.017 11 8 kick_tight
111.617 0.033 13 3 kick_deep
111.733 0.017 11 8 kick_tight
111.750 0.033 13 3 kick_deep
111.867 0.017 11 8 kick_tight
111.883 0.033 13 3 kick_deep
112.000 0.017 11 8 kick_tight
112.017 0.033 13 3 kick_deep
112.133 0.017 11 8 kick_tight
112.150 0.033 13 3 kick_deep
112.267 0.017 11 8 kick_tight
112.283 0.033 13 3 kick_deep
112.400 0.017 11 8 kick_tight
112.417 0.033 13 3 kick_deep
112.533 0.017 11 8 kick_tight
112.550 0.033 13 3 kick_deep
112.667 0.017 11 8 kick_tight
112.683 0.033 13 3 kick_deep
112.800 0.017 11 8 kick_tight
112.817 0.033 13 3 kick_deep
112.933 0.017 11 8 kick_tight
112.950 0.033 13 3 kick_deep
113.067 0.017 11 8 kick_tight
113.083 0.033 13 3 kick_deep
113.200 0.017 11 8 kick_tight
113.217 0.033 13 3 kick_deep
113.333 0.017 11 8 kick_tight
113.350 0.033 13 3 kick_deep
113.467 0.017 11 8 kick_tight
113.483 0.033 13 3 kick_deep
113.600 0.017 11 8 kick_tight
113.617 0.033 13 3 kick_deep
113.733 0.100 8 6 tom_high
113.833 0.033 13 1 kick_deep
113.867 0.100 8 6 tom_high
113.967 0.033 13 1 kick_deep
114.000 0.100 8 6 tom_high
114.100 0.050 13 1 kick_deep
114.267 0.017 11 8 kick_tight
114.283 0.033 13 3 kick_deep
114.400 0.017 11 8 kick_tight
114.417 0.033 13 3 kick_deep
114.533 0.017 11 8 kick_tight
114.550 0.033 13 3 kick_deep
114.667 0.017 11 8 kick_tight
114.683 0.033 13 3 kick_deep
114.800 0.017 11 8 kick_tight
114.817 0.033 13 3 kick_deep
114.933 0.100 8 6 tom_high
115.033 0.033 13 1 kick_deep
115.067 0.100 8 6 tom_high
115.167 0.050 13 1 kick_deep
115.333 0.017 11 8 kick_tight
115.350 0.033 13 3 kick_deep
115.467 0.017 11 8 kick_tight
115.483 0.033 13 3 kick_deep
115.600 0.017 11 8 kick_tight
115.617 0.033 13 3 kick_deep
115.733 0.017 11 8 kick_tight
115.750 0.033 13 3 kick_deep
115.867 0.017 11 8 kick_tight
115.883 0.033 13 3 kick_deep
116.000 0.017 11 8 kick_tight
116.017 0.033 13 3 kick_deep
116.133 0.017 11 8 kick_tight
116.150 0.033 13 3 kick_deep
116.267 0.017 11 8 kick_tight
116.283 0.033 13 3 kick_deep
116.400 0.017 11 8 kick_tight
116.417 0.033 13 3 kick_deep
116.533 0.017 11 8 kick_tight
116.550 0.033 13 3 kick_deep
116.667 0.017 11 8 kick_tight
116.683 0.033 13 3 kick_deep
116.800 0.017 11 8 kick_tight
116.817 0.033 13 3 kick_deep
116.933 0.017 11 8 kick_tight
116.950 0.033 13 3 kick_deep
117.067 0.017 11 8 kick_tight
117.083 0.033 13 3 kick_deep
117.200 0.017 11 8 kick_tight
117.217 0.033 13 3 kick_deep
117.333 0.017 11 8 kick_tight
117.350 0.033 13 3 kick_deep
117.467 0.017 11 8 kick_tight
117.483 0.033 13 3 kick_deep
117.600 0.017 11 8 kick_tight
117.617 0.033 13 3 kick_deep
117.733 0.017 11 8 kick_tight
117.750 0.033 13 3 kick_deep
117.867 0.017 11 8 kick_tight
117.883 0.033 13 3 kick_deep
118.000 0.100 8 6 tom_high
118.100 0.033 13 1 kick_deep
118.133 0.100 8 6 tom_high
118.233 0.033 13 1 kick_deep
118.267 0.100 8 6 tom_high
118.367 0.050 13 1 kick_deep
118.533 0.017 11 8 kick_tight
118.550 0.033 13 3 kick_deep
118.667 0.017 11 8 kick_tight
118.683 0.033 13 3 kick_deep
118.800 0.017 11 8 kick_tight
118.817 0.033 13 3 kick_deep
118.933 0.017 11 8 kick_tight
118.950 0.033 13 3 kick_deep
119.067 0.017 11 8 kick_tight
119.083 0.033 13 3 kick_deep
119.200 0.100 8 6 tom_high
119.300 0.033 13 1 kick_deep
119.333 0.100 8 6 tom_high
119.433 0.050 13 1 kick_deep
119.600 0.017 11 8 kick_tight
119.617 0.033 13 3 kick_deep
119.733 0.100 8 6 tom_high
119.833 0.050 13 1 kick_deep
120.000 0.017 11 8 kick_tight
120.017 0.033 13 3 kick_deep
120.133 0.017 11 8 kick_tight
120.150 0.033 13 3 kick_deep
DPCM(0)
time dur note vol