Castlevania.nsf track=3 framerate=60
Square1(219)
time dur note vol
0.833 0.167 A3 9
1.000 0.167 C4 9
1.167 0.333 D4 4
1.500 0.133 A3 8
1.667 0.133 A3 8
1.833 0.133 A3 8
2.000 0.133 A3 8
2.167 0.267 A3 8
2.500 0.267 A3 8
2.833 0.133 A3 8
3.000 0.133 A3 8
3.167 0.133 A3 8
3.333 0.133 A3 8
3.500 0.167 D4 9
3.667 0.167 C4 9
3.833 0.467 A#3 4
4.333 0.133 A#3 8
4.500 0.133 A#3 8
4.667 0.133 A#3 8
4.833 0.267 A#3 8
5.167 0.267 A#3 8
5.500 0.133 A#3 8
5.667 0.133 A#3 8
5.833 0.133 A#3 8
6.000 0.133 A#3 8
6.167 0.167 A3 9
6.333 0.167 C4 9
6.500 0.333 D4 4
6.833 0.133 A3 8
7.000 0.133 A3 8
7.167 0.133 A3 8
7.333 0.133 A3 8
7.500 0.267 A3 8
7.833 0.267 A3 8
8.167 0.133 A3 8
8.333 0.133 A3 8
8.500 0.133 A3 8
8.667 0.133 A3 8
8.833 0.167 D4 9
9.000 0.167 C4 9
9.167 0.467 A#3 4
9.667 0.133 A#3 8
9.833 0.133 A#3 8
10.000 0.133 A#3 8
10.167 0.267 A#3 8
10.500 0.267 A#3 8
10.833 0.133 A#3 8
11.000 0.133 A#3 8
11.167 0.133 A#3 8
11.333 0.133 A#3 8
11.500 0.267 A#3 8
11.833 0.133 A#3 8
12.333 0.283 C5 5
12.833 0.450 B4 5
13.333 0.283 A#4 5
13.833 0.283 A4 5
14.167 0.133 A3 8
14.333 0.133 C4 8
14.500 0.450 D4 8
15.000 0.283 C5 5
15.500 0.450 B4 5
16.000 0.283 A#4 5
16.500 0.283 A4 5
16.833 0.133 A3 8
17.000 0.133 C4 8
17.167 0.450 G3 8
17.667 0.283 C5 5
18.167 0.450 B4 5
18.667 0.283 A#4 5
19.167 0.283 A4 5
19.500 0.133 A3 8
19.667 0.133 C4 8
19.833 0.450 D4 8
20.333 0.283 C5 5
20.833 0.450 B4 5
21.333 0.283 A#4 5
21.833 0.283 A4 5
22.167 0.133 A3 8
22.333 0.133 C4 8
22.500 0.133 G3 8
22.667 0.117 D4 5
22.833 BEGIN_CYCLE
22.833 0.117 D4 5
23.000 0.117 D4 5
23.167 0.117 D4 5
23.333 0.117 D4 5
23.500 0.117 A3 5
23.667 0.117 D4 5
23.833 0.117 F4 5
24.167 0.117 D4 5
24.333 0.117 D4 5
24.500 0.117 D4 5
24.667 0.117 A3 5
24.833 0.117 D4 5
25.167 0.117 F4 5
25.333 0.117 A#3 5
25.500 0.117 D4 5
25.667 0.283 F4 5
26.167 0.117 A#3 5
26.333 0.117 D4 5
26.500 0.500 F4 3
27.000 0.333 A#3 11
27.333 0.333 C4 11
27.667 0.333 C#4 11
28.000 0.117 D4 5
28.167 0.117 D4 5
28.333 0.117 D4 5
28.500 0.117 D4 5
28.667 0.117 D4 5
28.833 0.117 A3 5
29.000 0.117 D4 5
29.167 0.117 F4 5
29.500 0.117 D4 5
29.667 0.117 D4 5
29.833 0.117 D4 5
30.000 0.117 A3 5
30.167 0.117 D4 5
30.500 0.117 F4 5
30.667 0.117 A#3 5
30.833 0.117 D4 5
31.000 0.283 F4 5
31.500 0.117 A#3 5
31.667 0.117 D4 5
31.833 0.833 F4 3
32.667 0.283 D5 15
33.000 0.283 C5 5
33.333 0.167 E5 5
33.500 0.167 C5 5
33.667 0.167 G4 5
33.833 0.167 C5 5
34.000 0.167 G4 5
34.167 0.333 E4 5
34.500 0.250 E5 5
34.833 0.167 C5 5
35.000 0.167 G4 5
35.167 0.167 C5 5
35.333 0.167 G4 5
35.500 0.500 E4 5
36.000 0.167 D4 5
36.167 0.167 F4 5
36.333 0.167 A4 5
36.500 0.167 F4 5
36.667 0.167 A4 5
36.833 0.333 D5 5
37.167 0.250 D4 5
37.500 0.167 F4 5
37.667 0.167 A4 5
37.833 0.167 F4 5
38.000 0.167 A4 5
38.167 0.500 D5 5
38.667 0.167 E5 5
38.833 0.167 C5 5
39.000 0.167 G4 5
39.167 0.167 C5 5
39.333 0.167 G4 5
39.500 0.333 E4 5
39.833 0.250 E5 5
40.167 0.167 C5 5
40.333 0.167 G4 5
40.500 0.167 C5 5
40.667 0.167 G4 5
40.833 0.500 E4 5
41.333 0.167 D4 5
41.500 0.167 F4 5
41.667 0.167 A4 5
41.833 0.167 F4 5
42.000 0.167 A4 5
42.167 0.333 D5 5
42.500 0.250 D4 5
42.833 0.167 F4 5
43.000 0.167 A4 5
43.167 0.167 F4 5
43.333 0.167 A4 5
43.500 0.500 D5 5
44.000 0.450 D4 5
44.500 0.450 E4 5
45.000 0.617 F4 5
45.667 0.333 F5 4
46.000 0.333 G5 4
46.333 0.333 A5 3
46.667 0.450 C4 5
47.167 0.450 D4 5
47.667 0.617 E4 5
48.333 0.333 E5 4
48.667 0.333 F5 4
49.000 0.333 G5 3
49.333 0.450 A#3 5
49.833 0.450 C4 5
50.333 0.617 D4 5
51.000 0.333 D5 4
51.333 0.333 E5 4
51.667 0.333 F5 3
52.000 0.450 A3 15
52.500 0.450 B3 4
53.000 1.667 C#4 2
54.667 0.450 D4 15
55.167 0.450 E4 5
55.667 0.617 F4 5
56.333 0.333 F5 4
56.667 0.333 G5 4
57.000 0.333 A5 3
57.333 0.450 C4 5
57.833 0.450 D4 5
58.333 0.617 E4 5
59.000 0.333 E5 4
59.333 0.333 F5 4
59.667 0.333 G5 3
60.000 0.450 A#3 5
60.500 0.450 C4 5
61.000 0.617 D4 5
61.667 0.333 D5 4
62.000 0.333 E5 4
62.333 0.333 F5 3
62.667 0.450 A3 15
63.167 0.450 B3 4
63.667 1.500 C#4 2
65.333 0.450 C#4 15
65.833 0.450 D4 5
66.333 1.500 E4 2
68.000 0.117 D4 15
68.167 END_CYCLE
Square2(197)
time dur note vol
1.500 0.133 F4 8
1.667 0.133 F4 8
1.833 0.133 F4 8
2.000 0.133 E4 8
2.167 0.267 F4 8
2.500 0.267 G4 8
2.833 0.133 F4 8
3.000 0.133 F4 8
3.167 0.133 F4 8
3.333 0.133 E4 8
3.500 0.500 F4 4
4.167 0.133 F4 8
4.333 0.133 F4 8
4.500 0.133 F4 8
4.667 0.133 E4 8
4.833 0.267 F4 8
5.167 0.267 G4 8
5.500 0.133 F4 8
5.667 0.133 F4 8
5.833 0.133 F4 8
6.000 0.133 E4 8
6.167 0.500 F4 4
6.833 0.133 F4 8
7.000 0.133 F4 8
7.167 0.133 F4 8
7.333 0.133 E4 8
7.500 0.267 F4 8
7.833 0.267 G4 8
8.167 0.133 F4 8
8.333 0.133 F4 8
8.500 0.133 F4 8
8.667 0.133 E4 8
8.833 0.500 F4 4
9.500 0.133 F4 8
9.667 0.133 F4 8
9.833 0.133 F4 8
10.000 0.133 E4 8
10.167 0.267 F4 8
10.500 0.267 G4 8
10.833 0.133 F4 8
11.000 0.133 F4 8
11.167 0.133 F4 8
11.333 0.133 E4 8
11.500 0.267 F4 8
11.833 0.133 F4 8
12.333 0.283 E5 5
12.833 0.450 D#5 5
13.333 0.283 D5 5
13.833 0.617 C#5 5
15.000 0.283 E5 5
15.500 0.450 D#5 5
16.000 0.283 D5 5
16.500 0.617 C#5 5
17.667 0.283 E5 5
18.167 0.450 D#5 5
18.667 0.283 D5 5
19.167 0.617 C#5 5
20.333 0.283 E5 5
20.833 0.450 D#5 5
21.333 0.283 D5 5
21.833 0.617 C#5 5
22.667 0.133 A4 6
22.833 BEGIN_CYCLE
22.833 0.133 G#4 6
23.000 0.133 A4 6
23.167 0.133 G#4 6
23.333 0.133 A4 6
23.500 0.133 D4 6
23.667 0.133 F4 6
23.833 0.133 A4 6
24.167 0.133 A4 6
24.333 0.133 G#4 6
24.500 0.133 A4 6
24.667 0.133 D4 6
24.833 0.133 F4 6
25.167 0.133 A4 6
25.333 0.133 D4 6
25.500 0.133 F4 6
25.667 0.300 C5 6
26.167 0.133 D4 6
26.333 0.133 F4 6
26.500 1.500 C5 3
28.000 0.133 A4 15
28.167 0.133 G#4 6
28.333 0.133 A4 6
28.500 0.133 G#4 6
28.667 0.133 A4 6
28.833 0.133 D4 6
29.000 0.133 F4 6
29.167 0.133 A4 6
29.500 0.133 A4 6
29.667 0.133 G#4 6
29.833 0.133 A4 6
30.000 0.133 D4 6
30.167 0.133 F4 6
30.500 0.133 A4 6
30.667 0.133 D4 6
30.833 0.133 F4 6
31.000 0.300 C5 6
31.500 0.133 D4 6
31.667 0.133 F4 6
31.833 0.833 C5 3
32.667 0.283 F5 15
33.000 0.283 E5 5
33.333 0.117 E5 5
33.500 0.117 C5 5
33.667 0.117 G4 5
33.833 0.117 C5 5
34.000 0.117 G4 5
34.167 0.283 E4 5
34.500 0.200 E5 5
34.833 0.117 C5 5
35.000 0.117 G4 5
35.167 0.117 C5 5
35.333 0.117 G4 5
35.500 0.450 E4 5
36.000 0.117 D4 5
36.167 0.117 F4 5
36.333 0.117 A4 5
36.500 0.117 F4 5
36.667 0.117 A4 5
36.833 0.283 D5 5
37.167 0.200 D4 5
37.500 0.117 F4 5
37.667 0.117 A4 5
37.833 0.117 F4 5
38.000 0.117 A4 5
38.167 0.450 D5 5
38.667 0.117 E5 5
38.833 0.117 C5 5
39.000 0.117 G4 5
39.167 0.117 C5 5
39.333 0.117 G4 5
39.500 0.283 E4 5
39.833 0.200 E5 5
40.167 0.117 C5 5
40.333 0.117 G4 5
40.500 0.117 C5 5
40.667 0.117 G4 5
40.833 0.450 E4 5
41.333 0.117 D4 5
41.500 0.117 F4 5
41.667 0.117 A4 5
41.833 0.117 F4 5
42.000 0.117 A4 5
42.167 0.283 D5 5
42.500 0.200 D4 5
42.833 0.117 F4 5
43.000 0.117 A4 5
43.167 0.117 F4 5
43.333 0.117 A4 5
43.500 0.450 D5 5
44.000 0.450 F4 5
44.500 0.450 G4 5
45.000 0.667 A4 3
45.667 0.300 F5 15
46.000 0.300 G5 5
46.333 0.333 A5 3
46.667 0.450 E4 5
47.167 0.450 F4 5
47.667 0.667 G4 3
48.333 0.300 E5 15
48.667 0.300 F5 5
49.000 0.333 G5 4
49.333 0.450 D4 15
49.833 0.450 E4 5
50.333 0.667 F4 3
51.000 0.300 D5 15
51.333 0.300 E5 5
51.667 0.333 F5 4
52.000 0.467 C#5 15
52.500 0.467 D5 5
53.000 1.667 E5 3
54.667 0.450 F4 5
55.167 0.450 G4 5
55.667 0.667 A4 3
56.333 0.300 F5 15
56.667 0.300 G5 5
57.000 0.333 A5 3
57.333 0.450 E4 5
57.833 0.450 F4 5
58.333 0.667 G4 3
59.000 0.300 E5 15
59.333 0.300 F5 5
59.667 0.333 G5 4
60.000 0.450 D4 15
60.500 0.450 E4 5
61.000 0.667 F4 3
61.667 0.300 D5 15
62.000 0.300 E5 5
62.333 0.333 F5 4
62.667 0.467 C#5 15
63.167 0.467 D5 5
63.667 1.500 E5 3
65.333 0.450 E5 5
65.833 0.450 F5 5
66.333 1.500 G5 3
68.000 0.133 A4 15
68.167 END_CYCLE
Triangle(327)
time dur note vol
0.833 0.100 A3 15
1.000 0.100 C4 15
1.167 1.917 D4 15
3.500 0.100 D4 15
3.667 0.100 C4 15
3.833 1.917 A#3 15
6.167 0.167 A3 15
6.333 0.167 C4 15
6.500 1.917 D4 15
8.833 0.100 D4 15
9.000 0.100 C4 15
9.167 1.917 A#3 15
11.500 0.100 A#3 15
11.833 0.100 A#3 15
12.000 0.183 A3 15
12.500 0.100 A3 15
12.667 0.100 A3 15
13.333 0.100 A3 15
13.833 0.100 A3 15
14.000 0.100 A3 15
14.167 0.100 A3 15
14.333 0.100 C4 15
14.500 0.100 D4 15
14.667 0.183 A3 15
15.167 0.117 A3 15
15.333 0.117 A3 15
16.000 0.100 A3 15
16.500 0.100 A3 15
16.667 0.100 A3 15
16.833 0.100 A3 15
17.000 0.100 C4 15
17.167 0.100 G3 15
17.333 0.067 A3 15
17.417 0.067 A3 15
17.500 0.067 A3 15
17.667 0.067 A3 15
17.833 0.067 A3 15
18.000 0.067 A3 15
18.083 0.067 A3 15
18.167 0.067 A3 15
18.333 0.067 A3 15
18.500 0.067 A3 15
18.667 0.067 A3 15
18.750 0.067 A3 15
18.833 0.067 A3 15
19.000 0.067 A3 15
19.167 0.067 A3 15
19.333 0.067 A3 15
19.417 0.067 A3 15
19.500 0.067 A3 15
19.667 0.067 C4 15
19.833 0.067 D4 15
20.000 0.067 A3 15
20.083 0.067 A3 15
20.167 0.067 A3 15
20.333 0.067 A3 15
20.500 0.067 A3 15
20.667 0.067 A3 15
20.750 0.067 A3 15
20.833 0.067 A3 15
21.000 0.067 A3 15
21.167 0.067 A3 15
21.333 0.067 A3 15
21.417 0.067 A3 15
21.500 0.067 A3 15
21.667 0.067 A3 15
21.833 0.067 A3 15
22.000 0.067 A3 15
22.083 0.067 A3 15
22.167 0.067 A3 15
22.333 0.067 C4 15
22.500 0.067 G3 15
22.667 0.100 D4 15
22.833 BEGIN_CYCLE
22.833 0.100 D5 15
23.000 0.100 D4 15
23.167 0.100 D5 15
23.333 0.083 D4 15
23.500 0.083 D5 15
23.667 0.083 D4 15
23.833 0.083 D5 15
24.000 0.083 D4 15
24.167 0.083 D5 15
24.333 0.083 D4 15
24.500 0.083 D5 15
24.667 0.083 D4 15
24.833 0.083 D5 15
25.000 0.100 D4 15
25.167 0.100 D5 15
25.333 0.100 A#3 15
25.500 0.100 A#4 15
25.667 0.100 A#3 15
25.833 0.100 A#4 15
26.000 0.100 A#3 15
26.167 0.100 A#4 15
26.333 0.100 A#3 15
26.500 0.100 A#4 15
26.667 0.100 A#3 15
26.833 0.100 A#4 15
27.000 0.100 A#3 15
27.167 0.100 A#4 15
27.333 0.100 A#3 15
27.500 0.100 A#4 15
27.667 0.100 C4 15
27.833 0.100 C#4 15
28.000 0.100 D4 15
28.167 0.100 D5 15
28.333 0.100 D4 15
28.500 0.100 D5 15
28.667 0.100 D4 15
28.833 0.100 D5 15
29.000 0.100 D4 15
29.167 0.100 D5 15
29.333 0.100 D4 15
29.500 0.100 D5 15
29.667 0.100 D4 15
29.833 0.100 D5 15
30.000 0.100 D4 15
30.167 0.100 D5 15
30.333 0.100 D4 15
30.500 0.100 D5 15
30.667 0.100 A#3 15
30.833 0.100 A#4 15
31.000 0.100 A#3 15
31.167 0.100 A#4 15
31.333 0.100 A#3 15
31.500 0.100 A#4 15
31.667 0.100 A#3 15
31.833 0.100 A#4 15
32.000 0.100 A#3 15
32.167 0.100 A#4 15
32.333 0.100 A#3 15
32.500 0.100 A#4 15
32.667 0.100 A#3 15
33.000 0.100 A#3 15
33.333 0.117 C4 15
33.833 0.117 C4 15
34.000 0.117 C4 15
34.167 0.117 C4 15
34.333 0.117 D4 15
34.500 0.117 E4 15
34.667 0.117 C4 15
35.167 0.117 C4 15
35.333 0.117 C4 15
35.500 0.117 C4 15
35.667 0.117 D4 15
35.833 0.117 E4 15
36.000 0.117 D4 15
36.500 0.117 D4 15
36.667 0.117 D4 15
36.833 0.117 D4 15
37.000 0.117 E4 15
37.167 0.117 F4 15
37.333 0.117 D4 15
37.833 0.117 D4 15
38.000 0.117 D4 15
38.167 0.117 D4 15
38.333 0.117 E4 15
38.500 0.117 F4 15
38.667 0.117 C4 15
39.167 0.117 C4 15
39.333 0.117 C4 15
39.500 0.117 C4 15
39.667 0.117 D4 15
39.833 0.117 E4 15
40.000 0.117 C4 15
40.500 0.117 C4 15
40.667 0.117 C4 15
40.833 0.117 C4 15
41.000 0.117 D4 15
41.167 0.117 E4 15
41.333 0.117 D4 15
41.833 0.117 D4 15
42.000 0.117 D4 15
42.167 0.117 D4 15
42.333 0.117 E4 15
42.500 0.117 F4 15
42.667 0.117 D4 15
43.167 0.117 D4 15
43.333 0.117 D4 15
43.500 0.117 D4 15
43.667 0.117 E4 15
43.833 0.117 F4 15
44.000 0.100 D4 15
44.167 0.100 D4 15
44.333 0.100 D4 15
44.500 0.100 D4 15
44.667 0.100 D4 15
44.833 0.100 D4 15
45.000 0.100 D4 15
45.167 0.100 D4 15
45.333 0.100 D4 15
45.500 0.100 D4 15
45.667 0.100 D4 15
45.833 0.100 D4 15
46.000 0.100 D4 15
46.167 0.100 D4 15
46.333 0.100 D4 15
46.500 0.100 D4 15
46.667 0.100 C4 15
46.833 0.100 C4 15
47.000 0.100 C4 15
47.167 0.100 C4 15
47.333 0.100 C4 15
47.500 0.100 C4 15
47.667 0.100 C4 15
47.833 0.100 C4 15
48.000 0.100 C4 15
48.167 0.083 C4 15
48.333 0.100 C4 15
48.500 0.083 C4 15
48.667 0.083 C4 15
48.833 0.083 C4 15
49.000 0.083 C4 15
49.167 0.083 C4 15
49.333 0.083 A#3 15
49.500 0.083 A#3 15
49.667 0.083 A#3 15
49.833 0.083 A#3 15
50.000 0.083 A#3 15
50.167 0.100 A#3 15
50.333 0.100 A#3 15
50.500 0.100 A#3 15
50.667 0.100 A#3 15
50.833 0.100 A#3 15
51.000 0.100 A#3 15
51.167 0.100 A#3 15
51.333 0.100 A#3 15
51.500 0.100 A#3 15
51.667 0.100 A#3 15
51.833 0.100 A#3 15
52.000 0.100 A3 15
52.167 0.100 A3 15
52.333 0.100 A3 15
52.500 0.100 A3 15
52.667 0.100 A3 15
52.833 0.100 A3 15
53.000 0.100 A3 15
53.167 0.100 A3 15
53.333 0.100 A3 15
53.500 0.100 A3 15
53.667 0.100 A3 15
53.833 0.100 A3 15
54.000 0.100 A3 15
54.167 0.100 A3 15
54.333 0.100 B3 15
54.500 0.100 C#4 15
54.667 0.100 D4 15
54.833 0.100 D4 15
55.000 0.100 D4 15
55.167 0.100 D4 15
55.333 0.100 D4 15
55.500 0.100 D4 15
55.667 0.100 D4 15
55.833 0.100 D4 15
56.000 0.100 D4 15
56.167 0.100 D4 15
56.333 0.100 D4 15
56.500 0.100 D4 15
56.667 0.100 D4 15
56.833 0.100 D4 15
57.000 0.100 D4 15
57.167 0.100 D4 15
57.333 0.100 C4 15
57.500 0.100 C4 15
57.667 0.100 C4 15
57.833 0.100 C4 15
58.000 0.100 C4 15
58.167 0.100 C4 15
58.333 0.100 C4 15
58.500 0.100 C4 15
58.667 0.100 C4 15
58.833 0.100 C4 15
59.000 0.100 C4 15
59.167 0.100 C4 15
59.333 0.100 C4 15
59.500 0.100 C4 15
59.667 0.100 C4 15
59.833 0.100 C4 15
60.000 0.100 A#3 15
60.167 0.100 A#3 15
60.333 0.100 A#3 15
60.500 0.100 A#3 15
60.667 0.100 A#3 15
60.833 0.083 A#3 15
61.000 0.083 A#3 15
61.167 0.083 A#3 15
61.333 0.083 A#3 15
61.500 0.083 A#3 15
61.667 0.083 A#3 15
61.833 0.083 A#3 15
62.000 0.083 A#3 15
62.167 0.083 A#3 15
62.333 0.083 A#3 15
62.500 0.083 A#3 15
62.667 0.100 A3 15
62.833 0.100 A3 15
63.000 0.100 A3 15
63.167 0.100 A3 15
63.333 0.100 A3 15
63.500 0.100 A3 15
63.667 0.100 A3 15
63.833 0.100 A3 15
64.000 0.100 A3 15
64.167 0.100 A3 15
64.333 0.100 A3 15
64.500 0.100 A3 15
64.667 0.100 A3 15
64.833 0.100 A3 15
65.000 0.100 A3 15
65.167 0.100 A3 15
65.333 0.100 A3 15
65.500 0.100 A3 15
65.667 0.100 A3 15
65.833 0.100 A3 15
66.000 0.100 A3 15
66.167 0.100 A3 15
66.333 0.100 A3 15
66.500 0.100 A3 15
66.667 0.100 A3 15
66.833 0.100 A3 15
67.000 0.100 A3 15
67.167 0.100 A3 15
67.333 0.100 A3 15
67.500 0.100 A3 15
67.667 0.100 A3 15
67.833 0.100 A3 15
68.000 0.100 D4 15
68.167 END_CYCLE
Noise(828)
time dur noise vol drum
0.000 0.767 8 6 tom_low
0.767 0.050 13 1 roar_ultra_low
0.833 0.100 8 6 tom_low
0.933 0.050 13 1 roar_ultra_low
1.000 0.017 11 8 kick_tight
1.017 0.033 13 3 roar_ultra_low
1.167 0.017 11 8 kick_tight
1.183 0.033 13 3 roar_ultra_low
1.333 0.017 11 8 kick_tight
1.350 0.033 13 3 roar_ultra_low
1.500 0.017 11 8 kick_tight
1.517 0.033 13 3 roar_ultra_low
1.667 0.100 8 6 tom_low
1.767 0.050 13 1 roar_ultra_low
1.833 0.017 11 8 kick_tight
1.850 0.033 13 3 roar_ultra_low
2.000 0.017 11 8 kick_tight
2.017 0.033 13 3 roar_ultra_low
2.167 0.017 11 8 kick_tight
2.183 0.033 13 3 roar_ultra_low
2.333 0.100 8 6 tom_low
2.433 0.050 13 1 roar_ultra_low
2.500 0.017 11 8 kick_tight
2.517 0.033 13 3 roar_ultra_low
2.667 0.017 11 8 kick_tight
2.683 0.033 13 3 roar_ultra_low
2.833 0.017 11 8 kick_tight
2.850 0.033 13 3 roar_ultra_low
3.000 0.100 8 6 tom_low
3.100 0.050 13 1 roar_ultra_low
3.167 0.017 11 8 kick_tight
3.183 0.033 13 3 roar_ultra_low
3.333 0.017 11 8 kick_tight
3.350 0.033 13 3 roar_ultra_low
3.500 0.017 11 8 kick_tight
3.517 0.033 13 3 roar_ultra_low
3.667 0.100 8 6 tom_low
3.767 0.050 13 1 roar_ultra_low
3.833 0.017 11 8 kick_tight
3.850 0.033 13 3 roar_ultra_low
4.000 0.017 11 8 kick_tight
4.017 0.033 13 3 roar_ultra_low
4.167 0.017 11 8 kick_tight
4.183 0.033 13 3 roar_ultra_low
4.333 0.100 8 6 tom_low
4.433 0.050 13 1 roar_ultra_low
4.500 0.017 11 8 kick_tight
4.517 0.033 13 3 roar_ultra_low
4.667 0.017 11 8 kick_tight
4.683 0.033 13 3 roar_ultra_low
4.833 0.017 11 8 kick_tight
4.850 0.033 13 3 roar_ultra_low
5.000 0.100 8 6 tom_low
5.100 0.050 13 1 roar_ultra_low
5.167 0.017 11 8 kick_tight
5.183 0.033 13 3 roar_ultra_low
5.333 0.017 11 8 kick_tight
5.350 0.033 13 3 roar_ultra_low
5.500 0.100 8 6 tom_low
5.600 0.050 13 1 roar_ultra_low
5.667 0.100 8 6 tom_low
5.767 0.050 13 1 roar_ultra_low
5.833 0.017 11 8 kick_tight
5.850 0.033 13 3 roar_ultra_low
6.000 0.017 11 8 kick_tight
6.017 0.033 13 3 roar_ultra_low
6.083 0.017 11 8 kick_tight
6.100 0.033 13 3 roar_ultra_low
6.167 0.100 8 6 tom_low
6.267 0.050 13 1 roar_ultra_low
6.333 0.017 11 8 kick_tight
6.350 0.033 13 3 roar_ultra_low
6.500 0.017 11 8 kick_tight
6.517 0.033 13 3 roar_ultra_low
6.667 0.017 11 8 kick_tight
6.683 0.033 13 3 roar_ultra_low
6.833 0.017 11 8 kick_tight
6.850 0.033 13 3 roar_ultra_low
7.000 0.100 8 6 tom_low
7.100 0.050 13 1 roar_ultra_low
7.167 0.017 11 8 kick_tight
7.183 0.033 13 3 roar_ultra_low
7.333 0.017 11 8 kick_tight
7.350 0.033 13 3 roar_ultra_low
7.500 0.017 11 8 kick_tight
7.517 0.033 13 3 roar_ultra_low
7.667 0.100 8 6 tom_low
7.767 0.050 13 1 roar_ultra_low
7.833 0.017 11 8 kick_tight
7.850 0.033 13 3 roar_ultra_low
8.000 0.017 11 8 kick_tight
8.017 0.033 13 3 roar_ultra_low
8.167 0.017 11 8 kick_tight
8.183 0.033 13 3 roar_ultra_low
8.333 0.100 8 6 tom_low
8.433 0.050 13 1 roar_ultra_low
8.500 0.017 11 8 kick_tight
8.517 0.033 13 3 roar_ultra_low
8.667 0.017 11 8 kick_tight
8.683 0.033 13 3 roar_ultra_low
8.833 0.017 11 8 kick_tight
8.850 0.033 13 3 roar_ultra_low
9.000 0.100 8 6 tom_low
9.100 0.050 13 1 roar_ultra_low
9.167 0.017 11 8 kick_tight
9.183 0.033 13 3 roar_ultra_low
9.333 0.017 11 8 kick_tight
9.350 0.033 13 3 roar_ultra_low
9.500 0.017 11 8 kick_tight
9.517 0.033 13 3 roar_ultra_low
9.667 0.100 8 6 tom_low
9.767 0.050 13 1 roar_ultra_low
9.833 0.017 11 8 kick_tight
9.850 0.033 13 3 roar_ultra_low
10.000 0.017 11 8 kick_tight
10.017 0.033 13 3 roar_ultra_low
10.167 0.017 11 8 kick_tight
10.183 0.033 13 3 roar_ultra_low
10.333 0.100 8 6 tom_low
10.433 0.050 13 1 roar_ultra_low
10.500 0.017 11 8 kick_tight
10.517 0.033 13 3 roar_ultra_low
10.667 0.017 11 8 kick_tight
10.683 0.033 13 3 roar_ultra_low
10.833 0.100 8 6 tom_low
10.933 0.050 13 1 roar_ultra_low
11.000 0.100 8 6 tom_low
11.100 0.050 13 1 roar_ultra_low
11.167 0.017 11 8 kick_tight
11.183 0.033 13 3 roar_ultra_low
11.333 0.017 11 8 kick_tight
11.350 0.033 13 3 roar_ultra_low
11.417 0.017 11 8 kick_tight
11.433 0.033 13 3 roar_ultra_low
11.500 0.017 11 8 kick_tight
11.517 0.033 13 3 roar_ultra_low
11.667 0.100 8 6 tom_low
11.767 0.050 13 1 roar_ultra_low
11.833 0.100 8 6 tom_low
11.933 0.050 13 1 roar_ultra_low
12.000 0.100 8 6 tom_low
12.100 0.050 13 1 roar_ultra_low
12.167 0.017 11 8 kick_tight
12.183 0.033 13 3 roar_ultra_low
12.333 0.017 11 8 kick_tight
12.350 0.033 13 3 roar_ultra_low
12.500 0.100 8 6 tom_low
12.600 0.050 13 1 roar_ultra_low
12.667 0.100 8 6 tom_low
12.767 0.050 13 1 roar_ultra_low
12.833 0.017 11 8 kick_tight
12.850 0.033 13 3 roar_ultra_low
13.000 0.017 11 8 kick_tight
13.017 0.033 13 3 roar_ultra_low
13.167 0.017 11 8 kick_tight
13.183 0.033 13 3 roar_ultra_low
13.333 0.100 8 6 tom_low
13.433 0.050 13 1 roar_ultra_low
13.500 0.017 11 8 kick_tight
13.517 0.033 13 3 roar_ultra_low
13.667 0.017 11 8 kick_tight
13.683 0.033 13 3 roar_ultra_low
13.833 0.100 8 6 tom_low
13.933 0.050 13 1 roar_ultra_low
14.000 0.100 8 6 tom_low
14.100 0.050 13 1 roar_ultra_low
14.167 0.017 11 8 kick_tight
14.183 0.033 13 3 roar_ultra_low
14.333 0.017 11 8 kick_tight
14.350 0.033 13 3 roar_ultra_low
14.500 0.017 11 8 kick_tight
14.517 0.033 13 3 roar_ultra_low
14.667 0.100 8 6 tom_low
14.767 0.050 13 1 roar_ultra_low
14.833 0.017 11 8 kick_tight
14.850 0.033 13 3 roar_ultra_low
15.000 0.017 11 8 kick_tight
15.017 0.033 13 3 roar_ultra_low
15.167 0.100 8 6 tom_low
15.267 0.050 13 1 roar_ultra_low
15.333 0.100 8 6 tom_low
15.433 0.050 13 1 roar_ultra_low
15.500 0.017 11 8 kick_tight
15.517 0.033 13 3 roar_ultra_low
15.667 0.017 11 8 kick_tight
15.683 0.033 13 3 roar_ultra_low
15.833 0.017 11 8 kick_tight
15.850 0.033 13 3 roar_ultra_low
16.000 0.100 8 6 tom_low
16.100 0.050 13 1 roar_ultra_low
16.167 0.017 11 8 kick_tight
16.183 0.033 13 3 roar_ultra_low
16.333 0.017 11 8 kick_tight
16.350 0.033 13 3 roar_ultra_low
16.500 0.100 8 6 tom_low
16.600 0.050 13 1 roar_ultra_low
16.667 0.100 8 6 tom_low
16.767 0.050 13 1 roar_ultra_low
16.833 0.017 11 8 kick_tight
16.850 0.033 13 3 roar_ultra_low
17.000 0.017 11 8 kick_tight
17.017 0.033 13 3 roar_ultra_low
17.167 0.017 11 8 kick_tight
17.183 0.033 13 3 roar_ultra_low
17.333 0.017 11 8 kick_tight
17.350 0.033 13 3 roar_ultra_low
17.417 0.017 11 8 kick_tight
17.433 0.033 13 3 roar_ultra_low
17.500 0.017 11 8 kick_tight
17.517 0.033 13 3 roar_ultra_low
17.667 0.100 8 6 tom_low
17.767 0.050 13 1 roar_ultra_low
17.833 0.017 11 8 kick_tight
17.850 0.033 13 3 roar_ultra_low
18.000 0.017 11 8 kick_tight
18.017 0.033 13 3 roar_ultra_low
18.083 0.017 11 8 kick_tight
18.100 0.033 13 3 roar_ultra_low
18.167 0.017 11 8 kick_tight
18.183 0.033 13 3 roar_ultra_low
18.333 0.100 8 6 tom_low
18.433 0.050 13 1 roar_ultra_low
18.500 0.017 11 8 kick_tight
18.517 0.033 13 3 roar_ultra_low
18.667 0.017 11 8 kick_tight
18.683 0.033 13 3 roar_ultra_low
18.750 0.017 11 8 kick_tight
18.767 0.033 13 3 roar_ultra_low
18.833 0.017 11 8 kick_tight
18.850 0.033 13 3 roar_ultra_low
19.000 0.100 8 6 tom_low
19.100 0.050 13 1 roar_ultra_low
19.167 0.017 11 8 kick_tight
19.183 0.033 13 3 roar_ultra_low
19.333 0.017 11 8 kick_tight
19.350 0.033 13 3 roar_ultra_low
19.417 0.017 11 8 kick_tight
19.433 0.033 13 3 roar_ultra_low
19.500 0.017 11 8 kick_tight
19.517 0.033 13 3 roar_ultra_low
19.667 0.100 8 6 tom_low
19.767 0.050 13 1 roar_ultra_low
19.833 0.017 11 8 kick_tight
19.850 0.033 13 3 roar_ultra_low
20.000 0.017 11 8 kick_tight
20.017 0.033 13 3 roar_ultra_low
20.083 0.017 11 8 kick_tight
20.100 0.033 13 3 roar_ultra_low
20.167 0.017 11 8 kick_tight
20.183 0.033 13 3 roar_ultra_low
20.333 0.100 8 6 tom_low
20.433 0.050 13 1 roar_ultra_low
20.500 0.017 11 8 kick_tight
20.517 0.033 13 3 roar_ultra_low
20.667 0.017 11 8 kick_tight
20.683 0.033 13 3 roar_ultra_low
20.750 0.017 11 8 kick_tight
20.767 0.033 13 3 roar_ultra_low
20.833 0.017 11 8 kick_tight
20.850 0.033 13 3 roar_ultra_low
21.000 0.100 8 6 tom_low
21.100 0.050 13 1 roar_ultra_low
21.167 0.017 11 8 kick_tight
21.183 0.033 13 3 roar_ultra_low
21.333 0.017 11 8 kick_tight
21.350 0.033 13 3 roar_ultra_low
21.417 0.017 11 8 kick_tight
21.433 0.033 13 3 roar_ultra_low
21.500 0.017 11 8 kick_tight
21.517 0.033 13 3 roar_ultra_low
21.667 0.100 8 6 tom_low
21.767 0.050 13 1 roar_ultra_low
21.833 0.017 11 8 kick_tight
21.850 0.033 13 3 roar_ultra_low
22.000 0.017 11 8 kick_tight
22.017 0.033 13 3 roar_ultra_low
22.083 0.017 11 8 kick_tight
22.100 0.033 13 3 roar_ultra_low
22.167 0.017 11 8 kick_tight
22.183 0.033 13 3 roar_ultra_low
22.333 0.100 8 6 tom_low
22.433 0.050 13 1 roar_ultra_low
22.500 0.017 11 8 kick_tight
22.517 0.033 13 3 roar_ultra_low
22.667 0.017 11 8 kick_tight
22.683 0.033 13 3 roar_ultra_low
22.833 BEGIN_CYCLE
22.833 0.017 11 8 kick_tight
22.850 0.033 13 3 roar_ultra_low
23.000 0.100 8 6 tom_low
23.100 0.050 13 1 roar_ultra_low
23.167 0.017 11 8 kick_tight
23.183 0.033 13 3 roar_ultra_low
23.333 0.017 11 8 kick_tight
23.350 0.033 13 3 roar_ultra_low
23.500 0.017 11 8 kick_tight
23.517 0.033 13 3 roar_ultra_low
23.667 0.100 8 6 tom_low
23.767 0.050 13 1 roar_ultra_low
23.833 0.017 11 8 kick_tight
23.850 0.033 13 3 roar_ultra_low
24.000 0.017 11 8 kick_tight
24.017 0.033 13 3 roar_ultra_low
24.167 0.017 11 8 kick_tight
24.183 0.033 13 3 roar_ultra_low
24.333 0.100 8 6 tom_low
24.433 0.050 13 1 roar_ultra_low
24.500 0.017 11 8 kick_tight
24.517 0.033 13 3 roar_ultra_low
24.667 0.017 11 8 kick_tight
24.683 0.033 13 3 roar_ultra_low
24.833 0.017 11 8 kick_tight
24.850 0.033 13 3 roar_ultra_low
25.000 0.100 8 6 tom_low
25.100 0.050 13 1 roar_ultra_low
25.167 0.017 11 8 kick_tight
25.183 0.033 13 3 roar_ultra_low
25.333 0.017 11 8 kick_tight
25.350 0.033 13 3 roar_ultra_low
25.500 0.017 11 8 kick_tight
25.517 0.033 13 3 roar_ultra_low
25.667 0.100 8 6 tom_low
25.767 0.050 13 1 roar_ultra_low
25.833 0.017 11 8 kick_tight
25.850 0.033 13 3 roar_ultra_low
26.000 0.017 11 8 kick_tight
26.017 0.033 13 3 roar_ultra_low
26.167 0.017 11 8 kick_tight
26.183 0.033 13 3 roar_ultra_low
26.333 0.100 8 6 tom_low
26.433 0.050 13 1 roar_ultra_low
26.500 0.017 11 8 kick_tight
26.517 0.033 13 3 roar_ultra_low
26.667 0.017 11 8 kick_tight
26.683 0.033 13 3 roar_ultra_low
26.833 0.017 11 8 kick_tight
26.850 0.033 13 3 roar_ultra_low
27.000 0.100 8 6 tom_low
27.100 0.050 13 1 roar_ultra_low
27.167 0.017 11 8 kick_tight
27.183 0.033 13 3 roar_ultra_low
27.333 0.100 8 6 tom_low
27.433 0.050 13 1 roar_ultra_low
27.500 0.017 11 8 kick_tight
27.517 0.033 13 3 roar_ultra_low
27.667 0.100 8 6 tom_low
27.767 0.050 13 1 roar_ultra_low
27.833 0.100 8 6 tom_low
27.933 0.050 13 1 roar_ultra_low
28.000 0.017 11 8 kick_tight
28.017 0.033 13 3 roar_ultra_low
28.167 0.017 11 8 kick_tight
28.183 0.033 13 3 roar_ultra_low
28.333 0.100 8 6 tom_low
28.433 0.050 13 1 roar_ultra_low
28.500 0.017 11 8 kick_tight
28.517 0.033 13 3 roar_ultra_low
28.667 0.017 11 8 kick_tight
28.683 0.033 13 3 roar_ultra_low
28.833 0.017 11 8 kick_tight
28.850 0.033 13 3 roar_ultra_low
29.000 0.100 8 6 tom_low
29.100 0.050 13 1 roar_ultra_low
29.167 0.017 11 8 kick_tight
29.183 0.033 13 3 roar_ultra_low
29.333 0.017 11 8 kick_tight
29.350 0.033 13 3 roar_ultra_low
29.500 0.017 11 8 kick_tight
29.517 0.033 13 3 roar_ultra_low
29.667 0.100 8 6 tom_low
29.767 0.050 13 1 roar_ultra_low
29.833 0.017 11 8 kick_tight
29.850 0.033 13 3 roar_ultra_low
30.000 0.017 11 8 kick_tight
30.017 0.033 13 3 roar_ultra_low
30.167 0.017 11 8 kick_tight
30.183 0.033 13 3 roar_ultra_low
30.333 0.100 8 6 tom_low
30.433 0.050 13 1 roar_ultra_low
30.500 0.017 11 8 kick_tight
30.517 0.033 13 3 roar_ultra_low
30.667 0.017 11 8 kick_tight
30.683 0.033 13 3 roar_ultra_low
30.833 0.017 11 8 kick_tight
30.850 0.033 13 3 roar_ultra_low
31.000 0.100 8 6 tom_low
31.100 0.050 13 1 roar_ultra_low
31.167 0.017 11 8 kick_tight
31.183 0.033 13 3 roar_ultra_low
31.333 0.017 11 8 kick_tight
31.350 0.033 13 3 roar_ultra_low
31.500 0.017 11 8 kick_tight
31.517 0.033 13 3 roar_ultra_low
31.667 0.100 8 6 tom_low
31.767 0.050 13 1 roar_ultra_low
31.833 0.017 11 8 kick_tight
31.850 0.033 13 3 roar_ultra_low
32.000 0.017 11 8 kick_tight
32.017 0.033 13 3 roar_ultra_low
32.167 0.017 11 8 kick_tight
32.183 0.033 13 3 roar_ultra_low
32.333 0.100 8 6 tom_low
32.433 0.050 13 1 roar_ultra_low
32.500 0.017 11 8 kick_tight
32.517 0.033 13 3 roar_ultra_low
32.667 0.100 8 6 tom_low
32.767 0.050 13 1 roar_ultra_low
32.833 0.017 11 8 kick_tight
32.850 0.033 13 3 roar_ultra_low
32.917 0.017 11 8 kick_tight
32.933 0.033 13 3 roar_ultra_low
33.000 0.100 8 6 tom_low
33.100 0.050 13 1 roar_ultra_low
33.167 0.183 8 6 tom_low
33.350 0.050 13 1 roar_ultra_low
33.417 0.017 11 8 kick_tight
33.433 0.033 13 3 roar_ultra_low
33.500 0.017 11 8 kick_tight
33.517 0.033 13 3 roar_ultra_low
33.667 0.100 8 6 tom_low
33.767 0.050 13 1 roar_ultra_low
33.833 0.017 11 8 kick_tight
33.850 0.033 13 3 roar_ultra_low
34.000 0.017 11 8 kick_tight
34.017 0.033 13 3 roar_ultra_low
34.167 0.183 8 6 tom_low
34.350 0.050 13 1 roar_ultra_low
34.500 0.100 8 6 tom_low
34.600 0.050 13 1 roar_ultra_low
34.667 0.017 11 8 kick_tight
34.683 0.033 13 3 roar_ultra_low
34.750 0.017 11 8 kick_tight
34.767 0.033 13 3 roar_ultra_low
34.833 0.017 11 8 kick_tight
34.850 0.033 13 3 roar_ultra_low
35.000 0.100 8 6 tom_low
35.100 0.050 13 1 roar_ultra_low
35.167 0.017 11 8 kick_tight
35.183 0.033 13 3 roar_ultra_low
35.333 0.017 11 8 kick_tight
35.350 0.033 13 3 roar_ultra_low
35.500 0.183 8 6 tom_low
35.683 0.050 13 1 roar_ultra_low
35.833 0.100 8 6 tom_low
35.933 0.050 13 1 roar_ultra_low
36.000 0.017 11 8 kick_tight
36.017 0.033 13 3 roar_ultra_low
36.083 0.017 11 8 kick_tight
36.100 0.033 13 3 roar_ultra_low
36.167 0.017 11 8 kick_tight
36.183 0.033 13 3 roar_ultra_low
36.333 0.100 8 6 tom_low
36.433 0.050 13 1 roar_ultra_low
36.500 0.017 11 8 kick_tight
36.517 0.033 13 3 roar_ultra_low
36.667 0.017 11 8 kick_tight
36.683 0.033 13 3 roar_ultra_low
36.833 0.183 8 6 tom_low
37.017 0.050 13 1 roar_ultra_low
37.167 0.100 8 6 tom_low
37.267 0.050 13 1 roar_ultra_low
37.333 0.017 11 8 kick_tight
37.350 0.033 13 3 roar_ultra_low
37.417 0.017 11 8 kick_tight
37.433 0.033 13 3 roar_ultra_low
37.500 0.017 11 8 kick_tight
37.517 0.033 13 3 roar_ultra_low
37.667 0.100 8 6 tom_low
37.767 0.050 13 1 roar_ultra_low
37.833 0.017 11 8 kick_tight
37.850 0.033 13 3 roar_ultra_low
38.000 0.017 11 8 kick_tight
38.017 0.033 13 3 roar_ultra_low
38.167 0.183 8 6 tom_low
38.350 0.050 13 1 roar_ultra_low
38.500 0.100 8 6 tom_low
38.600 0.050 13 1 roar_ultra_low
38.667 0.017 11 8 kick_tight
38.683 0.033 13 3 roar_ultra_low
38.750 0.017 11 8 kick_tight
38.767 0.033 13 3 roar_ultra_low
38.833 0.017 11 8 kick_tight
38.850 0.033 13 3 roar_ultra_low
39.000 0.100 8 6 tom_low
39.100 0.050 13 1 roar_ultra_low
39.167 0.017 11 8 kick_tight
39.183 0.033 13 3 roar_ultra_low
39.333 0.017 11 8 kick_tight
39.350 0.033 13 3 roar_ultra_low
39.500 0.183 8 6 tom_low
39.683 0.050 13 1 roar_ultra_low
39.833 0.100 8 6 tom_low
39.933 0.050 13 1 roar_ultra_low
40.000 0.017 11 8 kick_tight
40.017 0.033 13 3 roar_ultra_low
40.083 0.017 11 8 kick_tight
40.100 0.033 13 3 roar_ultra_low
40.167 0.017 11 8 kick_tight
40.183 0.033 13 3 roar_ultra_low
40.333 0.100 8 6 tom_low
40.433 0.050 13 1 roar_ultra_low
40.500 0.017 11 8 kick_tight
40.517 0.033 13 3 roar_ultra_low
40.667 0.017 11 8 kick_tight
40.683 0.033 13 3 roar_ultra_low
40.833 0.183 8 6 tom_low
41.017 0.050 13 1 roar_ultra_low
41.167 0.100 8 6 tom_low
41.267 0.050 13 1 roar_ultra_low
41.333 0.017 11 8 kick_tight
41.350 0.033 13 3 roar_ultra_low
41.417 0.017 11 8 kick_tight
41.433 0.033 13 3 roar_ultra_low
41.500 0.017 11 8 kick_tight
41.517 0.033 13 3 roar_ultra_low
41.667 0.100 8 6 tom_low
41.767 0.050 13 1 roar_ultra_low
41.833 0.017 11 8 kick_tight
41.850 0.033 13 3 roar_ultra_low
42.000 0.017 11 8 kick_tight
42.017 0.033 13 3 roar_ultra_low
42.167 0.183 8 6 tom_low
42.350 0.050 13 1 roar_ultra_low
42.500 0.100 8 6 tom_low
42.600 0.050 13 1 roar_ultra_low
42.667 0.017 11 8 kick_tight
42.683 0.033 13 3 roar_ultra_low
42.750 0.017 11 8 kick_tight
42.767 0.033 13 3 roar_ultra_low
42.833 0.017 11 8 kick_tight
42.850 0.033 13 3 roar_ultra_low
43.000 0.100 8 6 tom_low
43.100 0.050 13 1 roar_ultra_low
43.167 0.017 11 8 kick_tight
43.183 0.033 13 3 roar_ultra_low
43.333 0.017 11 8 kick_tight
43.350 0.033 13 3 roar_ultra_low
43.500 0.183 8 6 tom_low
43.683 0.050 13 1 roar_ultra_low
43.833 0.100 8 6 tom_low
43.933 0.050 13 1 roar_ultra_low
44.000 0.017 11 8 kick_tight
44.017 0.033 13 3 roar_ultra_low
44.167 0.017 11 8 kick_tight
44.183 0.033 13 3 roar_ultra_low
44.333 0.100 8 6 tom_low
44.433 0.050 13 1 roar_ultra_low
44.500 0.017 11 8 kick_tight
44.517 0.033 13 3 roar_ultra_low
44.667 0.017 11 8 kick_tight
44.683 0.033 13 3 roar_ultra_low
44.833 0.017 11 8 kick_tight
44.850 0.033 13 3 roar_ultra_low
45.000 0.100 8 6 tom_low
45.100 0.050 13 1 roar_ultra_low
45.167 0.017 11 8 kick_tight
45.183 0.033 13 3 roar_ultra_low
45.333 0.017 11 8 kick_tight
45.350 0.033 13 3 roar_ultra_low
45.500 0.017 11 8 kick_tight
45.517 0.033 13 3 roar_ultra_low
45.667 0.100 8 6 tom_low
45.767 0.050 13 1 roar_ultra_low
45.833 0.017 11 8 kick_tight
45.850 0.033 13 3 roar_ultra_low
46.000 0.017 11 8 kick_tight
46.017 0.033 13 3 roar_ultra_low
46.167 0.017 11 8 kick_tight
46.183 0.033 13 3 roar_ultra_low
46.333 0.100 8 6 tom_low
46.433 0.050 13 1 roar_ultra_low
46.500 0.017 11 8 kick_tight
46.517 0.033 13 3 roar_ultra_low
46.667 0.017 11 8 kick_tight
46.683 0.033 13 3 roar_ultra_low
46.833 0.017 11 8 kick_tight
46.850 0.033 13 3 roar_ultra_low
47.000 0.100 8 6 tom_low
47.100 0.050 13 1 roar_ultra_low
47.167 0.017 11 8 kick_tight
47.183 0.033 13 3 roar_ultra_low
47.333 0.017 11 8 kick_tight
47.350 0.033 13 3 roar_ultra_low
47.500 0.017 11 8 kick_tight
47.517 0.033 13 3 roar_ultra_low
47.667 0.100 8 6 tom_low
47.767 0.050 13 1 roar_ultra_low
47.833 0.017 11 8 kick_tight
47.850 0.033 13 3 roar_ultra_low
48.000 0.017 11 8 kick_tight
48.017 0.033 13 3 roar_ultra_low
48.167 0.017 11 8 kick_tight
48.183 0.033 13 3 roar_ultra_low
48.333 0.100 8 6 tom_low
48.433 0.050 13 1 roar_ultra_low
48.500 0.017 11 8 kick_tight
48.517 0.033 13 3 roar_ultra_low
48.667 0.017 11 8 kick_tight
48.683 0.033 13 3 roar_ultra_low
48.833 0.017 11 8 kick_tight
48.850 0.033 13 3 roar_ultra_low
49.000 0.100 8 6 tom_low
49.100 0.050 13 1 roar_ultra_low
49.167 0.017 11 8 kick_tight
49.183 0.033 13 3 roar_ultra_low
49.333 0.017 11 8 kick_tight
49.350 0.033 13 3 roar_ultra_low
49.500 0.017 11 8 kick_tight
49.517 0.033 13 3 roar_ultra_low
49.667 0.100 8 6 tom_low
49.767 0.050 13 1 roar_ultra_low
49.833 0.017 11 8 kick_tight
49.850 0.033 13 3 roar_ultra_low
50.000 0.017 11 8 kick_tight
50.017 0.033 13 3 roar_ultra_low
50.167 0.017 11 8 kick_tight
50.183 0.033 13 3 roar_ultra_low
50.333 0.100 8 6 tom_low
50.433 0.050 13 1 roar_ultra_low
50.500 0.017 11 8 kick_tight
50.517 0.033 13 3 roar_ultra_low
50.667 0.017 11 8 kick_tight
50.683 0.033 13 3 roar_ultra_low
50.833 0.017 11 8 kick_tight
50.850 0.033 13 3 roar_ultra_low
51.000 0.100 8 6 tom_low
51.100 0.050 13 1 roar_ultra_low
51.167 0.017 11 8 kick_tight
51.183 0.033 13 3 roar_ultra_low
51.333 0.017 11 8 kick_tight
51.350 0.033 13 3 roar_ultra_low
51.500 0.017 11 8 kick_tight
51.517 0.033 13 3 roar_ultra_low
51.667 0.100 8 6 tom_low
51.767 0.050 13 1 roar_ultra_low
51.833 0.017 11 8 kick_tight
51.850 0.033 13 3 roar_ultra_low
52.000 0.017 11 8 kick_tight
52.017 0.033 13 3 roar_ultra_low
52.167 0.017 11 8 kick_tight
52.183 0.033 13 3 roar_ultra_low
52.333 0.100 8 6 tom_low
52.433 0.050 13 1 roar_ultra_low
52.500 0.017 11 8 kick_tight
52.517 0.033 13 3 roar_ultra_low
52.667 0.017 11 8 kick_tight
52.683 0.033 13 3 roar_ultra_low
52.833 0.017 11 8 kick_tight
52.850 0.033 13 3 roar_ultra_low
53.000 0.100 8 6 tom_low
53.100 0.050 13 1 roar_ultra_low
53.167 0.017 11 8 kick_tight
53.183 0.033 13 3 roar_ultra_low
53.333 0.017 11 8 kick_tight
53.350 0.033 13 3 roar_ultra_low
53.500 0.017 11 8 kick_tight
53.517 0.033 13 3 roar_ultra_low
53.667 0.100 8 6 tom_low
53.767 0.050 13 1 roar_ultra_low
53.833 0.017 11 8 kick_tight
53.850 0.033 13 3 roar_ultra_low
54.000 0.017 11 8 kick_tight
54.017 0.033 13 3 roar_ultra_low
54.167 0.017 11 8 kick_tight
54.183 0.033 13 3 roar_ultra_low
54.333 0.100 8 6 tom_low
54.433 0.050 13 1 roar_ultra_low
54.500 0.017 11 8 kick_tight
54.517 0.033 13 3 roar_ultra_low
54.667 0.017 11 8 kick_tight
54.683 0.033 13 3 roar_ultra_low
54.833 0.017 11 8 kick_tight
54.850 0.033 13 3 roar_ultra_low
55.000 0.100 8 6 tom_low
55.100 0.050 13 1 roar_ultra_low
55.167 0.017 11 8 kick_tight
55.183 0.033 13 3 roar_ultra_low
55.333 0.017 11 8 kick_tight
55.350 0.033 13 3 roar_ultra_low
55.500 0.017 11 8 kick_tight
55.517 0.033 13 3 roar_ultra_low
55.667 0.100 8 6 tom_low
55.767 0.050 13 1 roar_ultra_low
55.833 0.017 11 8 kick_tight
55.850 0.033 13 3 roar_ultra_low
56.000 0.017 11 8 kick_tight
56.017 0.033 13 3 roar_ultra_low
56.167 0.017 11 8 kick_tight
56.183 0.033 13 3 roar_ultra_low
56.333 0.100 8 6 tom_low
56.433 0.050 13 1 roar_ultra_low
56.500 0.017 11 8 kick_tight
56.517 0.033 13 3 roar_ultra_low
56.667 0.017 11 8 kick_tight
56.683 0.033 13 3 roar_ultra_low
56.833 0.017 11 8 kick_tight
56.850 0.033 13 3 roar_ultra_low
57.000 0.100 8 6 tom_low
57.100 0.050 13 1 roar_ultra_low
57.167 0.017 11 8 kick_tight
57.183 0.033 13 3 roar_ultra_low
57.333 0.017 11 8 kick_tight
57.350 0.033 13 3 roar_ultra_low
57.500 0.017 11 8 kick_tight
57.517 0.033 13 3 roar_ultra_low
57.667 0.100 8 6 tom_low
57.767 0.050 13 1 roar_ultra_low
57.833 0.017 11 8 kick_tight
57.850 0.033 13 3 roar_ultra_low
58.000 0.017 11 8 kick_tight
58.017 0.033 13 3 roar_ultra_low
58.167 0.017 11 8 kick_tight
58.183 0.033 13 3 roar_ultra_low
58.333 0.100 8 6 tom_low
58.433 0.050 13 1 roar_ultra_low
58.500 0.017 11 8 kick_tight
58.517 0.033 13 3 roar_ultra_low
58.667 0.017 11 8 kick_tight
58.683 0.033 13 3 roar_ultra_low
58.833 0.017 11 8 kick_tight
58.850 0.033 13 3 roar_ultra_low
59.000 0.100 8 6 tom_low
59.100 0.050 13 1 roar_ultra_low
59.167 0.017 11 8 kick_tight
59.183 0.033 13 3 roar_ultra_low
59.333 0.017 11 8 kick_tight
59.350 0.033 13 3 roar_ultra_low
59.500 0.017 11 8 kick_tight
59.517 0.033 13 3 roar_ultra_low
59.667 0.100 8 6 tom_low
59.767 0.050 13 1 roar_ultra_low
59.833 0.017 11 8 kick_tight
59.850 0.033 13 3 roar_ultra_low
60.000 0.017 11 8 kick_tight
60.017 0.033 13 3 roar_ultra_low
60.167 0.017 11 8 kick_tight
60.183 0.033 13 3 roar_ultra_low
60.333 0.100 8 6 tom_low
60.433 0.050 13 1 roar_ultra_low
60.500 0.017 11 8 kick_tight
60.517 0.033 13 3 roar_ultra_low
60.667 0.017 11 8 kick_tight
60.683 0.033 13 3 roar_ultra_low
60.833 0.017 11 8 kick_tight
60.850 0.033 13 3 roar_ultra_low
61.000 0.100 8 6 tom_low
61.100 0.050 13 1 roar_ultra_low
61.167 0.017 11 8 kick_tight
61.183 0.033 13 3 roar_ultra_low
61.333 0.017 11 8 kick_tight
61.350 0.033 13 3 roar_ultra_low
61.500 0.017 11 8 kick_tight
61.517 0.033 13 3 roar_ultra_low
61.667 0.100 8 6 tom_low
61.767 0.050 13 1 roar_ultra_low
61.833 0.017 11 8 kick_tight
61.850 0.033 13 3 roar_ultra_low
62.000 0.017 11 8 kick_tight
62.017 0.033 13 3 roar_ultra_low
62.167 0.017 11 8 kick_tight
62.183 0.033 13 3 roar_ultra_low
62.333 0.100 8 6 tom_low
62.433 0.050 13 1 roar_ultra_low
62.500 0.017 11 8 kick_tight
62.517 0.033 13 3 roar_ultra_low
62.667 0.017 11 8 kick_tight
62.683 0.033 13 3 roar_ultra_low
62.833 0.017 11 8 kick_tight
62.850 0.033 13 3 roar_ultra_low
63.000 0.100 8 6 tom_low
63.100 0.050 13 1 roar_ultra_low
63.167 0.017 11 8 kick_tight
63.183 0.033 13 3 roar_ultra_low
63.333 0.017 11 8 kick_tight
63.350 0.033 13 3 roar_ultra_low
63.500 0.017 11 8 kick_tight
63.517 0.033 13 3 roar_ultra_low
63.667 0.100 8 6 tom_low
63.767 0.050 13 1 roar_ultra_low
63.833 0.017 11 8 kick_tight
63.850 0.033 13 3 roar_ultra_low
64.000 0.017 11 8 kick_tight
64.017 0.033 13 3 roar_ultra_low
64.167 0.017 11 8 kick_tight
64.183 0.033 13 3 roar_ultra_low
64.333 0.100 8 6 tom_low
64.433 0.050 13 1 roar_ultra_low
64.500 0.017 11 8 kick_tight
64.517 0.033 13 3 roar_ultra_low
64.667 0.017 11 8 kick_tight
64.683 0.033 13 3 roar_ultra_low
64.833 0.017 11 8 kick_tight
64.850 0.033 13 3 roar_ultra_low
65.000 0.100 8 6 tom_low
65.100 0.050 13 1 roar_ultra_low
65.167 0.017 11 8 kick_tight
65.183 0.033 13 3 roar_ultra_low
65.333 0.017 11 8 kick_tight
65.350 0.033 13 3 roar_ultra_low
65.500 0.017 11 8 kick_tight
65.517 0.033 13 3 roar_ultra_low
65.667 0.100 8 6 tom_low
65.767 0.050 13 1 roar_ultra_low
65.833 0.017 11 8 kick_tight
65.850 0.033 13 3 roar_ultra_low
66.000 0.017 11 8 kick_tight
66.017 0.033 13 3 roar_ultra_low
66.167 0.017 11 8 kick_tight
66.183 0.033 13 3 roar_ultra_low
66.333 0.100 8 6 tom_low
66.433 0.050 13 1 roar_ultra_low
66.500 0.017 11 8 kick_tight
66.517 0.033 13 3 roar_ultra_low
66.667 0.017 11 8 kick_tight
66.683 0.033 13 3 roar_ultra_low
66.833 0.017 11 8 kick_tight
66.850 0.033 13 3 roar_ultra_low
67.000 0.100 8 6 tom_low
67.100 0.050 13 1 roar_ultra_low
67.167 0.017 11 8 kick_tight
67.183 0.033 13 3 roar_ultra_low
67.333 0.017 11 8 kick_tight
67.350 0.033 13 3 roar_ultra_low
67.500 0.017 11 8 kick_tight
67.517 0.033 13 3 roar_ultra_low
67.667 0.100 8 6 tom_low
67.767 0.050 13 1 roar_ultra_low
67.833 0.183 8 6 tom_low
68.017 0.050 13 1 roar_ultra_low
68.167 END_CYCLE
DPCM(0)
time dur note vol
22.833 BEGIN_CYCLE
68.167 END_CYCLE