ducktales2.nsf track=5 framerate=60

Square1(430)
time dur note vol
2.400 0.400 B4 8
2.800 0.200 C#5 8
3.000 0.200 D5 8
3.200 0.400 E5 8
3.600 0.100 F#5 8
3.700 0.100 G5 8
3.800 0.200 F#5 8
4.000 0.400 C#5 8
4.400 0.800 B4 8
5.200 0.200 C#5 8
5.400 0.200 D5 8
5.600 0.200 B4 8
5.800 0.200 A#4 8
6.000 0.100 B4 8
6.100 0.100 A#4 8
6.200 0.500 B4 8
7.200 0.400 B4 8
7.600 0.200 C#5 8
7.800 0.200 D5 8
8.000 0.400 E5 8
8.400 0.100 F#5 8
8.500 0.100 G5 8
8.600 0.200 F#5 8
8.800 0.400 C#5 8
9.200 0.200 E5 8
9.400 0.200 B4 8
9.800 0.200 B4 8
10.000 0.200 C#5 8
10.200 0.200 D5 8
10.400 0.200 B4 8
10.600 0.200 A#4 8
10.800 0.100 B4 8
10.900 0.100 A#4 8
11.000 0.500 B4 8
12.000 0.400 C#5 8
12.400 0.200 D5 8
12.600 0.200 E5 8
12.800 0.400 F#5 8
13.200 0.100 G5 8
13.300 0.100 A5 8
13.400 0.200 G5 8
13.600 0.400 D5 8
14.000 0.400 F#5 8
14.400 0.400 E5 8
14.800 0.400 B4 8
15.200 0.400 E5 8
15.600 0.100 F#5 8
15.700 0.100 F5 8
15.800 0.500 F#5 8
17.000 0.200 E5 8
17.200 0.200 D5 8
17.400 0.200 C#5 8
17.600 0.200 B4 8
17.800 0.200 A4 8
18.000 0.200 B4 8
18.200 0.200 C#5 8
18.400 0.200 F#5 8
18.600 0.200 C#5 8
18.800 0.200 E5 8
19.000 0.200 A4 8
19.400 0.200 E5 8
19.600 0.200 D5 8
19.800 0.200 C#5 8
20.000 0.200 B4 8
20.200 0.200 A4 8
20.400 0.200 B4 8
20.600 0.200 C#5 8
20.800 0.500 F#5 8
21.400 0.200 C#5 8
21.600 0.400 B4 8
22.000 0.200 C#5 8
22.200 0.200 D5 8
22.400 0.400 E5 8
22.800 0.100 F#5 8
22.900 0.100 G5 8
23.000 0.200 F#5 8
23.200 0.400 C#5 8
23.600 0.800 B4 8
24.400 0.200 C#5 8
24.600 0.200 D5 8
24.800 0.200 B4 8
25.000 0.200 A#4 8
25.200 0.100 B4 8
25.300 0.100 A#4 8
25.400 0.500 B4 8
26.400 0.400 B4 8
26.800 0.200 C#5 8
27.000 0.200 D5 8
27.200 0.400 E5 8
27.600 0.100 F#5 8
27.700 0.100 G5 8
27.800 0.200 F#5 8
28.000 0.400 C#5 8
28.400 0.200 E5 8
28.600 0.200 B4 8
29.000 0.200 B4 8
29.200 0.200 C#5 8
29.400 0.200 D5 8
29.600 0.200 B4 8
29.800 0.200 A#4 8
30.000 0.100 B4 8
30.100 0.100 A#4 8
30.200 0.500 B4 8
31.200 0.400 C#5 8
31.600 0.200 D5 8
31.800 0.200 E5 8
32.000 0.400 F#5 8
32.400 0.100 G5 8
32.500 0.100 A5 8
32.600 0.200 G5 8
32.800 0.400 D5 8
33.200 0.400 F#5 8
33.600 0.400 E5 8
34.000 0.400 B4 8
34.400 0.400 E5 8
34.800 0.100 F#5 8
34.900 0.100 F5 8
35.000 0.500 F#5 8
36.200 0.200 E5 8
36.400 0.200 D5 8
36.600 0.200 C#5 8
36.800 0.200 B4 8
37.000 0.200 A4 8
37.200 0.200 B4 8
37.400 0.200 C#5 8
37.600 0.200 F#5 8
37.800 0.200 C#5 8
38.000 0.200 E5 8
38.200 0.200 A4 8
38.600 0.200 E5 8
38.800 0.200 D5 8
39.000 0.200 C#5 8
39.200 0.200 B4 8
39.400 0.200 A4 8
39.600 0.200 B4 8
39.800 0.200 C#5 8
40.000 0.500 F#5 8
40.600 0.200 C#5 8
41.000 BEGIN_CYCLE
41.000 0.400 C#4 8
41.600 0.400 C#4 8
42.000 0.200 C4 8
42.400 0.600 C4 8
43.400 0.400 C#4 8
44.000 0.400 C#4 8
44.400 0.200 C4 8
44.800 0.400 C4 8
45.600 0.400 B4 8
46.000 0.200 C#5 8
46.200 0.200 D5 8
46.400 0.400 E5 8
46.800 0.100 F#5 8
46.900 0.100 G5 8
47.000 0.200 F#5 8
47.200 0.400 C#5 8
47.600 0.800 B4 8
48.400 0.200 C#5 8
48.600 0.200 D5 8
48.800 0.200 B4 8
49.000 0.200 A#4 8
49.200 0.100 B4 8
49.300 0.100 A#4 8
49.400 0.500 B4 8
50.400 0.400 B4 8
50.800 0.200 C#5 8
51.000 0.200 D5 8
51.200 0.400 E5 8
51.600 0.100 F#5 8
51.700 0.100 G5 8
51.800 0.200 F#5 8
52.000 0.400 C#5 8
52.400 0.200 E5 8
52.600 0.200 B4 8
53.000 0.200 B4 8
53.200 0.200 C#5 8
53.400 0.200 D5 8
53.600 0.200 B4 8
53.800 0.200 A#4 8
54.000 0.100 B4 8
54.100 0.100 A#4 8
54.200 0.500 B4 8
55.200 0.400 C#5 8
55.600 0.200 D5 8
55.800 0.200 E5 8
56.000 0.400 F#5 8
56.400 0.100 G5 8
56.500 0.100 A5 8
56.600 0.200 G5 8
56.800 0.400 D5 8
57.200 0.400 F#5 8
57.600 0.400 E5 8
58.000 0.400 B4 8
58.400 0.400 E5 8
58.800 0.100 F#5 8
58.900 0.100 F5 8
59.000 0.500 F#5 8
60.200 0.200 E5 8
60.400 0.200 D5 8
60.600 0.200 C#5 8
60.800 0.200 B4 8
61.000 0.200 A4 8
61.200 0.200 B4 8
61.400 0.200 C#5 8
61.600 0.200 F#5 8
61.800 0.200 C#5 8
62.000 0.200 E5 8
62.200 0.200 A4 8
62.600 0.200 E5 8
62.800 0.200 D5 8
63.000 0.200 C#5 8
63.200 0.200 B4 8
63.400 0.200 A4 8
63.600 0.200 B4 8
63.800 0.200 C#5 8
64.000 0.500 F#5 8
64.600 0.200 C#5 8
64.800 0.400 B4 8
65.200 0.200 C#5 8
65.400 0.200 D5 8
65.600 0.400 E5 8
66.000 0.100 F#5 8
66.100 0.100 G5 8
66.200 0.200 F#5 8
66.400 0.400 C#5 8
66.800 0.800 B4 8
67.600 0.200 C#5 8
67.800 0.200 D5 8
68.000 0.200 B4 8
68.200 0.200 A#4 8
68.400 0.100 B4 8
68.500 0.100 A#4 8
68.600 0.500 B4 8
69.600 0.400 B4 8
70.000 0.200 C#5 8
70.200 0.200 D5 8
70.400 0.400 E5 8
70.800 0.100 F#5 8
70.900 0.100 G5 8
71.000 0.200 F#5 8
71.200 0.400 C#5 8
71.600 0.200 E5 8
71.800 0.200 B4 8
72.200 0.200 B4 8
72.400 0.200 C#5 8
72.600 0.200 D5 8
72.800 0.200 B4 8
73.000 0.200 A#4 8
73.200 0.100 B4 8
73.300 0.100 A#4 8
73.400 0.500 B4 8
74.400 0.400 C#5 8
74.800 0.200 D5 8
75.000 0.200 E5 8
75.200 0.400 F#5 8
75.600 0.100 G5 8
75.700 0.100 A5 8
75.800 0.200 G5 8
76.000 0.400 D5 8
76.400 0.400 F#5 8
76.800 0.400 E5 8
77.200 0.400 B4 8
77.600 0.400 E5 8
78.000 0.100 F#5 8
78.100 0.100 F5 8
78.200 0.500 F#5 8
79.400 0.200 E5 8
79.600 0.200 D5 8
79.800 0.200 C#5 8
80.000 0.200 B4 8
80.200 0.200 A4 8
80.400 0.200 B4 8
80.600 0.200 C#5 8
80.800 0.200 F#5 8
81.000 0.200 C#5 8
81.200 0.200 E5 8
81.400 0.200 A4 8
81.800 0.200 E5 8
82.000 0.200 D5 8
82.200 0.200 C#5 8
82.400 0.200 B4 8
82.600 0.200 A4 8
82.800 0.200 B4 8
83.000 0.200 C#5 8
83.200 0.500 F#5 8
83.800 0.200 C#5 8
84.200 0.400 C#4 8
84.800 0.400 C#4 8
85.200 0.200 C4 8
85.600 0.600 C4 8
86.600 0.400 C#4 8
87.200 0.400 C#4 8
87.600 0.200 C4 8
88.000 0.400 C4 8
88.800 0.400 B4 8
89.200 0.200 C#5 8
89.400 0.200 D5 8
89.600 0.400 E5 8
90.000 0.100 F#5 8
90.100 0.100 G5 8
90.200 0.200 F#5 8
90.400 0.400 C#5 8
90.800 0.800 B4 8
91.600 0.200 C#5 8
91.800 0.200 D5 8
92.000 0.200 B4 8
92.200 0.200 A#4 8
92.400 0.100 B4 8
92.500 0.100 A#4 8
92.600 0.500 B4 8
93.600 0.400 B4 8
94.000 0.200 C#5 8
94.200 0.200 D5 8
94.400 0.400 E5 8
94.800 0.100 F#5 8
94.900 0.100 G5 8
95.000 0.200 F#5 8
95.200 0.400 C#5 8
95.600 0.200 E5 8
95.800 0.200 B4 8
96.200 0.200 B4 8
96.400 0.200 C#5 8
96.600 0.200 D5 8
96.800 0.200 B4 8
97.000 0.200 A#4 8
97.200 0.100 B4 8
97.300 0.100 A#4 8
97.400 0.500 B4 8
98.400 0.400 C#5 8
98.800 0.200 D5 8
99.000 0.200 E5 8
99.200 0.400 F#5 8
99.600 0.100 G5 8
99.700 0.100 A5 8
99.800 0.200 G5 8
100.000 0.400 D5 8
100.400 0.400 F#5 8
100.800 0.400 E5 8
101.200 0.400 B4 8
101.600 0.400 E5 8
102.000 0.100 F#5 8
102.100 0.100 F5 8
102.200 0.500 F#5 8
103.400 0.200 E5 8
103.600 0.200 D5 8
103.800 0.200 C#5 8
104.000 0.200 B4 8
104.200 0.200 A4 8
104.400 0.200 B4 8
104.600 0.200 C#5 8
104.800 0.200 F#5 8
105.000 0.200 C#5 8
105.200 0.200 E5 8
105.400 0.200 A4 8
105.800 0.200 E5 8
106.000 0.200 D5 8
106.200 0.200 C#5 8
106.400 0.200 B4 8
106.600 0.200 A4 8
106.800 0.200 B4 8
107.000 0.200 C#5 8
107.200 0.500 F#5 8
107.800 0.200 C#5 8
108.000 0.400 B4 8
108.400 0.200 C#5 8
108.600 0.200 D5 8
108.800 0.400 E5 8
109.200 0.100 F#5 8
109.300 0.100 G5 8
109.400 0.200 F#5 8
109.600 0.400 C#5 8
110.000 0.800 B4 8
110.800 0.200 C#5 8
111.000 0.200 D5 8
111.200 0.200 B4 8
111.400 0.200 A#4 8
111.600 0.100 B4 8
111.700 0.100 A#4 8
111.800 0.500 B4 8
112.800 0.400 B4 8
113.200 0.200 C#5 8
113.400 0.200 D5 8
113.600 0.400 E5 8
114.000 0.100 F#5 8
114.100 0.100 G5 8
114.200 0.200 F#5 8
114.400 0.400 C#5 8
114.800 0.200 E5 8
115.000 0.200 B4 8
115.400 0.200 B4 8
115.600 0.200 C#5 8
115.800 0.200 D5 8
116.000 0.200 B4 8
116.200 0.200 A#4 8
116.400 0.100 B4 8
116.500 0.100 A#4 8
116.600 0.500 B4 8
117.600 0.400 C#5 8
118.000 0.200 D5 8
118.200 0.200 E5 8
118.400 0.400 F#5 8
118.800 0.100 G5 8
118.900 0.100 A5 8
119.000 0.200 G5 8
119.200 0.400 D5 8
119.600 0.400 F#5 8
120.000 0.400 E5 8
120.400 0.400 B4 8
120.800 0.400 E5 8
121.200 0.100 F#5 8
121.300 0.100 F5 8
121.400 0.500 F#5 8
122.600 0.200 E5 8
122.800 0.200 D5 8
123.000 0.200 C#5 8
123.200 0.200 B4 8
123.400 0.200 A4 8
123.600 0.200 B4 8
123.800 0.200 C#5 8
124.000 0.200 F#5 8
124.200 0.200 C#5 8
124.400 0.200 E5 8
124.600 0.200 A4 8
125.000 0.200 E5 8
125.200 0.200 D5 8
125.400 0.200 C#5 8
125.600 0.200 B4 8
125.800 0.200 A4 8
126.000 0.200 B4 8
126.200 0.200 C#5 8
126.400 0.500 F#5 8
127.000 0.200 C#5 8
127.400 END_CYCLE

Square2(186)
time dur note vol
0.400 0.400 C4 10
0.800 0.400 C#4 10
1.600 0.400 C4 10
2.800 0.400 C4 9
3.200 0.400 C#4 9
4.000 0.400 C4 9
5.200 0.400 C4 9
5.600 0.400 C#4 9
6.400 0.400 C4 9
7.600 0.400 C4 9
8.000 0.400 C#4 9
8.800 0.400 C4 9
10.000 0.400 C4 9
10.400 0.400 C#4 9
11.200 0.400 C4 9
12.400 0.400 D4 9
12.800 0.400 F#4 9
13.600 0.400 D4 9
14.000 0.400 F#4 9
14.800 0.400 D4 9
15.200 0.400 F#4 9
16.000 0.400 D4 9
16.400 0.400 F#4 9
17.200 0.400 D4 9
17.600 0.400 E4 9
18.400 0.400 D4 9
18.800 0.400 E4 9
19.600 0.400 D4 9
20.000 0.400 E4 9
20.800 0.400 C4 9
22.000 0.400 C4 9
22.400 0.400 C#4 9
23.200 0.400 C4 9
24.400 0.400 C4 9
24.800 0.400 C#4 9
25.600 0.400 C4 9
26.800 0.400 C4 9
27.200 0.400 C#4 9
28.000 0.400 C4 9
29.200 0.400 C4 9
29.600 0.400 C#4 9
30.400 0.400 C4 9
31.600 0.400 D4 9
32.000 0.400 F#4 9
32.800 0.400 D4 9
33.200 0.400 F#4 9
34.000 0.400 D4 9
34.400 0.400 F#4 9
35.200 0.400 D4 9
35.600 0.400 F#4 9
36.400 0.400 D4 9
36.800 0.400 E4 9
37.600 0.400 D4 9
38.000 0.400 E4 9
38.800 0.400 D4 9
39.200 0.400 E4 9
40.000 0.400 C4 9
41.000 0.200 G3 6
41.200 BEGIN_CYCLE
41.200 0.400 F4 6
41.800 0.400 F4 6
42.200 0.200 E4 6
42.600 0.600 E4 6
43.400 0.200 G3 6
43.600 0.400 F4 6
44.200 0.400 F4 6
44.600 0.200 E4 6
45.000 0.400 E4 6
46.000 0.400 C4 9
46.400 0.400 C#4 9
47.200 0.400 C4 9
48.400 0.400 C4 9
48.800 0.400 C#4 9
49.600 0.400 C4 9
50.800 0.400 C4 9
51.200 0.400 C#4 9
52.000 0.400 C4 9
53.200 0.400 C4 9
53.600 0.400 C#4 9
54.400 0.400 C4 9
55.600 0.400 D4 9
56.000 0.400 F#4 9
56.800 0.400 D4 9
57.200 0.400 F#4 9
58.000 0.400 D4 9
58.400 0.400 F#4 9
59.200 0.400 D4 9
59.600 0.400 F#4 9
60.400 0.400 D4 9
60.800 0.400 E4 9
61.600 0.400 D4 9
62.000 0.400 E4 9
62.800 0.400 D4 9
63.200 0.400 E4 9
64.000 0.400 C4 9
65.200 0.400 C4 9
65.600 0.400 C#4 9
66.400 0.400 C4 9
67.600 0.400 C4 9
68.000 0.400 C#4 9
68.800 0.400 C4 9
70.000 0.400 C4 9
70.400 0.400 C#4 9
71.200 0.400 C4 9
72.400 0.400 C4 9
72.800 0.400 C#4 9
73.600 0.400 C4 9
74.800 0.400 D4 9
75.200 0.400 F#4 9
76.000 0.400 D4 9
76.400 0.400 F#4 9
77.200 0.400 D4 9
77.600 0.400 F#4 9
78.400 0.400 D4 9
78.800 0.400 F#4 9
79.600 0.400 D4 9
80.000 0.400 E4 9
80.800 0.400 D4 9
81.200 0.400 E4 9
82.000 0.400 D4 9
82.400 0.400 E4 9
83.200 0.400 C4 9
84.200 0.200 G3 6
84.400 0.400 F4 6
85.000 0.400 F4 6
85.400 0.200 E4 6
85.800 0.600 E4 6
86.600 0.200 G3 6
86.800 0.400 F4 6
87.400 0.400 F4 6
87.800 0.200 E4 6
88.200 0.400 E4 6
89.200 0.400 C4 9
89.600 0.400 C#4 9
90.400 0.400 C4 9
91.600 0.400 C4 9
92.000 0.400 C#4 9
92.800 0.400 C4 9
94.000 0.400 C4 9
94.400 0.400 C#4 9
95.200 0.400 C4 9
96.400 0.400 C4 9
96.800 0.400 C#4 9
97.600 0.400 C4 9
98.800 0.400 D4 9
99.200 0.400 F#4 9
100.000 0.400 D4 9
100.400 0.400 F#4 9
101.200 0.400 D4 9
101.600 0.400 F#4 9
102.400 0.400 D4 9
102.800 0.400 F#4 9
103.600 0.400 D4 9
104.000 0.400 E4 9
104.800 0.400 D4 9
105.200 0.400 E4 9
106.000 0.400 D4 9
106.400 0.400 E4 9
107.200 0.400 C4 9
108.400 0.400 C4 9
108.800 0.400 C#4 9
109.600 0.400 C4 9
110.800 0.400 C4 9
111.200 0.400 C#4 9
112.000 0.400 C4 9
113.200 0.400 C4 9
113.600 0.400 C#4 9
114.400 0.400 C4 9
115.600 0.400 C4 9
116.000 0.400 C#4 9
116.800 0.400 C4 9
118.000 0.400 D4 9
118.400 0.400 F#4 9
119.200 0.400 D4 9
119.600 0.400 F#4 9
120.400 0.400 D4 9
120.800 0.400 F#4 9
121.600 0.400 D4 9
122.000 0.400 F#4 9
122.800 0.400 D4 9
123.200 0.400 E4 9
124.000 0.400 D4 9
124.400 0.400 E4 9
125.200 0.400 D4 9
125.600 0.400 E4 9
126.400 0.400 C4 9
127.400 0.200 G3 6
127.600 END_CYCLE

Triangle(416)
time dur note vol
0.000 0.400 G4 15
0.400 0.400 E5 15
0.800 0.400 F5 15
1.200 0.400 G4 15
1.600 0.400 E5 15
2.000 0.017 D#7 15
2.017 0.017 E6 15
2.033 0.017 D#6 15
2.050 0.017 B6 15
2.400 0.400 G4 15
2.800 0.400 E5 15
3.200 0.400 F5 15
3.600 0.400 G4 15
4.000 0.400 E5 15
4.400 0.017 D#7 15
4.417 0.017 E6 15
4.433 0.017 D#6 15
4.450 0.017 B6 15
4.800 0.400 G4 15
5.200 0.400 E5 15
5.600 0.400 F5 15
6.000 0.400 G4 15
6.400 0.400 E5 15
6.800 0.017 D#7 15
6.817 0.017 E6 15
6.833 0.017 D#6 15
6.850 0.017 B6 15
7.200 0.400 G4 15
7.600 0.400 E5 15
8.000 0.400 F5 15
8.400 0.400 G4 15
8.800 0.400 E5 15
9.200 0.017 D#7 15
9.217 0.017 E6 15
9.233 0.017 D#6 15
9.250 0.017 B6 15
9.600 0.400 G4 15
10.000 0.400 E5 15
10.400 0.400 F5 15
10.800 0.400 G4 15
11.200 0.400 E5 15
11.600 0.017 D#7 15
11.617 0.017 E6 15
11.633 0.017 D#6 15
11.650 0.017 B6 15
12.000 0.400 A4 15
12.400 0.400 F#5 15
12.800 0.400 A5 15
13.200 0.400 A4 15
13.600 0.400 F#5 15
14.000 0.400 A5 15
14.400 0.400 A4 15
14.800 0.400 F#5 15
15.200 0.400 A5 15
15.600 0.400 A4 15
16.000 0.400 F#5 15
16.400 0.400 A5 15
16.800 0.400 A4 15
17.200 0.400 F#5 15
17.600 0.400 G5 15
18.000 0.400 A4 15
18.400 0.400 F#5 15
18.800 0.400 G5 15
19.200 0.400 A4 15
19.600 0.400 F#5 15
20.000 0.400 G5 15
20.400 0.400 G4 15
20.800 0.400 E5 15
21.200 0.017 D#7 15
21.217 0.017 E6 15
21.233 0.017 D#6 15
21.250 0.017 B6 15
21.600 0.400 G4 15
22.000 0.400 E5 15
22.400 0.400 F5 15
22.800 0.400 G4 15
23.200 0.400 E5 15
23.600 0.017 D#7 15
23.617 0.017 E6 15
23.633 0.017 D#6 15
23.650 0.017 B6 15
24.000 0.400 G4 15
24.400 0.400 E5 15
24.800 0.400 F5 15
25.200 0.400 G4 15
25.600 0.400 E5 15
26.000 0.017 D#7 15
26.017 0.017 E6 15
26.033 0.017 D#6 15
26.050 0.017 B6 15
26.400 0.400 G4 15
26.800 0.400 E5 15
27.200 0.400 F5 15
27.600 0.400 G4 15
28.000 0.400 E5 15
28.400 0.017 D#7 15
28.417 0.017 E6 15
28.433 0.017 D#6 15
28.450 0.017 B6 15
28.800 0.400 G4 15
29.200 0.400 E5 15
29.600 0.400 F5 15
30.000 0.400 G4 15
30.400 0.400 E5 15
30.800 0.017 D#7 15
30.817 0.017 E6 15
30.833 0.017 D#6 15
30.850 0.017 B6 15
31.200 0.400 A4 15
31.600 0.400 F#5 15
32.000 0.400 A5 15
32.400 0.400 A4 15
32.800 0.400 F#5 15
33.200 0.400 A5 15
33.600 0.400 A4 15
34.000 0.400 F#5 15
34.400 0.400 A5 15
34.800 0.400 A4 15
35.200 0.400 F#5 15
35.600 0.400 A5 15
36.000 0.400 A4 15
36.400 0.400 F#5 15
36.800 0.400 G5 15
37.200 0.400 A4 15
37.600 0.400 F#5 15
38.000 0.400 G5 15
38.400 0.400 A4 15
38.800 0.400 F#5 15
39.200 0.400 G5 15
39.600 0.400 G4 15
40.000 0.400 E5 15
40.400 0.017 D#7 15
40.417 0.017 E6 15
40.433 0.017 D#6 15
40.450 0.017 B6 15
40.800 0.200 G4 15
41.000 BEGIN_CYCLE
41.000 0.400 F5 15
41.600 0.400 F5 15
42.000 0.200 E5 15
42.400 0.600 E5 15
43.200 0.200 G4 15
43.400 0.400 F5 15
44.000 0.400 F5 15
44.400 0.200 E5 15
44.800 0.400 E5 15
45.200 0.017 D#7 15
45.217 0.017 E6 15
45.233 0.017 D#6 15
45.250 0.017 B6 15
45.600 0.400 G4 15
46.000 0.400 E5 15
46.400 0.400 F5 15
46.800 0.400 G4 15
47.200 0.400 E5 15
47.600 0.017 D#7 15
47.617 0.017 E6 15
47.633 0.017 D#6 15
47.650 0.017 B6 15
48.000 0.400 G4 15
48.400 0.400 E5 15
48.800 0.400 F5 15
49.200 0.400 G4 15
49.600 0.400 E5 15
50.000 0.017 D#7 15
50.017 0.017 E6 15
50.033 0.017 D#6 15
50.050 0.017 B6 15
50.400 0.400 G4 15
50.800 0.400 E5 15
51.200 0.400 F5 15
51.600 0.400 G4 15
52.000 0.400 E5 15
52.400 0.017 D#7 15
52.417 0.017 E6 15
52.433 0.017 D#6 15
52.450 0.017 B6 15
52.800 0.400 G4 15
53.200 0.400 E5 15
53.600 0.400 F5 15
54.000 0.400 G4 15
54.400 0.400 E5 15
54.800 0.017 D#7 15
54.817 0.017 E6 15
54.833 0.017 D#6 15
54.850 0.017 B6 15
55.200 0.400 A4 15
55.600 0.400 F#5 15
56.000 0.400 A5 15
56.400 0.400 A4 15
56.800 0.400 F#5 15
57.200 0.400 A5 15
57.600 0.400 A4 15
58.000 0.400 F#5 15
58.400 0.400 A5 15
58.800 0.400 A4 15
59.200 0.400 F#5 15
59.600 0.400 A5 15
60.000 0.400 A4 15
60.400 0.400 F#5 15
60.800 0.400 G5 15
61.200 0.400 A4 15
61.600 0.400 F#5 15
62.000 0.400 G5 15
62.400 0.400 A4 15
62.800 0.400 F#5 15
63.200 0.400 G5 15
63.600 0.400 G4 15
64.000 0.400 E5 15
64.400 0.017 D#7 15
64.417 0.017 E6 15
64.433 0.017 D#6 15
64.450 0.017 B6 15
64.800 0.400 G4 15
65.200 0.400 E5 15
65.600 0.400 F5 15
66.000 0.400 G4 15
66.400 0.400 E5 15
66.800 0.017 D#7 15
66.817 0.017 E6 15
66.833 0.017 D#6 15
66.850 0.017 B6 15
67.200 0.400 G4 15
67.600 0.400 E5 15
68.000 0.400 F5 15
68.400 0.400 G4 15
68.800 0.400 E5 15
69.200 0.017 D#7 15
69.217 0.017 E6 15
69.233 0.017 D#6 15
69.250 0.017 B6 15
69.600 0.400 G4 15
70.000 0.400 E5 15
70.400 0.400 F5 15
70.800 0.400 G4 15
71.200 0.400 E5 15
71.600 0.017 D#7 15
71.617 0.017 E6 15
71.633 0.017 D#6 15
71.650 0.017 B6 15
72.000 0.400 G4 15
72.400 0.400 E5 15
72.800 0.400 F5 15
73.200 0.400 G4 15
73.600 0.400 E5 15
74.000 0.017 D#7 15
74.017 0.017 E6 15
74.033 0.017 D#6 15
74.050 0.017 B6 15
74.400 0.400 A4 15
74.800 0.400 F#5 15
75.200 0.400 A5 15
75.600 0.400 A4 15
76.000 0.400 F#5 15
76.400 0.400 A5 15
76.800 0.400 A4 15
77.200 0.400 F#5 15
77.600 0.400 A5 15
78.000 0.400 A4 15
78.400 0.400 F#5 15
78.800 0.400 A5 15
79.200 0.400 A4 15
79.600 0.400 F#5 15
80.000 0.400 G5 15
80.400 0.400 A4 15
80.800 0.400 F#5 15
81.200 0.400 G5 15
81.600 0.400 A4 15
82.000 0.400 F#5 15
82.400 0.400 G5 15
82.800 0.400 G4 15
83.200 0.400 E5 15
83.600 0.017 D#7 15
83.617 0.017 E6 15
83.633 0.017 D#6 15
83.650 0.017 B6 15
84.000 0.200 G4 15
84.200 0.400 F5 15
84.800 0.400 F5 15
85.200 0.200 E5 15
85.600 0.600 E5 15
86.400 0.200 G4 15
86.600 0.400 F5 15
87.200 0.400 F5 15
87.600 0.200 E5 15
88.000 0.400 E5 15
88.400 0.017 D#7 15
88.417 0.017 E6 15
88.433 0.017 D#6 15
88.450 0.017 B6 15
88.800 0.400 G4 15
89.200 0.400 E5 15
89.600 0.400 F5 15
90.000 0.400 G4 15
90.400 0.400 E5 15
90.800 0.017 D#7 15
90.817 0.017 E6 15
90.833 0.017 D#6 15
90.850 0.017 B6 15
91.200 0.400 G4 15
91.600 0.400 E5 15
92.000 0.400 F5 15
92.400 0.400 G4 15
92.800 0.400 E5 15
93.200 0.017 D#7 15
93.217 0.017 E6 15
93.233 0.017 D#6 15
93.250 0.017 B6 15
93.600 0.400 G4 15
94.000 0.400 E5 15
94.400 0.400 F5 15
94.800 0.400 G4 15
95.200 0.400 E5 15
95.600 0.017 D#7 15
95.617 0.017 E6 15
95.633 0.017 D#6 15
95.650 0.017 B6 15
96.000 0.400 G4 15
96.400 0.400 E5 15
96.800 0.400 F5 15
97.200 0.400 G4 15
97.600 0.400 E5 15
98.000 0.017 D#7 15
98.017 0.017 E6 15
98.033 0.017 D#6 15
98.050 0.017 B6 15
98.400 0.400 A4 15
98.800 0.400 F#5 15
99.200 0.400 A5 15
99.600 0.400 A4 15
100.000 0.400 F#5 15
100.400 0.400 A5 15
100.800 0.400 A4 15
101.200 0.400 F#5 15
101.600 0.400 A5 15
102.000 0.400 A4 15
102.400 0.400 F#5 15
102.800 0.400 A5 15
103.200 0.400 A4 15
103.600 0.400 F#5 15
104.000 0.400 G5 15
104.400 0.400 A4 15
104.800 0.400 F#5 15
105.200 0.400 G5 15
105.600 0.400 A4 15
106.000 0.400 F#5 15
106.400 0.400 G5 15
106.800 0.400 G4 15
107.200 0.400 E5 15
107.600 0.017 D#7 15
107.617 0.017 E6 15
107.633 0.017 D#6 15
107.650 0.017 B6 15
108.000 0.400 G4 15
108.400 0.400 E5 15
108.800 0.400 F5 15
109.200 0.400 G4 15
109.600 0.400 E5 15
110.000 0.017 D#7 15
110.017 0.017 E6 15
110.033 0.017 D#6 15
110.050 0.017 B6 15
110.400 0.400 G4 15
110.800 0.400 E5 15
111.200 0.400 F5 15
111.600 0.400 G4 15
112.000 0.400 E5 15
112.400 0.017 D#7 15
112.417 0.017 E6 15
112.433 0.017 D#6 15
112.450 0.017 B6 15
112.800 0.400 G4 15
113.200 0.400 E5 15
113.600 0.400 F5 15
114.000 0.400 G4 15
114.400 0.400 E5 15
114.800 0.017 D#7 15
114.817 0.017 E6 15
114.833 0.017 D#6 15
114.850 0.017 B6 15
115.200 0.400 G4 15
115.600 0.400 E5 15
116.000 0.400 F5 15
116.400 0.400 G4 15
116.800 0.400 E5 15
117.200 0.017 D#7 15
117.217 0.017 E6 15
117.233 0.017 D#6 15
117.250 0.017 B6 15
117.600 0.400 A4 15
118.000 0.400 F#5 15
118.400 0.400 A5 15
118.800 0.400 A4 15
119.200 0.400 F#5 15
119.600 0.400 A5 15
120.000 0.400 A4 15
120.400 0.400 F#5 15
120.800 0.400 A5 15
121.200 0.400 A4 15
121.600 0.400 F#5 15
122.000 0.400 A5 15
122.400 0.400 A4 15
122.800 0.400 F#5 15
123.200 0.400 G5 15
123.600 0.400 A4 15
124.000 0.400 F#5 15
124.400 0.400 G5 15
124.800 0.400 A4 15
125.200 0.400 F#5 15
125.600 0.400 G5 15
126.000 0.400 G4 15
126.400 0.400 E5 15
126.800 0.017 D#7 15
126.817 0.017 E6 15
126.833 0.017 D#6 15
126.850 0.017 B6 15
127.200 0.200 G4 15
127.400 END_CYCLE

Noise(979)
time dur noise vol drum
0.000 0.100 0 15 hihat_closed
0.200 0.050 0 9 hihat_closed
0.400 0.050 0 9 hihat_closed
0.600 0.050 0 9 hihat_closed
0.800 0.050 0 9 hihat_closed
1.000 0.050 0 9 hihat_closed
1.200 0.100 3 14 snare_body
1.400 0.033 3 4 snare_body
1.600 0.033 3 6 snare_body
1.800 0.033 3 6 snare_body
2.200 0.100 0 15 hihat_closed
2.400 0.100 0 15 hihat_closed
2.600 0.050 0 9 hihat_closed
2.800 0.050 0 9 hihat_closed
3.000 0.050 0 9 hihat_closed
3.200 0.050 0 9 hihat_closed
3.400 0.050 0 9 hihat_closed
3.600 0.100 3 14 snare_body
3.800 0.033 3 4 snare_body
4.000 0.033 3 6 snare_body
4.200 0.033 3 6 snare_body
4.600 0.100 0 15 hihat_closed
4.800 0.100 0 15 hihat_closed
5.000 0.050 0 9 hihat_closed
5.200 0.050 0 9 hihat_closed
5.400 0.050 0 9 hihat_closed
5.600 0.050 0 9 hihat_closed
5.800 0.050 0 9 hihat_closed
6.000 0.100 3 14 snare_body
6.200 0.033 3 4 snare_body
6.400 0.033 3 6 snare_body
6.600 0.033 3 6 snare_body
7.000 0.100 0 15 hihat_closed
7.200 0.100 0 15 hihat_closed
7.400 0.050 0 9 hihat_closed
7.600 0.050 0 9 hihat_closed
7.800 0.050 0 9 hihat_closed
8.000 0.050 0 9 hihat_closed
8.200 0.050 0 9 hihat_closed
8.400 0.100 3 14 snare_body
8.600 0.033 3 4 snare_body
8.800 0.033 3 6 snare_body
9.000 0.033 3 6 snare_body
9.400 0.100 0 15 hihat_closed
9.600 0.100 0 15 hihat_closed
9.800 0.050 0 9 hihat_closed
10.000 0.050 0 9 hihat_closed
10.200 0.050 0 9 hihat_closed
10.400 0.050 0 9 hihat_closed
10.600 0.050 0 9 hihat_closed
10.800 0.100 3 14 snare_body
11.000 0.033 3 4 snare_body
11.200 0.033 3 6 snare_body
11.400 0.033 3 6 snare_body
11.800 0.100 0 15 hihat_closed
12.000 0.100 0 15 hihat_closed
12.200 0.050 0 9 hihat_closed
12.400 0.050 0 9 hihat_closed
12.600 0.050 0 9 hihat_closed
12.800 0.050 0 9 hihat_closed
13.000 0.050 0 9 hihat_closed
13.200 0.100 3 14 snare_body
13.400 0.033 3 4 snare_body
13.600 0.033 3 6 snare_body
13.800 0.033 3 6 snare_body
14.200 0.100 0 15 hihat_closed
14.400 0.100 0 15 hihat_closed
14.600 0.050 0 9 hihat_closed
14.800 0.050 0 9 hihat_closed
15.000 0.050 0 9 hihat_closed
15.200 0.050 0 9 hihat_closed
15.400 0.050 0 9 hihat_closed
15.600 0.100 3 14 snare_body
15.800 0.033 3 4 snare_body
16.000 0.033 3 6 snare_body
16.200 0.033 3 6 snare_body
16.600 0.100 0 15 hihat_closed
16.800 0.100 0 15 hihat_closed
17.000 0.050 0 9 hihat_closed
17.200 0.050 0 9 hihat_closed
17.400 0.050 0 9 hihat_closed
17.600 0.050 0 9 hihat_closed
17.800 0.050 0 9 hihat_closed
18.000 0.100 3 14 snare_body
18.200 0.033 3 4 snare_body
18.400 0.033 3 6 snare_body
18.600 0.033 3 6 snare_body
19.000 0.100 0 15 hihat_closed
19.200 0.100 0 15 hihat_closed
19.400 0.050 0 9 hihat_closed
19.600 0.050 0 9 hihat_closed
19.800 0.050 0 9 hihat_closed
20.000 0.050 0 9 hihat_closed
20.200 0.050 0 9 hihat_closed
20.400 0.100 3 14 snare_body
20.600 0.033 3 4 snare_body
20.800 0.033 3 6 snare_body
21.000 0.033 3 6 snare_body
21.400 0.100 0 15 hihat_closed
21.600 0.100 0 15 hihat_closed
21.800 0.050 0 9 hihat_closed
22.000 0.050 0 9 hihat_closed
22.200 0.050 0 9 hihat_closed
22.400 0.050 0 9 hihat_closed
22.600 0.050 0 9 hihat_closed
22.800 0.100 3 14 snare_body
23.000 0.033 3 4 snare_body
23.200 0.033 3 6 snare_body
23.400 0.033 3 6 snare_body
23.800 0.100 0 15 hihat_closed
24.000 0.100 0 15 hihat_closed
24.200 0.050 0 9 hihat_closed
24.400 0.050 0 9 hihat_closed
24.600 0.050 0 9 hihat_closed
24.800 0.050 0 9 hihat_closed
25.000 0.050 0 9 hihat_closed
25.200 0.100 3 14 snare_body
25.400 0.033 3 4 snare_body
25.600 0.033 3 6 snare_body
25.800 0.033 3 6 snare_body
26.200 0.100 0 15 hihat_closed
26.400 0.100 0 15 hihat_closed
26.600 0.050 0 9 hihat_closed
26.800 0.050 0 9 hihat_closed
27.000 0.050 0 9 hihat_closed
27.200 0.050 0 9 hihat_closed
27.400 0.050 0 9 hihat_closed
27.600 0.100 3 14 snare_body
27.800 0.033 3 4 snare_body
28.000 0.033 3 6 snare_body
28.200 0.033 3 6 snare_body
28.600 0.100 0 15 hihat_closed
28.800 0.100 0 15 hihat_closed
29.000 0.050 0 9 hihat_closed
29.200 0.050 0 9 hihat_closed
29.400 0.050 0 9 hihat_closed
29.600 0.050 0 9 hihat_closed
29.800 0.050 0 9 hihat_closed
30.000 0.100 3 14 snare_body
30.200 0.033 3 4 snare_body
30.400 0.033 3 6 snare_body
30.600 0.033 3 6 snare_body
31.000 0.100 0 15 hihat_closed
31.200 0.100 0 15 hihat_closed
31.400 0.050 0 9 hihat_closed
31.600 0.050 0 9 hihat_closed
31.800 0.050 0 9 hihat_closed
32.000 0.050 0 9 hihat_closed
32.200 0.050 0 9 hihat_closed
32.400 0.100 3 14 snare_body
32.600 0.033 3 4 snare_body
32.800 0.033 3 6 snare_body
33.000 0.033 3 6 snare_body
33.400 0.100 0 15 hihat_closed
33.600 0.100 0 15 hihat_closed
33.800 0.050 0 9 hihat_closed
34.000 0.050 0 9 hihat_closed
34.200 0.050 0 9 hihat_closed
34.400 0.050 0 9 hihat_closed
34.600 0.050 0 9 hihat_closed
34.800 0.100 3 14 snare_body
35.000 0.033 3 4 snare_body
35.200 0.033 3 6 snare_body
35.400 0.033 3 6 snare_body
35.800 0.100 0 15 hihat_closed
36.000 0.100 0 15 hihat_closed
36.200 0.050 0 9 hihat_closed
36.400 0.050 0 9 hihat_closed
36.600 0.050 0 9 hihat_closed
36.800 0.050 0 9 hihat_closed
37.000 0.050 0 9 hihat_closed
37.200 0.100 3 14 snare_body
37.400 0.033 3 4 snare_body
37.600 0.033 3 6 snare_body
37.800 0.033 3 6 snare_body
38.200 0.100 0 15 hihat_closed
38.400 0.100 0 15 hihat_closed
38.600 0.050 0 9 hihat_closed
38.800 0.050 0 9 hihat_closed
39.000 0.050 0 9 hihat_closed
39.200 0.050 0 9 hihat_closed
39.400 0.050 0 9 hihat_closed
39.600 0.100 3 14 snare_body
39.800 0.033 3 4 snare_body
40.000 0.033 3 6 snare_body
40.200 0.033 3 6 snare_body
40.600 0.100 0 15 hihat_closed
40.800 0.100 0 15 hihat_closed
41.000 0.050 0 9 hihat_closed
41.200 0.050 0 9 hihat_closed
41.400 0.050 0 9 hihat_closed
41.600 0.050 0 9 hihat_closed
41.800 0.050 0 9 hihat_closed
42.000 0.100 3 14 snare_body
42.200 0.033 3 4 snare_body
42.400 0.033 3 6 snare_body
42.600 0.033 3 6 snare_body
43.000 0.100 0 15 hihat_closed
43.200 0.100 0 15 hihat_closed
43.400 0.050 0 9 hihat_closed
43.600 0.050 0 9 hihat_closed
43.800 0.050 0 9 hihat_closed
44.000 0.050 0 9 hihat_closed
44.200 0.050 0 9 hihat_closed
44.400 0.100 3 14 snare_body
44.600 0.033 3 4 snare_body
44.800 0.033 3 6 snare_body
45.000 0.033 3 6 snare_body
45.400 0.100 0 15 hihat_closed
45.600 0.100 0 15 hihat_closed
45.800 0.050 0 9 hihat_closed
46.000 0.050 0 9 hihat_closed
46.200 0.050 0 9 hihat_closed
46.400 0.050 0 9 hihat_closed
46.600 0.050 0 9 hihat_closed
46.800 0.100 3 14 snare_body
47.000 0.033 3 4 snare_body
47.200 0.033 3 6 snare_body
47.400 0.033 3 6 snare_body
47.800 0.100 0 15 hihat_closed
48.000 0.100 0 15 hihat_closed
48.200 0.050 0 9 hihat_closed
48.400 0.050 0 9 hihat_closed
48.600 0.050 0 9 hihat_closed
48.800 0.050 0 9 hihat_closed
49.000 0.050 0 9 hihat_closed
49.200 0.100 3 14 snare_body
49.400 0.033 3 4 snare_body
49.600 0.033 3 6 snare_body
49.800 0.033 3 6 snare_body
50.200 0.100 0 15 hihat_closed
50.400 0.100 0 15 hihat_closed
50.600 0.050 0 9 hihat_closed
50.800 0.050 0 9 hihat_closed
51.000 0.050 0 9 hihat_closed
51.200 0.050 0 9 hihat_closed
51.400 0.050 0 9 hihat_closed
51.600 0.100 3 14 snare_body
51.800 0.033 3 4 snare_body
52.000 0.033 3 6 snare_body
52.200 0.033 3 6 snare_body
52.600 0.100 0 15 hihat_closed
52.800 0.100 0 15 hihat_closed
53.000 0.050 0 9 hihat_closed
53.200 0.050 0 9 hihat_closed
53.400 0.050 0 9 hihat_closed
53.600 0.050 0 9 hihat_closed
53.800 0.050 0 9 hihat_closed
54.000 0.100 3 14 snare_body
54.200 0.033 3 4 snare_body
54.400 0.033 3 6 snare_body
54.600 0.033 3 6 snare_body
55.000 0.100 0 15 hihat_closed
55.200 0.100 0 15 hihat_closed
55.400 0.050 0 9 hihat_closed
55.600 0.050 0 9 hihat_closed
55.800 0.050 0 9 hihat_closed
56.000 0.050 0 9 hihat_closed
56.200 0.050 0 9 hihat_closed
56.400 0.100 3 14 snare_body
56.600 0.033 3 4 snare_body
56.800 0.033 3 6 snare_body
57.000 0.033 3 6 snare_body
57.400 0.100 0 15 hihat_closed
57.600 0.100 0 15 hihat_closed
57.800 0.050 0 9 hihat_closed
58.000 0.050 0 9 hihat_closed
58.200 0.050 0 9 hihat_closed
58.400 0.050 0 9 hihat_closed
58.600 0.050 0 9 hihat_closed
58.800 0.100 3 14 snare_body
59.000 0.033 3 4 snare_body
59.200 0.033 3 6 snare_body
59.400 0.033 3 6 snare_body
59.800 0.100 0 15 hihat_closed
60.000 0.100 0 15 hihat_closed
60.200 0.050 0 9 hihat_closed
60.400 0.050 0 9 hihat_closed
60.600 0.050 0 9 hihat_closed
60.800 0.050 0 9 hihat_closed
61.000 0.050 0 9 hihat_closed
61.200 0.100 3 14 snare_body
61.400 0.033 3 4 snare_body
61.600 0.033 3 6 snare_body
61.800 0.033 3 6 snare_body
62.200 0.100 0 15 hihat_closed
62.400 0.100 0 15 hihat_closed
62.600 0.050 0 9 hihat_closed
62.800 0.050 0 9 hihat_closed
63.000 0.050 0 9 hihat_closed
63.200 0.050 0 9 hihat_closed
63.400 0.050 0 9 hihat_closed
63.600 0.100 3 14 snare_body
63.800 0.033 3 4 snare_body
64.000 0.033 3 6 snare_body
64.200 0.033 3 6 snare_body
64.600 0.100 0 15 hihat_closed
64.800 0.100 0 15 hihat_closed
65.000 0.050 0 9 hihat_closed
65.200 0.050 0 9 hihat_closed
65.400 0.050 0 9 hihat_closed
65.600 0.050 0 9 hihat_closed
65.800 0.050 0 9 hihat_closed
66.000 0.100 3 14 snare_body
66.200 0.033 3 4 snare_body
66.400 0.033 3 6 snare_body
66.600 0.033 3 6 snare_body
67.000 0.100 0 15 hihat_closed
67.200 0.100 0 15 hihat_closed
67.400 0.050 0 9 hihat_closed
67.600 0.050 0 9 hihat_closed
67.800 0.050 0 9 hihat_closed
68.000 0.050 0 9 hihat_closed
68.200 0.050 0 9 hihat_closed
68.400 0.100 3 14 snare_body
68.600 0.033 3 4 snare_body
68.800 0.033 3 6 snare_body
69.000 0.033 3 6 snare_body
69.400 0.100 0 15 hihat_closed
69.600 0.100 0 15 hihat_closed
69.800 0.050 0 9 hihat_closed
70.000 0.050 0 9 hihat_closed
70.200 0.050 0 9 hihat_closed
70.400 0.050 0 9 hihat_closed
70.600 0.050 0 9 hihat_closed
70.800 0.100 3 14 snare_body
71.000 0.033 3 4 snare_body
71.200 0.033 3 6 snare_body
71.400 0.033 3 6 snare_body
71.800 0.100 0 15 hihat_closed
72.000 0.100 0 15 hihat_closed
72.200 0.050 0 9 hihat_closed
72.400 0.050 0 9 hihat_closed
72.600 0.050 0 9 hihat_closed
72.800 0.050 0 9 hihat_closed
73.000 0.050 0 9 hihat_closed
73.200 0.100 3 14 snare_body
73.400 0.033 3 4 snare_body
73.600 0.033 3 6 snare_body
73.800 0.033 3 6 snare_body
74.200 0.100 0 15 hihat_closed
74.400 0.100 0 15 hihat_closed
74.600 0.050 0 9 hihat_closed
74.800 0.050 0 9 hihat_closed
75.000 0.050 0 9 hihat_closed
75.200 0.050 0 9 hihat_closed
75.400 0.050 0 9 hihat_closed
75.600 0.100 3 14 snare_body
75.800 0.033 3 4 snare_body
76.000 0.033 3 6 snare_body
76.200 0.033 3 6 snare_body
76.600 0.100 0 15 hihat_closed
76.800 0.100 0 15 hihat_closed
77.000 0.050 0 9 hihat_closed
77.200 0.050 0 9 hihat_closed
77.400 0.050 0 9 hihat_closed
77.600 0.050 0 9 hihat_closed
77.800 0.050 0 9 hihat_closed
78.000 0.100 3 14 snare_body
78.200 0.033 3 4 snare_body
78.400 0.033 3 6 snare_body
78.600 0.033 3 6 snare_body
79.000 0.100 0 15 hihat_closed
79.200 0.100 0 15 hihat_closed
79.400 0.050 0 9 hihat_closed
79.600 0.050 0 9 hihat_closed
79.800 0.050 0 9 hihat_closed
80.000 0.050 0 9 hihat_closed
80.200 0.050 0 9 hihat_closed
80.400 0.100 3 14 snare_body
80.600 0.033 3 4 snare_body
80.800 0.033 3 6 snare_body
81.000 0.033 3 6 snare_body
81.400 0.100 0 15 hihat_closed
81.600 0.100 0 15 hihat_closed
81.800 0.050 0 9 hihat_closed
82.000 0.050 0 9 hihat_closed
82.200 0.050 0 9 hihat_closed
82.400 0.050 0 9 hihat_closed
82.600 0.050 0 9 hihat_closed
82.800 0.100 3 14 snare_body
83.000 0.033 3 4 snare_body
83.200 0.033 3 6 snare_body
83.400 0.033 3 6 snare_body
83.800 0.100 0 15 hihat_closed
84.000 0.100 0 15 hihat_closed
84.200 0.050 0 9 hihat_closed
84.400 0.050 0 9 hihat_closed
84.600 0.050 0 9 hihat_closed
84.800 0.050 0 9 hihat_closed
85.000 0.050 0 9 hihat_closed
85.200 0.100 3 14 snare_body
85.400 0.033 3 4 snare_body
85.600 0.033 3 6 snare_body
85.800 0.033 3 6 snare_body
86.200 0.100 0 15 hihat_closed
86.400 0.100 0 15 hihat_closed
86.600 0.050 0 9 hihat_closed
86.800 0.050 0 9 hihat_closed
87.000 0.050 0 9 hihat_closed
87.200 0.050 0 9 hihat_closed
87.400 0.050 0 9 hihat_closed
87.600 0.100 3 14 snare_body
87.800 0.033 3 4 snare_body
88.000 0.033 3 6 snare_body
88.200 0.033 3 6 snare_body
88.600 0.100 0 15 hihat_closed
88.800 0.100 0 15 hihat_closed
89.000 0.050 0 9 hihat_closed
89.200 0.050 0 9 hihat_closed
89.400 0.050 0 9 hihat_closed
89.600 0.050 0 9 hihat_closed
89.800 0.050 0 9 hihat_closed
90.000 0.100 3 14 snare_body
90.200 0.033 3 4 snare_body
90.400 0.033 3 6 snare_body
90.600 0.033 3 6 snare_body
91.000 0.100 0 15 hihat_closed
91.200 0.100 0 15 hihat_closed
91.400 0.050 0 9 hihat_closed
91.600 0.050 0 9 hihat_closed
91.800 0.050 0 9 hihat_closed
92.000 0.050 0 9 hihat_closed
92.200 0.050 0 9 hihat_closed
92.400 0.100 3 14 snare_body
92.600 0.033 3 4 snare_body
92.800 0.033 3 6 snare_body
93.000 0.033 3 6 snare_body
93.400 0.100 0 15 hihat_closed
93.600 0.100 0 15 hihat_closed
93.800 0.050 0 9 hihat_closed
94.000 0.050 0 9 hihat_closed
94.200 0.050 0 9 hihat_closed
94.400 0.050 0 9 hihat_closed
94.600 0.050 0 9 hihat_closed
94.800 0.100 3 14 snare_body
95.000 0.033 3 4 snare_body
95.200 0.033 3 6 snare_body
95.400 0.033 3 6 snare_body
95.800 0.100 0 15 hihat_closed
96.000 0.100 0 15 hihat_closed
96.200 0.050 0 9 hihat_closed
96.400 0.050 0 9 hihat_closed
96.600 0.050 0 9 hihat_closed
96.800 0.050 0 9 hihat_closed
97.000 0.050 0 9 hihat_closed
97.200 0.100 3 14 snare_body
97.400 0.033 3 4 snare_body
97.600 0.033 3 6 snare_body
97.800 0.033 3 6 snare_body
98.200 0.100 0 15 hihat_closed
98.400 0.100 0 15 hihat_closed
98.600 0.050 0 9 hihat_closed
98.800 0.050 0 9 hihat_closed
99.000 0.050 0 9 hihat_closed
99.200 0.050 0 9 hihat_closed
99.400 0.050 0 9 hihat_closed
99.600 0.100 3 14 snare_body
99.800 0.033 3 4 snare_body
100.000 0.033 3 6 snare_body
100.200 0.033 3 6 snare_body
100.600 0.100 0 15 hihat_closed
100.800 0.100 0 15 hihat_closed
101.000 0.050 0 9 hihat_closed
101.200 0.050 0 9 hihat_closed
101.400 0.050 0 9 hihat_closed
101.600 0.050 0 9 hihat_closed
101.800 0.050 0 9 hihat_closed
102.000 0.100 3 14 snare_body
102.200 0.033 3 4 snare_body
102.400 0.033 3 6 snare_body
102.600 0.033 3 6 snare_body
103.000 0.100 0 15 hihat_closed
103.200 0.100 0 15 hihat_closed
103.400 0.050 0 9 hihat_closed
103.600 0.050 0 9 hihat_closed
103.800 0.050 0 9 hihat_closed
104.000 0.050 0 9 hihat_closed
104.200 0.050 0 9 hihat_closed
104.400 0.100 3 14 snare_body
104.600 0.033 3 4 snare_body
104.800 0.033 3 6 snare_body
105.000 0.033 3 6 snare_body
105.400 0.100 0 15 hihat_closed
105.600 0.100 0 15 hihat_closed
105.800 0.050 0 9 hihat_closed
106.000 0.050 0 9 hihat_closed
106.200 0.050 0 9 hihat_closed
106.400 0.050 0 9 hihat_closed
106.600 0.050 0 9 hihat_closed
106.800 0.100 3 14 snare_body
107.000 0.033 3 4 snare_body
107.200 0.033 3 6 snare_body
107.400 0.033 3 6 snare_body
107.800 0.100 0 15 hihat_closed
108.000 0.100 0 15 hihat_closed
108.200 0.050 0 9 hihat_closed
108.400 0.050 0 9 hihat_closed
108.600 0.050 0 9 hihat_closed
108.800 0.050 0 9 hihat_closed
109.000 0.050 0 9 hihat_closed
109.200 0.100 3 14 snare_body
109.400 0.033 3 4 snare_body
109.600 0.033 3 6 snare_body
109.800 0.033 3 6 snare_body
110.200 0.100 0 15 hihat_closed
110.400 0.100 0 15 hihat_closed
110.600 0.050 0 9 hihat_closed
110.800 0.050 0 9 hihat_closed
111.000 0.050 0 9 hihat_closed
111.200 0.050 0 9 hihat_closed
111.400 0.050 0 9 hihat_closed
111.600 0.100 3 14 snare_body
111.800 0.033 3 4 snare_body
112.000 0.033 3 6 snare_body
112.200 0.033 3 6 snare_body
112.600 0.100 0 15 hihat_closed
112.800 0.100 0 15 hihat_closed
113.000 0.050 0 9 hihat_closed
113.200 0.050 0 9 hihat_closed
113.400 0.050 0 9 hihat_closed
113.600 0.050 0 9 hihat_closed
113.800 0.050 0 9 hihat_closed
114.000 0.100 3 14 snare_body
114.200 0.033 3 4 snare_body
114.400 0.033 3 6 snare_body
114.600 0.033 3 6 snare_body
115.000 0.100 0 15 hihat_closed
115.200 0.100 0 15 hihat_closed
115.400 0.050 0 9 hihat_closed
115.600 0.050 0 9 hihat_closed
115.800 0.050 0 9 hihat_closed
116.000 0.050 0 9 hihat_closed
116.200 0.050 0 9 hihat_closed
116.400 0.100 3 14 snare_body
116.600 0.033 3 4 snare_body
116.800 0.033 3 6 snare_body
117.000 0.033 3 6 snare_body
117.400 0.100 0 15 hihat_closed
117.600 0.100 0 15 hihat_closed
117.800 0.050 0 9 hihat_closed
118.000 0.050 0 9 hihat_closed
118.200 0.050 0 9 hihat_closed
118.400 0.050 0 9 hihat_closed
118.600 0.050 0 9 hihat_closed
118.800 0.100 3 14 snare_body
119.000 0.033 3 4 snare_body
119.200 0.033 3 6 snare_body
119.400 0.033 3 6 snare_body
119.800 0.100 0 15 hihat_closed
120.000 0.100 0 15 hihat_closed
120.200 0.050 0 9 hihat_closed
120.400 0.050 0 9 hihat_closed
120.600 0.050 0 9 hihat_closed
120.800 0.050 0 9 hihat_closed
121.000 0.050 0 9 hihat_closed
121.200 0.100 3 14 snare_body
121.400 0.033 3 4 snare_body
121.600 0.033 3 6 snare_body
121.800 0.033 3 6 snare_body
122.200 0.100 0 15 hihat_closed
122.400 0.100 0 15 hihat_closed
122.600 0.050 0 9 hihat_closed
122.800 0.050 0 9 hihat_closed
123.000 0.050 0 9 hihat_closed
123.200 0.050 0 9 hihat_closed
123.400 0.050 0 9 hihat_closed
123.600 0.100 3 14 snare_body
123.800 0.033 3 4 snare_body
124.000 0.033 3 6 snare_body
124.200 0.033 3 6 snare_body
124.600 0.100 0 15 hihat_closed
124.800 0.100 0 15 hihat_closed
125.000 0.050 0 9 hihat_closed
125.200 0.050 0 9 hihat_closed
125.400 0.050 0 9 hihat_closed
125.600 0.050 0 9 hihat_closed
125.800 0.050 0 9 hihat_closed
126.000 0.100 3 14 snare_body
126.200 0.033 3 4 snare_body
126.400 0.033 3 6 snare_body
126.600 0.033 3 6 snare_body
127.000 0.100 0 15 hihat_closed
127.200 0.100 0 15 hihat_closed
127.400 0.050 0 9 hihat_closed
127.600 0.050 0 9 hihat_closed
127.800 0.050 0 9 hihat_closed
128.000 0.050 0 9 hihat_closed
128.200 0.050 0 9 hihat_closed
128.400 0.100 3 14 snare_body
128.600 0.033 3 4 snare_body
128.800 0.033 3 6 snare_body
129.000 0.033 3 6 snare_body
129.400 0.100 0 15 hihat_closed
129.600 0.100 0 15 hihat_closed
129.800 0.050 0 9 hihat_closed
130.000 0.050 0 9 hihat_closed
130.200 0.050 0 9 hihat_closed
130.400 0.050 0 9 hihat_closed
130.600 0.050 0 9 hihat_closed
130.800 0.100 3 14 snare_body
131.000 0.033 3 4 snare_body
131.200 0.033 3 6 snare_body
131.400 0.033 3 6 snare_body
131.800 0.100 0 15 hihat_closed
132.000 0.100 0 15 hihat_closed
132.200 0.050 0 9 hihat_closed
132.400 0.050 0 9 hihat_closed
132.600 0.050 0 9 hihat_closed
132.800 0.050 0 9 hihat_closed
133.000 0.050 0 9 hihat_closed
133.200 0.100 3 14 snare_body
133.400 0.033 3 4 snare_body
133.600 0.033 3 6 snare_body
133.800 0.033 3 6 snare_body
134.200 0.100 0 15 hihat_closed
134.400 0.100 0 15 hihat_closed
134.600 0.050 0 9 hihat_closed
134.800 0.050 0 9 hihat_closed
135.000 0.050 0 9 hihat_closed
135.200 0.050 0 9 hihat_closed
135.400 0.050 0 9 hihat_closed
135.600 0.100 3 14 snare_body
135.800 0.033 3 4 snare_body
136.000 0.033 3 6 snare_body
136.200 0.033 3 6 snare_body
136.600 0.100 0 15 hihat_closed
136.800 0.100 0 15 hihat_closed
137.000 0.050 0 9 hihat_closed
137.200 0.050 0 9 hihat_closed
137.400 0.050 0 9 hihat_closed
137.600 0.050 0 9 hihat_closed
137.800 0.050 0 9 hihat_closed
138.000 0.100 3 14 snare_body
138.200 0.033 3 4 snare_body
138.400 0.033 3 6 snare_body
138.600 0.033 3 6 snare_body
139.000 0.100 0 15 hihat_closed
139.200 0.100 0 15 hihat_closed
139.400 0.050 0 9 hihat_closed
139.600 0.050 0 9 hihat_closed
139.800 0.050 0 9 hihat_closed
140.000 0.050 0 9 hihat_closed
140.200 0.050 0 9 hihat_closed
140.400 0.100 3 14 snare_body
140.600 0.033 3 4 snare_body
140.800 0.033 3 6 snare_body
141.000 0.033 3 6 snare_body
141.400 0.100 0 15 hihat_closed
141.600 0.100 0 15 hihat_closed
141.800 0.050 0 9 hihat_closed
142.000 0.050 0 9 hihat_closed
142.200 0.050 0 9 hihat_closed
142.400 0.050 0 9 hihat_closed
142.600 0.050 0 9 hihat_closed
142.800 0.100 3 14 snare_body
143.000 0.033 3 4 snare_body
143.200 0.033 3 6 snare_body
143.400 0.033 3 6 snare_body
143.800 0.100 0 15 hihat_closed
144.000 0.100 0 15 hihat_closed
144.200 0.050 0 9 hihat_closed
144.400 0.050 0 9 hihat_closed
144.600 0.050 0 9 hihat_closed
144.800 0.050 0 9 hihat_closed
145.000 0.050 0 9 hihat_closed
145.200 0.100 3 14 snare_body
145.400 0.033 3 4 snare_body
145.600 0.033 3 6 snare_body
145.800 0.033 3 6 snare_body
146.200 0.100 0 15 hihat_closed
146.400 0.100 0 15 hihat_closed
146.600 0.050 0 9 hihat_closed
146.800 0.050 0 9 hihat_closed
147.000 0.050 0 9 hihat_closed
147.200 0.050 0 9 hihat_closed
147.400 0.050 0 9 hihat_closed
147.600 0.100 3 14 snare_body
147.800 0.033 3 4 snare_body
148.000 0.033 3 6 snare_body
148.200 0.033 3 6 snare_body
148.600 0.100 0 15 hihat_closed
148.800 0.100 0 15 hihat_closed
149.000 0.050 0 9 hihat_closed
149.200 0.050 0 9 hihat_closed
149.400 0.050 0 9 hihat_closed
149.600 0.050 0 9 hihat_closed
149.800 0.050 0 9 hihat_closed
150.000 0.100 3 14 snare_body
150.200 0.033 3 4 snare_body
150.400 0.033 3 6 snare_body
150.600 0.033 3 6 snare_body
151.000 0.100 0 15 hihat_closed
151.200 0.100 0 15 hihat_closed
151.400 0.050 0 9 hihat_closed
151.600 0.050 0 9 hihat_closed
151.800 0.050 0 9 hihat_closed
152.000 0.050 0 9 hihat_closed
152.200 0.050 0 9 hihat_closed
152.400 0.100 3 14 snare_body
152.600 0.033 3 4 snare_body
152.800 0.033 3 6 snare_body
153.000 0.033 3 6 snare_body
153.400 0.100 0 15 hihat_closed
153.600 0.100 0 15 hihat_closed
153.800 0.050 0 9 hihat_closed
154.000 0.050 0 9 hihat_closed
154.200 0.050 0 9 hihat_closed
154.400 0.050 0 9 hihat_closed
154.600 0.050 0 9 hihat_closed
154.800 0.100 3 14 snare_body
155.000 0.033 3 4 snare_body
155.200 0.033 3 6 snare_body
155.400 0.033 3 6 snare_body
155.800 0.100 0 15 hihat_closed
156.000 0.100 0 15 hihat_closed
156.200 0.050 0 9 hihat_closed
156.400 0.050 0 9 hihat_closed
156.600 0.050 0 9 hihat_closed
156.800 0.050 0 9 hihat_closed
157.000 0.050 0 9 hihat_closed
157.200 0.100 3 14 snare_body
157.400 0.033 3 4 snare_body
157.600 0.033 3 6 snare_body
157.800 0.033 3 6 snare_body
158.200 0.100 0 15 hihat_closed
158.400 0.100 0 15 hihat_closed
158.600 0.050 0 9 hihat_closed
158.800 0.050 0 9 hihat_closed
159.000 0.050 0 9 hihat_closed
159.200 0.050 0 9 hihat_closed
159.400 0.050 0 9 hihat_closed
159.600 0.100 3 14 snare_body
159.800 0.033 3 4 snare_body
160.000 0.033 3 6 snare_body
160.200 0.033 3 6 snare_body
160.600 0.100 0 15 hihat_closed
160.800 0.100 0 15 hihat_closed
161.000 0.050 0 9 hihat_closed
161.200 0.050 0 9 hihat_closed
161.400 0.050 0 9 hihat_closed
161.600 0.050 0 9 hihat_closed
161.800 0.050 0 9 hihat_closed
162.000 0.100 3 14 snare_body
162.200 0.033 3 4 snare_body
162.400 0.033 3 6 snare_body
162.600 0.033 3 6 snare_body
163.000 0.100 0 15 hihat_closed
163.200 0.100 0 15 hihat_closed
163.400 0.050 0 9 hihat_closed
163.600 0.050 0 9 hihat_closed
163.800 0.050 0 9 hihat_closed
164.000 0.050 0 9 hihat_closed
164.200 0.050 0 9 hihat_closed
164.400 0.100 3 14 snare_body
164.600 0.033 3 4 snare_body
164.800 0.033 3 6 snare_body
165.000 0.033 3 6 snare_body
165.400 0.100 0 15 hihat_closed
165.600 0.100 0 15 hihat_closed
165.800 0.050 0 9 hihat_closed
166.000 0.050 0 9 hihat_closed
166.200 0.050 0 9 hihat_closed
166.400 0.050 0 9 hihat_closed
166.600 0.050 0 9 hihat_closed
166.800 0.100 3 14 snare_body
167.000 0.033 3 4 snare_body
167.200 0.033 3 6 snare_body
167.400 0.033 3 6 snare_body
167.800 0.100 0 15 hihat_closed
168.000 0.100 0 15 hihat_closed
168.200 0.050 0 9 hihat_closed
168.400 0.050 0 9 hihat_closed
168.600 0.050 0 9 hihat_closed
168.800 0.050 0 9 hihat_closed
169.000 0.050 0 9 hihat_closed
169.200 0.100 3 14 snare_body
169.400 0.033 3 4 snare_body
169.600 0.033 3 6 snare_body
169.800 0.033 3 6 snare_body
170.200 0.100 0 15 hihat_closed
170.400 0.100 0 15 hihat_closed
170.600 0.050 0 9 hihat_closed
170.800 0.050 0 9 hihat_closed
171.000 0.050 0 9 hihat_closed
171.200 0.050 0 9 hihat_closed
171.400 0.050 0 9 hihat_closed
171.600 0.100 3 14 snare_body
171.800 0.033 3 4 snare_body
172.000 0.033 3 6 snare_body
172.200 0.033 3 6 snare_body
172.600 0.100 0 15 hihat_closed
172.800 0.100 0 15 hihat_closed
173.000 0.050 0 9 hihat_closed
173.200 0.050 0 9 hihat_closed
173.400 0.050 0 9 hihat_closed
173.600 0.050 0 9 hihat_closed
173.800 0.050 0 9 hihat_closed
174.000 0.100 3 14 snare_body
174.200 0.033 3 4 snare_body
174.400 0.033 3 6 snare_body
174.600 0.033 3 6 snare_body
175.000 0.100 0 15 hihat_closed
175.200 0.100 0 15 hihat_closed
175.400 0.050 0 9 hihat_closed
175.600 0.050 0 9 hihat_closed
175.800 0.050 0 9 hihat_closed
176.000 0.050 0 9 hihat_closed
176.200 0.050 0 9 hihat_closed
176.400 0.100 3 14 snare_body
176.600 0.033 3 4 snare_body
176.800 0.033 3 6 snare_body
177.000 0.033 3 6 snare_body
177.400 0.100 0 15 hihat_closed
177.600 0.100 0 15 hihat_closed
177.800 0.050 0 9 hihat_closed
178.000 0.050 0 9 hihat_closed
178.200 0.050 0 9 hihat_closed
178.400 0.050 0 9 hihat_closed
178.600 0.050 0 9 hihat_closed
178.800 0.100 3 14 snare_body
179.000 0.033 3 4 snare_body
179.200 0.033 3 6 snare_body
179.400 0.033 3 6 snare_body
179.800 0.100 0 15 hihat_closed
180.000 0.100 0 15 hihat_closed
180.200 0.050 0 9 hihat_closed
180.400 0.050 0 9 hihat_closed
180.600 0.050 0 9 hihat_closed
180.800 0.050 0 9 hihat_closed
181.000 0.050 0 9 hihat_closed
181.200 0.100 3 14 snare_body
181.400 0.033 3 4 snare_body
181.600 0.033 3 6 snare_body
181.800 0.033 3 6 snare_body
182.200 0.100 0 15 hihat_closed
182.400 0.100 0 15 hihat_closed
182.600 0.050 0 9 hihat_closed
182.800 0.050 0 9 hihat_closed
183.000 0.050 0 9 hihat_closed
183.200 0.050 0 9 hihat_closed
183.400 0.050 0 9 hihat_closed
183.600 0.100 3 14 snare_body
183.800 0.033 3 4 snare_body
184.000 0.033 3 6 snare_body
184.200 0.033 3 6 snare_body
184.600 0.100 0 15 hihat_closed
184.800 BEGIN_CYCLE
184.800 0.100 0 15 hihat_closed
185.000 0.050 0 9 hihat_closed
185.200 0.050 0 9 hihat_closed
185.400 0.050 0 9 hihat_closed
185.600 0.050 0 9 hihat_closed
185.800 0.050 0 9 hihat_closed
186.000 0.100 3 14 snare_body
186.200 0.033 3 4 snare_body
186.400 0.033 3 6 snare_body
186.600 0.033 3 6 snare_body
187.000 0.100 0 15 hihat_closed
187.200 0.100 0 15 hihat_closed
187.400 0.050 0 9 hihat_closed
187.600 0.050 0 9 hihat_closed
187.800 0.050 0 9 hihat_closed
188.000 0.050 0 9 hihat_closed
188.200 0.050 0 9 hihat_closed
188.400 0.100 3 14 snare_body
188.600 0.033 3 4 snare_body
188.800 0.033 3 6 snare_body
189.000 0.033 3 6 snare_body
189.400 0.100 0 15 hihat_closed
189.600 0.100 0 15 hihat_closed
189.800 0.050 0 9 hihat_closed
190.000 0.050 0 9 hihat_closed
190.200 0.050 0 9 hihat_closed
190.400 0.050 0 9 hihat_closed
190.600 0.050 0 9 hihat_closed
190.800 0.100 3 14 snare_body
191.000 0.033 3 4 snare_body
191.200 0.033 3 6 snare_body
191.400 0.033 3 6 snare_body
191.800 0.100 0 15 hihat_closed
192.000 0.100 0 15 hihat_closed
192.200 0.050 0 9 hihat_closed
192.400 0.050 0 9 hihat_closed
192.600 0.050 0 9 hihat_closed
192.800 0.050 0 9 hihat_closed
193.000 0.050 0 9 hihat_closed
193.200 0.100 3 14 snare_body
193.400 0.033 3 4 snare_body
193.600 0.033 3 6 snare_body
193.800 0.033 3 6 snare_body
194.200 0.100 0 15 hihat_closed
194.400 0.100 0 15 hihat_closed
194.600 0.050 0 9 hihat_closed
194.800 0.050 0 9 hihat_closed
195.000 0.050 0 9 hihat_closed
195.200 0.050 0 9 hihat_closed
195.400 0.050 0 9 hihat_closed
195.600 0.100 3 14 snare_body
195.800 0.033 3 4 snare_body
196.000 0.033 3 6 snare_body
196.200 0.033 3 6 snare_body
196.600 0.100 0 15 hihat_closed
196.800 0.100 0 15 hihat_closed
197.000 0.050 0 9 hihat_closed
197.200 0.050 0 9 hihat_closed
197.400 0.050 0 9 hihat_closed
197.600 0.050 0 9 hihat_closed
197.800 0.050 0 9 hihat_closed
198.000 0.100 3 14 snare_body
198.200 0.033 3 4 snare_body
198.400 0.033 3 6 snare_body
198.600 0.033 3 6 snare_body
199.000 0.100 0 15 hihat_closed
199.200 0.100 0 15 hihat_closed
199.400 0.050 0 9 hihat_closed
199.600 0.050 0 9 hihat_closed
199.800 0.050 0 9 hihat_closed
200.000 0.050 0 9 hihat_closed
200.200 0.050 0 9 hihat_closed
200.400 0.100 3 14 snare_body
200.600 0.033 3 4 snare_body
200.800 0.033 3 6 snare_body
201.000 0.033 3 6 snare_body
201.400 0.100 0 15 hihat_closed
201.600 0.100 0 15 hihat_closed
201.800 0.050 0 9 hihat_closed
202.000 0.050 0 9 hihat_closed
202.200 0.050 0 9 hihat_closed
202.400 0.050 0 9 hihat_closed
202.600 0.050 0 9 hihat_closed
202.800 0.100 3 14 snare_body
203.000 0.033 3 4 snare_body
203.200 0.033 3 6 snare_body
203.400 0.033 3 6 snare_body
203.800 0.100 0 15 hihat_closed
204.000 0.100 0 15 hihat_closed
204.200 0.050 0 9 hihat_closed
204.400 0.050 0 9 hihat_closed
204.600 0.050 0 9 hihat_closed
204.800 0.050 0 9 hihat_closed
205.000 0.050 0 9 hihat_closed
205.200 0.100 3 14 snare_body
205.400 0.033 3 4 snare_body
205.600 0.033 3 6 snare_body
205.800 0.033 3 6 snare_body
206.200 0.100 0 15 hihat_closed
206.400 0.100 0 15 hihat_closed
206.600 0.050 0 9 hihat_closed
206.800 0.050 0 9 hihat_closed
207.000 0.050 0 9 hihat_closed
207.200 0.050 0 9 hihat_closed
207.400 0.050 0 9 hihat_closed
207.600 0.100 3 14 snare_body
207.800 0.033 3 4 snare_body
208.000 0.033 3 6 snare_body
208.200 0.033 3 6 snare_body
208.600 0.100 0 15 hihat_closed
208.800 0.100 0 15 hihat_closed
209.000 0.050 0 9 hihat_closed
209.200 0.050 0 9 hihat_closed
209.400 0.050 0 9 hihat_closed
209.600 0.050 0 9 hihat_closed
209.800 0.050 0 9 hihat_closed
210.000 0.100 3 14 snare_body
210.200 0.033 3 4 snare_body
210.400 0.033 3 6 snare_body
210.600 0.033 3 6 snare_body
211.000 0.100 0 15 hihat_closed
211.200 0.100 0 15 hihat_closed
211.400 0.050 0 9 hihat_closed
211.600 0.050 0 9 hihat_closed
211.800 0.050 0 9 hihat_closed
212.000 0.050 0 9 hihat_closed
212.200 0.050 0 9 hihat_closed
212.400 0.100 3 14 snare_body
212.600 0.033 3 4 snare_body
212.800 0.033 3 6 snare_body
213.000 0.033 3 6 snare_body
213.400 0.100 0 15 hihat_closed
213.600 END_CYCLE
