ducktales2.nsf track=16 framerate=60

Square1(501)
time dur note vol
0.600 0.600 C5 11
1.200 0.500 A4 11
1.700 0.200 G4 11
2.000 0.400 C5 11
2.400 0.200 A4 11
2.700 0.200 G4 11
3.000 0.100 C5 11
3.300 0.200 D5 11
3.600 0.400 E5 11
4.100 0.200 C5 11
4.400 0.100 G4 11
4.500 0.200 A4 11
4.700 0.200 C5 11
5.000 0.100 G4 11
5.100 0.200 A4 11
5.300 0.100 C5 11
5.400 0.200 D5 11
5.700 0.200 D5 11
6.000 0.200 D5 11
6.200 0.200 E5 11
6.500 0.200 C5 11
6.800 0.100 G4 11
6.900 0.200 A4 11
7.100 0.200 C5 11
7.400 0.100 G4 11
7.500 0.200 A4 11
7.700 0.100 C5 11
7.800 0.200 D5 11
8.100 0.200 D5 11
8.400 0.200 D5 11
8.600 0.200 E5 11
8.900 0.200 G5 11
9.200 0.100 G4 11
9.300 0.200 A4 11
9.500 0.200 C5 11
9.800 0.100 C5 11
9.900 0.200 D5 11
10.100 0.100 E5 11
10.200 0.500 D5 11
10.800 0.500 C5 11
11.300 0.200 E5 11
11.600 0.100 G4 11
11.700 0.200 A4 11
11.900 0.200 C5 11
12.200 0.100 G4 11
12.300 0.200 A4 11
12.500 0.100 C5 11
12.600 0.100 D5 11
12.900 0.200 D5 11
13.200 0.200 D5 11
13.400 0.200 E5 11
13.700 0.200 C5 11
14.000 0.100 G4 11
14.100 0.200 A4 11
14.300 0.200 C5 11
14.600 0.100 G4 11
14.700 0.200 A4 11
14.900 0.100 C5 11
15.000 0.100 D5 11
15.300 0.100 D5 11
15.600 0.300 D5 11
15.900 0.200 C5 11
16.100 0.200 E5 11
16.400 0.100 G4 11
16.500 0.200 A4 11
16.700 0.200 C5 11
17.000 0.100 G4 11
17.100 0.200 A4 11
17.300 0.100 C5 11
17.400 0.200 E5 11
17.700 0.200 E5 11
18.000 0.200 E5 11
18.200 0.200 F5 11
18.500 0.200 D5 11
18.800 0.100 G4 11
18.900 0.200 A4 11
19.100 0.200 C5 11
19.400 0.100 G4 11
19.500 0.200 A4 11
19.700 0.100 C5 11
19.800 0.100 E5 11
20.100 0.100 C5 11
20.400 0.200 D5 11
20.700 0.200 C5 11
21.000 0.100 E5 11
21.300 0.100 C5 11
21.600 0.200 D5 11
21.900 0.200 G5 11
22.200 0.100 E5 11
22.500 0.100 E5 11
22.800 0.100 E5 11
23.100 0.100 D5 11
23.400 0.200 E5 11
23.600 0.100 D5 11
23.900 0.900 C5 11
24.800 0.100 G4 11
24.900 0.200 A4 11
25.100 0.200 C5 11
25.400 0.100 G4 11
25.500 0.200 A4 11
25.700 0.200 C5 11
26.000 0.100 G4 11
26.100 0.100 A4 11
26.300 0.100 C5 11
26.600 0.100 G4 11
26.700 0.200 A4 11
26.900 0.100 C5 11
27.000 0.100 E5 11
27.300 0.100 E5 11
27.600 0.100 E5 11
27.900 0.100 E5 11
28.200 0.600 G5 11
28.800 0.200 A5 11
29.100 0.200 G5 11
29.400 0.600 C5 11
30.000 0.500 A4 11
30.500 0.200 G4 11
30.800 0.400 C5 11
31.200 0.200 A4 11
31.500 0.200 G4 11
31.800 0.100 C5 11
32.100 0.200 D5 11
32.400 0.400 E5 11
32.900 0.200 C5 11
33.200 0.100 G4 11
33.300 0.200 A4 11
33.500 0.200 C5 11
33.800 0.100 G4 11
33.900 0.200 A4 11
34.100 0.100 C5 11
34.200 0.200 D5 11
34.500 0.200 D5 11
34.800 0.200 D5 11
35.000 0.200 E5 11
35.300 0.200 C5 11
35.600 0.100 G4 11
35.700 0.200 A4 11
35.900 0.200 C5 11
36.200 0.100 G4 11
36.300 0.200 A4 11
36.500 0.100 C5 11
36.600 0.200 D5 11
36.900 0.200 D5 11
37.200 0.200 D5 11
37.400 0.200 E5 11
37.700 0.200 G5 11
38.000 0.100 G4 11
38.100 0.200 A4 11
38.300 0.200 C5 11
38.600 0.100 C5 11
38.700 0.200 D5 11
38.900 0.100 E5 11
39.000 0.500 D5 11
39.600 0.500 C5 11
40.100 0.200 E5 11
40.400 0.100 G4 11
40.500 0.200 A4 11
40.700 0.200 C5 11
41.000 0.100 G4 11
41.100 0.200 A4 11
41.300 0.100 C5 11
41.400 0.100 D5 11
41.700 0.200 D5 11
42.000 0.200 D5 11
42.200 0.200 E5 11
42.500 0.200 C5 11
42.800 0.100 G4 11
42.900 0.200 A4 11
43.100 0.200 C5 11
43.400 0.100 G4 11
43.500 0.200 A4 11
43.700 0.100 C5 11
43.800 0.100 D5 11
44.100 0.100 D5 11
44.400 0.300 D5 11
44.700 0.200 C5 11
44.900 0.200 E5 11
45.200 0.100 G4 11
45.300 0.200 A4 11
45.500 0.200 C5 11
45.800 0.100 G4 11
45.900 0.200 A4 11
46.100 0.100 C5 11
46.200 0.200 E5 11
46.500 0.200 E5 11
46.800 0.200 E5 11
47.000 0.200 F5 11
47.300 0.200 D5 11
47.600 0.100 G4 11
47.700 0.200 A4 11
47.900 0.200 C5 11
48.200 0.100 G4 11
48.300 0.200 A4 11
48.500 0.100 C5 11
48.600 0.100 E5 11
48.900 0.100 C5 11
49.200 0.200 D5 11
49.500 0.200 C5 11
49.800 0.100 E5 11
50.100 0.100 C5 11
50.400 0.200 D5 11
50.700 0.200 G5 11
51.000 0.100 E5 11
51.300 0.100 E5 11
51.600 0.100 E5 11
51.900 0.100 D5 11
52.200 0.200 E5 11
52.400 0.100 D5 11
52.700 0.900 C5 11
53.600 0.100 G4 11
53.700 0.200 A4 11
53.900 0.200 C5 11
54.200 0.100 G4 11
54.300 0.200 A4 11
54.500 0.200 C5 11
54.800 0.100 G4 11
54.900 0.100 A4 11
55.100 0.100 C5 11
55.400 0.100 G4 11
55.500 0.200 A4 11
55.700 0.100 C5 11
55.800 0.100 E5 11
56.100 0.100 E5 11
56.400 0.100 E5 11
56.700 0.100 E5 11
57.000 0.600 G5 11
57.600 0.200 A5 11
57.900 0.200 G5 11
58.200 0.600 C5 11
58.800 0.500 A4 11
59.300 0.200 G4 11
59.600 0.400 C5 11
60.000 0.200 A4 11
60.300 0.200 G4 11
60.600 0.100 C5 11
60.900 0.200 D5 11
61.200 0.400 E5 11
61.700 0.200 C5 11
62.000 0.100 G4 11
62.100 0.200 A4 11
62.300 0.200 C5 11
62.600 0.100 G4 11
62.700 0.200 A4 11
62.900 0.100 C5 11
63.000 0.200 D5 11
63.300 0.200 D5 11
63.600 0.200 D5 11
63.800 0.200 E5 11
64.100 0.200 C5 11
64.400 0.100 G4 11
64.500 0.200 A4 11
64.700 0.200 C5 11
65.000 0.100 G4 11
65.100 0.200 A4 11
65.300 0.100 C5 11
65.400 0.200 D5 11
65.700 0.200 D5 11
66.000 0.200 D5 11
66.200 0.200 E5 11
66.500 0.200 G5 11
66.800 0.100 G4 11
66.900 0.200 A4 11
67.100 0.200 C5 11
67.400 0.100 C5 11
67.500 0.200 D5 11
67.700 0.100 E5 11
67.800 0.500 D5 11
68.400 0.500 C5 11
68.900 0.200 E5 11
69.200 0.100 G4 11
69.300 0.200 A4 11
69.500 0.200 C5 11
69.800 0.100 G4 11
69.900 BEGIN_CYCLE
69.900 0.200 A4 11
70.100 0.100 C5 11
70.200 0.100 D5 11
70.500 0.200 D5 11
70.800 0.200 D5 11
71.000 0.200 E5 11
71.300 0.200 C5 11
71.600 0.100 G4 11
71.700 0.200 A4 11
71.900 0.200 C5 11
72.200 0.100 G4 11
72.300 0.200 A4 11
72.500 0.100 C5 11
72.600 0.100 D5 11
72.900 0.100 D5 11
73.200 0.300 D5 11
73.500 0.200 C5 11
73.700 0.200 E5 11
74.000 0.100 G4 11
74.100 0.200 A4 11
74.300 0.200 C5 11
74.600 0.100 G4 11
74.700 0.200 A4 11
74.900 0.100 C5 11
75.000 0.200 E5 11
75.300 0.200 E5 11
75.600 0.200 E5 11
75.800 0.200 F5 11
76.100 0.200 D5 11
76.400 0.100 G4 11
76.500 0.200 A4 11
76.700 0.200 C5 11
77.000 0.100 G4 11
77.100 0.200 A4 11
77.300 0.100 C5 11
77.400 0.100 E5 11
77.700 0.100 C5 11
78.000 0.200 D5 11
78.300 0.200 C5 11
78.600 0.100 E5 11
78.900 0.100 C5 11
79.200 0.200 D5 11
79.500 0.200 G5 11
79.800 0.100 E5 11
80.100 0.100 E5 11
80.400 0.100 E5 11
80.700 0.100 D5 11
81.000 0.200 E5 11
81.200 0.100 D5 11
81.500 0.900 C5 11
82.400 0.100 G4 11
82.500 0.200 A4 11
82.700 0.200 C5 11
83.000 0.100 G4 11
83.100 0.200 A4 11
83.300 0.200 C5 11
83.600 0.100 G4 11
83.700 0.100 A4 11
83.900 0.100 C5 11
84.200 0.100 G4 11
84.300 0.200 A4 11
84.500 0.100 C5 11
84.600 0.100 E5 11
84.900 0.100 E5 11
85.200 0.100 E5 11
85.500 0.100 E5 11
85.800 0.600 G5 11
86.400 0.200 A5 11
86.700 0.200 G5 11
87.000 0.600 C5 11
87.600 0.500 A4 11
88.100 0.200 G4 11
88.400 0.400 C5 11
88.800 0.200 A4 11
89.100 0.200 G4 11
89.400 0.100 C5 11
89.700 0.200 D5 11
90.000 0.400 E5 11
90.500 0.200 C5 11
90.800 0.100 G4 11
90.900 0.200 A4 11
91.100 0.200 C5 11
91.400 0.100 G4 11
91.500 0.200 A4 11
91.700 0.100 C5 11
91.800 0.200 D5 11
92.100 0.200 D5 11
92.400 0.200 D5 11
92.600 0.200 E5 11
92.900 0.200 C5 11
93.200 0.100 G4 11
93.300 0.200 A4 11
93.500 0.200 C5 11
93.800 0.100 G4 11
93.900 0.200 A4 11
94.100 0.100 C5 11
94.200 0.200 D5 11
94.500 0.200 D5 11
94.800 0.200 D5 11
95.000 0.200 E5 11
95.300 0.200 G5 11
95.600 0.100 G4 11
95.700 0.200 A4 11
95.900 0.200 C5 11
96.200 0.100 C5 11
96.300 0.200 D5 11
96.500 0.100 E5 11
96.600 0.500 D5 11
97.200 0.500 C5 11
97.700 0.200 E5 11
98.000 0.100 G4 11
98.100 0.200 A4 11
98.300 0.200 C5 11
98.600 0.100 G4 11
98.700 0.200 A4 11
98.900 0.100 C5 11
99.000 0.100 D5 11
99.300 0.200 D5 11
99.600 0.200 D5 11
99.800 0.200 E5 11
100.100 0.200 C5 11
100.400 0.100 G4 11
100.500 0.200 A4 11
100.700 0.200 C5 11
101.000 0.100 G4 11
101.100 0.200 A4 11
101.300 0.100 C5 11
101.400 0.100 D5 11
101.700 0.100 D5 11
102.000 0.300 D5 11
102.300 0.200 C5 11
102.500 0.200 E5 11
102.800 0.100 G4 11
102.900 0.200 A4 11
103.100 0.200 C5 11
103.400 0.100 G4 11
103.500 0.200 A4 11
103.700 0.100 C5 11
103.800 0.200 E5 11
104.100 0.200 E5 11
104.400 0.200 E5 11
104.600 0.200 F5 11
104.900 0.200 D5 11
105.200 0.100 G4 11
105.300 0.200 A4 11
105.500 0.200 C5 11
105.800 0.100 G4 11
105.900 0.200 A4 11
106.100 0.100 C5 11
106.200 0.100 E5 11
106.500 0.100 C5 11
106.800 0.200 D5 11
107.100 0.200 C5 11
107.400 0.100 E5 11
107.700 0.100 C5 11
108.000 0.200 D5 11
108.300 0.200 G5 11
108.600 0.100 E5 11
108.900 0.100 E5 11
109.200 0.100 E5 11
109.500 0.100 D5 11
109.800 0.200 E5 11
110.000 0.100 D5 11
110.300 0.900 C5 11
111.200 0.100 G4 11
111.300 0.200 A4 11
111.500 0.200 C5 11
111.800 0.100 G4 11
111.900 0.200 A4 11
112.100 0.200 C5 11
112.400 0.100 G4 11
112.500 0.100 A4 11
112.700 0.100 C5 11
113.000 0.100 G4 11
113.100 0.200 A4 11
113.300 0.100 C5 11
113.400 0.100 E5 11
113.700 0.100 E5 11
114.000 0.100 E5 11
114.300 0.100 E5 11
114.600 0.600 G5 11
115.200 0.200 A5 11
115.500 0.200 G5 11
115.800 0.600 C5 11
116.400 0.500 A4 11
116.900 0.200 G4 11
117.200 0.400 C5 11
117.600 0.200 A4 11
117.900 0.200 G4 11
118.200 0.100 C5 11
118.500 0.200 D5 11
118.800 0.400 E5 11
119.300 0.200 C5 11
119.600 0.100 G4 11
119.700 0.200 A4 11
119.900 0.200 C5 11
120.200 0.100 G4 11
120.300 0.200 A4 11
120.500 0.100 C5 11
120.600 0.200 D5 11
120.900 0.200 D5 11
121.200 0.200 D5 11
121.400 0.200 E5 11
121.700 0.200 C5 11
122.000 0.100 G4 11
122.100 0.200 A4 11
122.300 0.200 C5 11
122.600 0.100 G4 11
122.700 0.200 A4 11
122.900 0.100 C5 11
123.000 0.200 D5 11
123.300 0.200 D5 11
123.600 0.200 D5 11
123.800 0.200 E5 11
124.100 0.200 G5 11
124.400 0.100 G4 11
124.500 0.200 A4 11
124.700 0.200 C5 11
125.000 0.100 C5 11
125.100 0.200 D5 11
125.300 0.100 E5 11
125.400 0.500 D5 11
126.000 0.500 C5 11
126.500 0.200 E5 11
126.800 0.100 G4 11
126.900 0.200 A4 11
127.100 0.200 C5 11
127.400 0.100 G4 11
127.500 END_CYCLE

Square2(500)
time dur note vol
0.800 0.600 C5 6
1.400 0.500 A4 6
1.900 0.200 G4 6
2.200 0.400 C5 6
2.600 0.200 A4 6
2.900 0.200 G4 6
3.200 0.100 C5 6
3.500 0.200 D5 6
3.800 0.400 E5 6
4.300 0.200 C5 6
4.600 0.100 G4 6
4.700 0.200 A4 6
4.900 0.200 C5 6
5.200 0.100 G4 6
5.300 0.200 A4 6
5.500 0.100 C5 6
5.600 0.200 D5 6
5.900 0.200 D5 6
6.200 0.200 D5 6
6.400 0.200 E5 6
6.700 0.200 C5 6
7.000 0.100 G4 6
7.100 0.200 A4 6
7.300 0.200 C5 6
7.600 0.100 G4 6
7.700 0.200 A4 6
7.900 0.100 C5 6
8.000 0.200 D5 6
8.300 0.200 D5 6
8.600 0.200 D5 6
8.800 0.200 E5 6
9.100 0.200 G5 6
9.400 0.100 G4 6
9.500 0.200 A4 6
9.700 0.200 C5 6
10.000 0.100 C5 6
10.100 0.200 D5 6
10.300 0.100 E5 6
10.400 0.500 D5 6
11.000 0.500 C5 6
11.500 0.200 E5 6
11.800 0.100 G4 6
11.900 0.200 A4 6
12.100 0.200 C5 6
12.400 0.100 G4 6
12.500 0.200 A4 6
12.700 0.100 C5 6
12.800 0.100 D5 6
13.100 0.200 D5 6
13.400 0.200 D5 6
13.600 0.200 E5 6
13.900 0.200 C5 6
14.200 0.100 G4 6
14.300 0.200 A4 6
14.500 0.200 C5 6
14.800 0.100 G4 6
14.900 0.200 A4 6
15.100 0.100 C5 6
15.200 0.100 D5 6
15.500 0.100 D5 6
15.800 0.300 D5 6
16.100 0.200 C5 6
16.300 0.200 E5 6
16.600 0.100 G4 6
16.700 0.200 A4 6
16.900 0.200 C5 6
17.200 0.100 G4 6
17.300 0.200 A4 6
17.500 0.100 C5 6
17.600 0.200 E5 6
17.900 0.200 E5 6
18.200 0.200 E5 6
18.400 0.200 F5 6
18.700 0.200 D5 6
19.000 0.100 G4 6
19.100 0.200 A4 6
19.300 0.200 C5 6
19.600 0.100 G4 6
19.700 0.200 A4 6
19.900 0.100 C5 6
20.000 0.100 E5 6
20.300 0.100 C5 6
20.600 0.200 D5 6
20.900 0.200 C5 6
21.200 0.100 E5 6
21.500 0.100 C5 6
21.800 0.200 D5 6
22.100 0.200 G5 6
22.400 0.100 E5 6
22.700 0.100 E5 6
23.000 0.100 E5 6
23.300 0.100 D5 6
23.600 0.200 E5 6
23.800 0.100 D5 6
24.100 0.900 C5 6
25.000 0.100 G4 6
25.100 0.200 A4 6
25.300 0.200 C5 6
25.600 0.100 G4 6
25.700 0.200 A4 6
25.900 0.200 C5 6
26.200 0.100 G4 6
26.300 0.100 A4 6
26.500 0.100 C5 6
26.800 0.100 G4 6
26.900 0.200 A4 6
27.100 0.100 C5 6
27.200 0.100 E5 6
27.500 0.100 E5 6
27.800 0.100 E5 6
28.100 0.100 E5 6
28.400 0.600 G5 6
29.000 0.200 A5 6
29.300 0.200 G5 6
29.600 0.600 C5 6
30.200 0.500 A4 6
30.700 0.200 G4 6
31.000 0.400 C5 6
31.400 0.200 A4 6
31.700 0.200 G4 6
32.000 0.100 C5 6
32.300 0.200 D5 6
32.600 0.400 E5 6
33.100 0.200 C5 6
33.400 0.100 G4 6
33.500 0.200 A4 6
33.700 0.200 C5 6
34.000 0.100 G4 6
34.100 0.200 A4 6
34.300 0.100 C5 6
34.400 0.200 D5 6
34.700 0.200 D5 6
35.000 0.200 D5 6
35.200 0.200 E5 6
35.500 0.200 C5 6
35.800 0.100 G4 6
35.900 0.200 A4 6
36.100 0.200 C5 6
36.400 0.100 G4 6
36.500 0.200 A4 6
36.700 0.100 C5 6
36.800 0.200 D5 6
37.100 0.200 D5 6
37.400 0.200 D5 6
37.600 0.200 E5 6
37.900 0.200 G5 6
38.200 0.100 G4 6
38.300 0.200 A4 6
38.500 0.200 C5 6
38.800 0.100 C5 6
38.900 0.200 D5 6
39.100 0.100 E5 6
39.200 0.500 D5 6
39.800 0.500 C5 6
40.300 0.200 E5 6
40.600 0.100 G4 6
40.700 0.200 A4 6
40.900 0.200 C5 6
41.200 0.100 G4 6
41.300 0.200 A4 6
41.500 0.100 C5 6
41.600 0.100 D5 6
41.900 0.200 D5 6
42.200 0.200 D5 6
42.400 0.200 E5 6
42.700 0.200 C5 6
43.000 0.100 G4 6
43.100 0.200 A4 6
43.300 0.200 C5 6
43.600 0.100 G4 6
43.700 0.200 A4 6
43.900 0.100 C5 6
44.000 0.100 D5 6
44.300 0.100 D5 6
44.600 0.300 D5 6
44.900 0.200 C5 6
45.100 0.200 E5 6
45.400 0.100 G4 6
45.500 0.200 A4 6
45.700 0.200 C5 6
46.000 0.100 G4 6
46.100 0.200 A4 6
46.300 0.100 C5 6
46.400 0.200 E5 6
46.700 0.200 E5 6
47.000 0.200 E5 6
47.200 0.200 F5 6
47.500 0.200 D5 6
47.800 0.100 G4 6
47.900 0.200 A4 6
48.100 0.200 C5 6
48.400 0.100 G4 6
48.500 0.200 A4 6
48.700 0.100 C5 6
48.800 0.100 E5 6
49.100 0.100 C5 6
49.400 0.200 D5 6
49.700 0.200 C5 6
50.000 0.100 E5 6
50.300 0.100 C5 6
50.600 0.200 D5 6
50.900 0.200 G5 6
51.200 0.100 E5 6
51.500 0.100 E5 6
51.800 0.100 E5 6
52.100 0.100 D5 6
52.400 0.200 E5 6
52.600 0.100 D5 6
52.900 0.900 C5 6
53.800 0.100 G4 6
53.900 0.200 A4 6
54.100 0.200 C5 6
54.400 0.100 G4 6
54.500 0.200 A4 6
54.700 0.200 C5 6
55.000 0.100 G4 6
55.100 0.100 A4 6
55.300 0.100 C5 6
55.600 0.100 G4 6
55.700 0.200 A4 6
55.900 0.100 C5 6
56.000 0.100 E5 6
56.300 0.100 E5 6
56.600 0.100 E5 6
56.900 0.100 E5 6
57.200 0.600 G5 6
57.800 0.200 A5 6
58.100 0.200 G5 6
58.400 0.600 C5 6
59.000 0.500 A4 6
59.500 0.200 G4 6
59.800 0.400 C5 6
60.200 0.200 A4 6
60.500 0.200 G4 6
60.800 0.100 C5 6
61.100 0.200 D5 6
61.400 0.400 E5 6
61.900 0.200 C5 6
62.200 0.100 G4 6
62.300 0.200 A4 6
62.500 0.200 C5 6
62.800 0.100 G4 6
62.900 0.200 A4 6
63.100 0.100 C5 6
63.200 0.200 D5 6
63.500 0.200 D5 6
63.800 0.200 D5 6
64.000 0.200 E5 6
64.300 0.200 C5 6
64.600 0.100 G4 6
64.700 0.200 A4 6
64.900 0.200 C5 6
65.200 0.100 G4 6
65.300 0.200 A4 6
65.500 0.100 C5 6
65.600 0.200 D5 6
65.900 0.200 D5 6
66.200 0.200 D5 6
66.400 0.200 E5 6
66.700 0.200 G5 6
67.000 0.100 G4 6
67.100 0.200 A4 6
67.300 0.200 C5 6
67.600 0.100 C5 6
67.700 0.200 D5 6
67.900 0.100 E5 6
68.000 0.500 D5 6
68.600 0.500 C5 6
69.100 0.200 E5 6
69.400 0.100 G4 6
69.500 0.200 A4 6
69.700 0.200 C5 6
70.000 BEGIN_CYCLE
70.000 0.100 G4 6
70.100 0.200 A4 6
70.300 0.100 C5 6
70.400 0.100 D5 6
70.700 0.200 D5 6
71.000 0.200 D5 6
71.200 0.200 E5 6
71.500 0.200 C5 6
71.800 0.100 G4 6
71.900 0.200 A4 6
72.100 0.200 C5 6
72.400 0.100 G4 6
72.500 0.200 A4 6
72.700 0.100 C5 6
72.800 0.100 D5 6
73.100 0.100 D5 6
73.400 0.300 D5 6
73.700 0.200 C5 6
73.900 0.200 E5 6
74.200 0.100 G4 6
74.300 0.200 A4 6
74.500 0.200 C5 6
74.800 0.100 G4 6
74.900 0.200 A4 6
75.100 0.100 C5 6
75.200 0.200 E5 6
75.500 0.200 E5 6
75.800 0.200 E5 6
76.000 0.200 F5 6
76.300 0.200 D5 6
76.600 0.100 G4 6
76.700 0.200 A4 6
76.900 0.200 C5 6
77.200 0.100 G4 6
77.300 0.200 A4 6
77.500 0.100 C5 6
77.600 0.100 E5 6
77.900 0.100 C5 6
78.200 0.200 D5 6
78.500 0.200 C5 6
78.800 0.100 E5 6
79.100 0.100 C5 6
79.400 0.200 D5 6
79.700 0.200 G5 6
80.000 0.100 E5 6
80.300 0.100 E5 6
80.600 0.100 E5 6
80.900 0.100 D5 6
81.200 0.200 E5 6
81.400 0.100 D5 6
81.700 0.900 C5 6
82.600 0.100 G4 6
82.700 0.200 A4 6
82.900 0.200 C5 6
83.200 0.100 G4 6
83.300 0.200 A4 6
83.500 0.200 C5 6
83.800 0.100 G4 6
83.900 0.100 A4 6
84.100 0.100 C5 6
84.400 0.100 G4 6
84.500 0.200 A4 6
84.700 0.100 C5 6
84.800 0.100 E5 6
85.100 0.100 E5 6
85.400 0.100 E5 6
85.700 0.100 E5 6
86.000 0.600 G5 6
86.600 0.200 A5 6
86.900 0.200 G5 6
87.200 0.600 C5 6
87.800 0.500 A4 6
88.300 0.200 G4 6
88.600 0.400 C5 6
89.000 0.200 A4 6
89.300 0.200 G4 6
89.600 0.100 C5 6
89.900 0.200 D5 6
90.200 0.400 E5 6
90.700 0.200 C5 6
91.000 0.100 G4 6
91.100 0.200 A4 6
91.300 0.200 C5 6
91.600 0.100 G4 6
91.700 0.200 A4 6
91.900 0.100 C5 6
92.000 0.200 D5 6
92.300 0.200 D5 6
92.600 0.200 D5 6
92.800 0.200 E5 6
93.100 0.200 C5 6
93.400 0.100 G4 6
93.500 0.200 A4 6
93.700 0.200 C5 6
94.000 0.100 G4 6
94.100 0.200 A4 6
94.300 0.100 C5 6
94.400 0.200 D5 6
94.700 0.200 D5 6
95.000 0.200 D5 6
95.200 0.200 E5 6
95.500 0.200 G5 6
95.800 0.100 G4 6
95.900 0.200 A4 6
96.100 0.200 C5 6
96.400 0.100 C5 6
96.500 0.200 D5 6
96.700 0.100 E5 6
96.800 0.500 D5 6
97.400 0.500 C5 6
97.900 0.200 E5 6
98.200 0.100 G4 6
98.300 0.200 A4 6
98.500 0.200 C5 6
98.800 0.100 G4 6
98.900 0.200 A4 6
99.100 0.100 C5 6
99.200 0.100 D5 6
99.500 0.200 D5 6
99.800 0.200 D5 6
100.000 0.200 E5 6
100.300 0.200 C5 6
100.600 0.100 G4 6
100.700 0.200 A4 6
100.900 0.200 C5 6
101.200 0.100 G4 6
101.300 0.200 A4 6
101.500 0.100 C5 6
101.600 0.100 D5 6
101.900 0.100 D5 6
102.200 0.300 D5 6
102.500 0.200 C5 6
102.700 0.200 E5 6
103.000 0.100 G4 6
103.100 0.200 A4 6
103.300 0.200 C5 6
103.600 0.100 G4 6
103.700 0.200 A4 6
103.900 0.100 C5 6
104.000 0.200 E5 6
104.300 0.200 E5 6
104.600 0.200 E5 6
104.800 0.200 F5 6
105.100 0.200 D5 6
105.400 0.100 G4 6
105.500 0.200 A4 6
105.700 0.200 C5 6
106.000 0.100 G4 6
106.100 0.200 A4 6
106.300 0.100 C5 6
106.400 0.100 E5 6
106.700 0.100 C5 6
107.000 0.200 D5 6
107.300 0.200 C5 6
107.600 0.100 E5 6
107.900 0.100 C5 6
108.200 0.200 D5 6
108.500 0.200 G5 6
108.800 0.100 E5 6
109.100 0.100 E5 6
109.400 0.100 E5 6
109.700 0.100 D5 6
110.000 0.200 E5 6
110.200 0.100 D5 6
110.500 0.900 C5 6
111.400 0.100 G4 6
111.500 0.200 A4 6
111.700 0.200 C5 6
112.000 0.100 G4 6
112.100 0.200 A4 6
112.300 0.200 C5 6
112.600 0.100 G4 6
112.700 0.100 A4 6
112.900 0.100 C5 6
113.200 0.100 G4 6
113.300 0.200 A4 6
113.500 0.100 C5 6
113.600 0.100 E5 6
113.900 0.100 E5 6
114.200 0.100 E5 6
114.500 0.100 E5 6
114.800 0.600 G5 6
115.400 0.200 A5 6
115.700 0.200 G5 6
116.000 0.600 C5 6
116.600 0.500 A4 6
117.100 0.200 G4 6
117.400 0.400 C5 6
117.800 0.200 A4 6
118.100 0.200 G4 6
118.400 0.100 C5 6
118.700 0.200 D5 6
119.000 0.400 E5 6
119.500 0.200 C5 6
119.800 0.100 G4 6
119.900 0.200 A4 6
120.100 0.200 C5 6
120.400 0.100 G4 6
120.500 0.200 A4 6
120.700 0.100 C5 6
120.800 0.200 D5 6
121.100 0.200 D5 6
121.400 0.200 D5 6
121.600 0.200 E5 6
121.900 0.200 C5 6
122.200 0.100 G4 6
122.300 0.200 A4 6
122.500 0.200 C5 6
122.800 0.100 G4 6
122.900 0.200 A4 6
123.100 0.100 C5 6
123.200 0.200 D5 6
123.500 0.200 D5 6
123.800 0.200 D5 6
124.000 0.200 E5 6
124.300 0.200 G5 6
124.600 0.100 G4 6
124.700 0.200 A4 6
124.900 0.200 C5 6
125.200 0.100 C5 6
125.300 0.200 D5 6
125.500 0.100 E5 6
125.600 0.500 D5 6
126.200 0.500 C5 6
126.700 0.200 E5 6
127.000 0.100 G4 6
127.100 0.200 A4 6
127.300 0.200 C5 6
127.600 END_CYCLE

Triangle(450)
time dur note vol
0.600 0.100 C5 15
0.800 0.100 C5 15
0.900 0.100 C6 15
1.200 0.100 C5 15
1.400 0.100 C5 15
1.500 0.100 C6 15
1.700 0.100 C5 15
2.000 0.100 C5 15
2.100 0.100 C6 15
2.300 0.200 C5 15
2.700 0.100 C6 15
3.000 0.100 A4 15
3.200 0.100 A4 15
3.300 0.100 A5 15
3.600 0.100 A4 15
3.800 0.100 A4 15
3.900 0.100 A5 15
4.100 0.100 A4 15
4.400 0.100 A4 15
4.500 0.100 A5 15
4.700 0.200 A4 15
5.100 0.100 A5 15
5.400 0.100 D5 15
5.600 0.100 D5 15
5.700 0.100 D6 15
6.000 0.100 D5 15
6.200 0.100 D5 15
6.300 0.100 D6 15
6.500 0.100 D5 15
6.800 0.100 D5 15
6.900 0.100 D6 15
7.100 0.200 D5 15
7.500 0.100 D6 15
7.800 0.100 G4 15
8.000 0.100 G4 15
8.100 0.100 G5 15
8.400 0.100 G4 15
8.600 0.100 G4 15
8.700 0.100 G5 15
8.900 0.100 G4 15
9.200 0.100 G4 15
9.300 0.100 G5 15
9.500 0.200 G4 15
9.900 0.100 G5 15
10.200 0.100 C5 15
10.400 0.100 C5 15
10.500 0.100 C6 15
10.800 0.100 C5 15
11.000 0.100 C5 15
11.100 0.100 C6 15
11.300 0.100 C5 15
11.600 0.100 C5 15
11.700 0.100 C6 15
11.900 0.200 C5 15
12.300 0.100 C6 15
12.600 0.100 A4 15
12.800 0.100 A4 15
12.900 0.100 A5 15
13.200 0.100 A4 15
13.400 0.100 A4 15
13.500 0.100 A5 15
13.700 0.100 A4 15
14.000 0.100 A4 15
14.100 0.100 A5 15
14.300 0.200 A4 15
14.700 0.100 A5 15
15.000 0.100 D5 15
15.200 0.100 D5 15
15.300 0.100 D6 15
15.600 0.100 D5 15
15.800 0.100 D5 15
15.900 0.100 D6 15
16.100 0.100 D5 15
16.400 0.100 D5 15
16.500 0.100 D6 15
16.700 0.200 D5 15
17.100 0.100 D6 15
17.400 0.100 G4 15
17.600 0.100 G4 15
17.700 0.100 G5 15
18.000 0.100 G4 15
18.200 0.100 G4 15
18.300 0.100 G5 15
18.500 0.100 G4 15
18.800 0.100 G4 15
18.900 0.100 G5 15
19.100 0.200 G4 15
19.500 0.100 G5 15
19.800 0.100 C5 15
20.000 0.100 C5 15
20.100 0.100 C6 15
20.400 0.100 C5 15
20.600 0.100 C5 15
20.700 0.100 C6 15
20.900 0.100 C5 15
21.200 0.100 C5 15
21.300 0.100 C6 15
21.500 0.200 C5 15
21.900 0.100 C6 15
22.200 0.100 A4 15
22.400 0.100 A4 15
22.500 0.100 A5 15
22.800 0.100 A4 15
23.000 0.100 A4 15
23.100 0.100 A5 15
23.300 0.100 A4 15
23.600 0.100 A4 15
23.700 0.100 A5 15
23.900 0.200 A4 15
24.300 0.100 A5 15
24.600 0.100 D5 15
24.800 0.100 D5 15
24.900 0.100 D6 15
25.200 0.100 D5 15
25.400 0.100 D5 15
25.500 0.100 D6 15
25.700 0.100 D5 15
26.000 0.100 D5 15
26.100 0.100 D6 15
26.300 0.200 D5 15
26.700 0.100 D6 15
27.000 0.100 G4 15
27.200 0.100 G4 15
27.300 0.100 G5 15
27.600 0.100 G4 15
27.800 0.100 G4 15
27.900 0.100 G5 15
28.100 0.100 G4 15
28.400 0.100 G4 15
28.500 0.100 G5 15
28.700 0.200 G4 15
29.100 0.100 G5 15
29.400 0.100 C5 15
29.600 0.100 C5 15
29.700 0.100 C6 15
30.000 0.100 C5 15
30.200 0.100 C5 15
30.300 0.100 C6 15
30.500 0.100 C5 15
30.800 0.100 C5 15
30.900 0.100 C6 15
31.100 0.200 C5 15
31.500 BEGIN_CYCLE
31.500 0.100 C6 15
31.800 0.100 A4 15
32.000 0.100 A4 15
32.100 0.100 A5 15
32.400 0.100 A4 15
32.600 0.100 A4 15
32.700 0.100 A5 15
32.900 0.100 A4 15
33.200 0.100 A4 15
33.300 0.100 A5 15
33.500 0.200 A4 15
33.900 0.100 A5 15
34.200 0.100 D5 15
34.400 0.100 D5 15
34.500 0.100 D6 15
34.800 0.100 D5 15
35.000 0.100 D5 15
35.100 0.100 D6 15
35.300 0.100 D5 15
35.600 0.100 D5 15
35.700 0.100 D6 15
35.900 0.200 D5 15
36.300 0.100 D6 15
36.600 0.100 G4 15
36.800 0.100 G4 15
36.900 0.100 G5 15
37.200 0.100 G4 15
37.400 0.100 G4 15
37.500 0.100 G5 15
37.700 0.100 G4 15
38.000 0.100 G4 15
38.100 0.100 G5 15
38.300 0.200 G4 15
38.700 0.100 G5 15
39.000 0.100 C5 15
39.200 0.100 C5 15
39.300 0.100 C6 15
39.600 0.100 C5 15
39.800 0.100 C5 15
39.900 0.100 C6 15
40.100 0.100 C5 15
40.400 0.100 C5 15
40.500 0.100 C6 15
40.700 0.200 C5 15
41.100 0.100 C6 15
41.400 0.100 A4 15
41.600 0.100 A4 15
41.700 0.100 A5 15
42.000 0.100 A4 15
42.200 0.100 A4 15
42.300 0.100 A5 15
42.500 0.100 A4 15
42.800 0.100 A4 15
42.900 0.100 A5 15
43.100 0.200 A4 15
43.500 0.100 A5 15
43.800 0.100 D5 15
44.000 0.100 D5 15
44.100 0.100 D6 15
44.400 0.100 D5 15
44.600 0.100 D5 15
44.700 0.100 D6 15
44.900 0.100 D5 15
45.200 0.100 D5 15
45.300 0.100 D6 15
45.500 0.200 D5 15
45.900 0.100 D6 15
46.200 0.100 G4 15
46.400 0.100 G4 15
46.500 0.100 G5 15
46.800 0.100 G4 15
47.000 0.100 G4 15
47.100 0.100 G5 15
47.300 0.100 G4 15
47.600 0.100 G4 15
47.700 0.100 G5 15
47.900 0.200 G4 15
48.300 0.100 G5 15
48.600 0.100 C5 15
48.800 0.100 C5 15
48.900 0.100 C6 15
49.200 0.100 C5 15
49.400 0.100 C5 15
49.500 0.100 C6 15
49.700 0.100 C5 15
50.000 0.100 C5 15
50.100 0.100 C6 15
50.300 0.200 C5 15
50.700 0.100 C6 15
51.000 0.100 A4 15
51.200 0.100 A4 15
51.300 0.100 A5 15
51.600 0.100 A4 15
51.800 0.100 A4 15
51.900 0.100 A5 15
52.100 0.100 A4 15
52.400 0.100 A4 15
52.500 0.100 A5 15
52.700 0.200 A4 15
53.100 0.100 A5 15
53.400 0.100 D5 15
53.600 0.100 D5 15
53.700 0.100 D6 15
54.000 0.100 D5 15
54.200 0.100 D5 15
54.300 0.100 D6 15
54.500 0.100 D5 15
54.800 0.100 D5 15
54.900 0.100 D6 15
55.100 0.200 D5 15
55.500 0.100 D6 15
55.800 0.100 G4 15
56.000 0.100 G4 15
56.100 0.100 G5 15
56.400 0.100 G4 15
56.600 0.100 G4 15
56.700 0.100 G5 15
56.900 0.100 G4 15
57.200 0.100 G4 15
57.300 0.100 G5 15
57.500 0.200 G4 15
57.900 0.100 G5 15
58.200 0.100 C5 15
58.400 0.100 C5 15
58.500 0.100 C6 15
58.800 0.100 C5 15
59.000 0.100 C5 15
59.100 0.100 C6 15
59.300 0.100 C5 15
59.600 0.100 C5 15
59.700 0.100 C6 15
59.900 0.200 C5 15
60.300 0.100 C6 15
60.600 0.100 A4 15
60.800 0.100 A4 15
60.900 0.100 A5 15
61.200 0.100 A4 15
61.400 0.100 A4 15
61.500 0.100 A5 15
61.700 0.100 A4 15
62.000 0.100 A4 15
62.100 0.100 A5 15
62.300 0.200 A4 15
62.700 0.100 A5 15
63.000 0.100 D5 15
63.200 0.100 D5 15
63.300 0.100 D6 15
63.600 0.100 D5 15
63.800 0.100 D5 15
63.900 0.100 D6 15
64.100 0.100 D5 15
64.400 0.100 D5 15
64.500 0.100 D6 15
64.700 0.200 D5 15
65.100 0.100 D6 15
65.400 0.100 G4 15
65.600 0.100 G4 15
65.700 0.100 G5 15
66.000 0.100 G4 15
66.200 0.100 G4 15
66.300 0.100 G5 15
66.500 0.100 G4 15
66.800 0.100 G4 15
66.900 0.100 G5 15
67.100 0.200 G4 15
67.500 0.100 G5 15
67.800 0.100 C5 15
68.000 0.100 C5 15
68.100 0.100 C6 15
68.400 0.100 C5 15
68.600 0.100 C5 15
68.700 0.100 C6 15
68.900 0.100 C5 15
69.200 0.100 C5 15
69.300 0.100 C6 15
69.500 0.200 C5 15
69.900 0.100 C6 15
70.200 0.100 A4 15
70.400 0.100 A4 15
70.500 0.100 A5 15
70.800 0.100 A4 15
71.000 0.100 A4 15
71.100 0.100 A5 15
71.300 0.100 A4 15
71.600 0.100 A4 15
71.700 0.100 A5 15
71.900 0.200 A4 15
72.300 0.100 A5 15
72.600 0.100 D5 15
72.800 0.100 D5 15
72.900 0.100 D6 15
73.200 0.100 D5 15
73.400 0.100 D5 15
73.500 0.100 D6 15
73.700 0.100 D5 15
74.000 0.100 D5 15
74.100 0.100 D6 15
74.300 0.200 D5 15
74.700 0.100 D6 15
75.000 0.100 G4 15
75.200 0.100 G4 15
75.300 0.100 G5 15
75.600 0.100 G4 15
75.800 0.100 G4 15
75.900 0.100 G5 15
76.100 0.100 G4 15
76.400 0.100 G4 15
76.500 0.100 G5 15
76.700 0.200 G4 15
77.100 0.100 G5 15
77.400 0.100 C5 15
77.600 0.100 C5 15
77.700 0.100 C6 15
78.000 0.100 C5 15
78.200 0.100 C5 15
78.300 0.100 C6 15
78.500 0.100 C5 15
78.800 0.100 C5 15
78.900 0.100 C6 15
79.100 0.200 C5 15
79.500 0.100 C6 15
79.800 0.100 A4 15
80.000 0.100 A4 15
80.100 0.100 A5 15
80.400 0.100 A4 15
80.600 0.100 A4 15
80.700 0.100 A5 15
80.900 0.100 A4 15
81.200 0.100 A4 15
81.300 0.100 A5 15
81.500 0.200 A4 15
81.900 0.100 A5 15
82.200 0.100 D5 15
82.400 0.100 D5 15
82.500 0.100 D6 15
82.800 0.100 D5 15
83.000 0.100 D5 15
83.100 0.100 D6 15
83.300 0.100 D5 15
83.600 0.100 D5 15
83.700 0.100 D6 15
83.900 0.200 D5 15
84.300 0.100 D6 15
84.600 0.100 G4 15
84.800 0.100 G4 15
84.900 0.100 G5 15
85.200 0.100 G4 15
85.400 0.100 G4 15
85.500 0.100 G5 15
85.700 0.100 G4 15
86.000 0.100 G4 15
86.100 0.100 G5 15
86.300 0.200 G4 15
86.700 0.100 G5 15
87.000 0.100 C5 15
87.200 0.100 C5 15
87.300 0.100 C6 15
87.600 0.100 C5 15
87.800 0.100 C5 15
87.900 0.100 C6 15
88.100 0.100 C5 15
88.400 0.100 C5 15
88.500 0.100 C6 15
88.700 0.200 C5 15
89.100 0.100 C6 15
89.400 0.100 A4 15
89.600 0.100 A4 15
89.700 0.100 A5 15
90.000 0.100 A4 15
90.200 0.100 A4 15
90.300 0.100 A5 15
90.500 0.100 A4 15
90.800 0.100 A4 15
90.900 0.100 A5 15
91.100 0.200 A4 15
91.500 0.100 A5 15
91.800 0.100 D5 15
92.000 0.100 D5 15
92.100 0.100 D6 15
92.400 0.100 D5 15
92.600 0.100 D5 15
92.700 0.100 D6 15
92.900 0.100 D5 15
93.200 0.100 D5 15
93.300 0.100 D6 15
93.500 0.200 D5 15
93.900 0.100 D6 15
94.200 0.100 G4 15
94.400 0.100 G4 15
94.500 0.100 G5 15
94.800 0.100 G4 15
95.000 0.100 G4 15
95.100 0.100 G5 15
95.300 0.100 G4 15
95.600 0.100 G4 15
95.700 0.100 G5 15
95.900 0.200 G4 15
96.300 0.100 G5 15
96.600 0.100 C5 15
96.800 0.100 C5 15
96.900 0.100 C6 15
97.200 0.100 C5 15
97.400 0.100 C5 15
97.500 0.100 C6 15
97.700 0.100 C5 15
98.000 0.100 C5 15
98.100 0.100 C6 15
98.300 0.200 C5 15
98.700 END_CYCLE

Noise(1072)
time dur noise vol drum
0.000 0.083 1 14 hihat_open
0.100 0.083 1 14 hihat_open
0.200 0.083 5 14 cymbal_crash
0.300 0.083 5 14 cymbal_crash
0.400 0.083 3 13 snare_body
0.500 0.083 3 13 snare_body
0.600 0.083 0 14 hihat_closed
0.800 0.083 0 14 hihat_closed
0.900 0.083 3 13 snare_body
1.200 0.083 0 14 hihat_closed
1.400 0.083 0 14 hihat_closed
1.500 0.083 3 13 snare_body
1.700 0.083 0 14 hihat_closed
2.000 0.083 0 14 hihat_closed
2.100 0.083 3 13 snare_body
2.300 0.083 0 14 hihat_closed
2.400 0.083 0 14 hihat_closed
2.700 0.083 3 13 snare_body
3.000 0.083 0 14 hihat_closed
3.200 0.083 0 14 hihat_closed
3.300 0.083 3 13 snare_body
3.600 0.083 0 14 hihat_closed
3.800 0.083 0 14 hihat_closed
3.900 0.083 3 13 snare_body
4.100 0.083 0 14 hihat_closed
4.400 0.083 0 14 hihat_closed
4.500 0.083 3 13 snare_body
4.700 0.083 0 14 hihat_closed
4.800 0.083 0 14 hihat_closed
5.100 0.083 3 13 snare_body
5.400 0.083 0 14 hihat_closed
5.600 0.083 0 14 hihat_closed
5.700 0.083 3 13 snare_body
6.000 0.083 0 14 hihat_closed
6.200 0.083 0 14 hihat_closed
6.300 0.083 3 13 snare_body
6.500 0.083 0 14 hihat_closed
6.800 0.083 0 14 hihat_closed
6.900 0.083 3 13 snare_body
7.100 0.083 0 14 hihat_closed
7.200 0.083 0 14 hihat_closed
7.500 0.083 3 13 snare_body
7.800 0.083 0 14 hihat_closed
8.000 0.083 0 14 hihat_closed
8.100 0.083 3 13 snare_body
8.400 0.083 0 14 hihat_closed
8.600 0.083 0 14 hihat_closed
8.700 0.083 3 13 snare_body
8.900 0.083 0 14 hihat_closed
9.200 0.083 0 14 hihat_closed
9.300 0.083 3 13 snare_body
9.500 0.083 0 14 hihat_closed
9.600 0.083 0 14 hihat_closed
9.900 0.083 3 13 snare_body
10.200 0.083 0 14 hihat_closed
10.400 0.083 0 14 hihat_closed
10.500 0.083 3 13 snare_body
10.800 0.083 0 14 hihat_closed
11.000 0.083 0 14 hihat_closed
11.100 0.083 3 13 snare_body
11.300 0.083 0 14 hihat_closed
11.600 0.083 0 14 hihat_closed
11.700 0.083 3 13 snare_body
11.900 0.083 0 14 hihat_closed
12.000 0.083 0 14 hihat_closed
12.300 0.083 3 13 snare_body
12.600 0.083 0 14 hihat_closed
12.800 0.083 0 14 hihat_closed
12.900 0.083 3 13 snare_body
13.200 0.083 0 14 hihat_closed
13.400 0.083 0 14 hihat_closed
13.500 0.083 3 13 snare_body
13.700 0.083 0 14 hihat_closed
14.000 0.083 0 14 hihat_closed
14.100 0.083 3 13 snare_body
14.300 0.083 0 14 hihat_closed
14.400 0.083 0 14 hihat_closed
14.700 0.083 3 13 snare_body
15.000 0.083 0 14 hihat_closed
15.200 0.083 0 14 hihat_closed
15.300 0.083 3 13 snare_body
15.600 0.083 0 14 hihat_closed
15.800 0.083 0 14 hihat_closed
15.900 0.083 3 13 snare_body
16.100 0.083 0 14 hihat_closed
16.400 0.083 0 14 hihat_closed
16.500 0.083 3 13 snare_body
16.700 0.083 0 14 hihat_closed
16.800 0.083 0 14 hihat_closed
17.100 0.083 3 13 snare_body
17.400 0.083 0 14 hihat_closed
17.600 0.083 0 14 hihat_closed
17.700 0.083 3 13 snare_body
18.000 0.083 0 14 hihat_closed
18.200 0.083 0 14 hihat_closed
18.300 0.083 3 13 snare_body
18.500 0.083 0 14 hihat_closed
18.800 0.083 0 14 hihat_closed
18.900 0.083 3 13 snare_body
19.100 0.083 0 14 hihat_closed
19.200 0.083 0 14 hihat_closed
19.500 0.083 3 13 snare_body
19.800 0.083 0 14 hihat_closed
20.000 0.083 0 14 hihat_closed
20.100 0.083 3 13 snare_body
20.400 0.083 0 14 hihat_closed
20.600 0.083 0 14 hihat_closed
20.700 0.083 3 13 snare_body
20.900 0.083 0 14 hihat_closed
21.200 0.083 0 14 hihat_closed
21.300 0.083 3 13 snare_body
21.500 0.083 0 14 hihat_closed
21.600 0.083 0 14 hihat_closed
21.900 0.083 3 13 snare_body
22.200 0.083 0 14 hihat_closed
22.400 0.083 0 14 hihat_closed
22.500 0.083 3 13 snare_body
22.800 0.083 0 14 hihat_closed
23.000 0.083 0 14 hihat_closed
23.100 0.083 3 13 snare_body
23.300 0.083 0 14 hihat_closed
23.600 0.083 0 14 hihat_closed
23.700 0.083 3 13 snare_body
23.900 0.083 0 14 hihat_closed
24.000 0.083 0 14 hihat_closed
24.300 0.083 3 13 snare_body
24.600 0.083 0 14 hihat_closed
24.800 0.083 0 14 hihat_closed
24.900 0.083 3 13 snare_body
25.200 0.083 0 14 hihat_closed
25.400 0.083 0 14 hihat_closed
25.500 0.083 3 13 snare_body
25.700 0.083 0 14 hihat_closed
26.000 0.083 0 14 hihat_closed
26.100 0.083 3 13 snare_body
26.300 0.083 0 14 hihat_closed
26.400 0.083 0 14 hihat_closed
26.700 0.083 3 13 snare_body
27.000 0.083 0 14 hihat_closed
27.200 0.083 0 14 hihat_closed
27.300 0.083 3 13 snare_body
27.600 0.083 0 14 hihat_closed
27.800 0.083 0 14 hihat_closed
27.900 0.083 3 13 snare_body
28.100 0.083 0 14 hihat_closed
28.400 0.083 0 14 hihat_closed
28.500 0.083 3 13 snare_body
28.700 0.083 0 14 hihat_closed
28.800 0.083 0 14 hihat_closed
29.100 0.083 3 13 snare_body
29.400 0.083 0 14 hihat_closed
29.600 0.083 0 14 hihat_closed
29.700 0.083 3 13 snare_body
30.000 0.083 0 14 hihat_closed
30.200 0.083 0 14 hihat_closed
30.300 0.083 3 13 snare_body
30.500 0.083 0 14 hihat_closed
30.800 0.083 0 14 hihat_closed
30.900 0.083 3 13 snare_body
31.100 0.083 0 14 hihat_closed
31.200 0.083 0 14 hihat_closed
31.500 0.083 3 13 snare_body
31.800 0.083 0 14 hihat_closed
32.000 0.083 0 14 hihat_closed
32.100 0.083 3 13 snare_body
32.400 0.083 0 14 hihat_closed
32.600 0.083 0 14 hihat_closed
32.700 0.083 3 13 snare_body
32.900 0.083 0 14 hihat_closed
33.200 0.083 0 14 hihat_closed
33.300 0.083 3 13 snare_body
33.500 0.083 0 14 hihat_closed
33.600 0.083 0 14 hihat_closed
33.900 0.083 3 13 snare_body
34.200 0.083 0 14 hihat_closed
34.400 0.083 0 14 hihat_closed
34.500 0.083 3 13 snare_body
34.800 0.083 0 14 hihat_closed
35.000 0.083 0 14 hihat_closed
35.100 0.083 3 13 snare_body
35.300 0.083 0 14 hihat_closed
35.600 0.083 0 14 hihat_closed
35.700 0.083 3 13 snare_body
35.900 0.083 0 14 hihat_closed
36.000 0.083 0 14 hihat_closed
36.300 0.083 3 13 snare_body
36.600 0.083 0 14 hihat_closed
36.800 0.083 0 14 hihat_closed
36.900 0.083 3 13 snare_body
37.200 0.083 0 14 hihat_closed
37.400 0.083 0 14 hihat_closed
37.500 0.083 3 13 snare_body
37.700 0.083 0 14 hihat_closed
38.000 0.083 0 14 hihat_closed
38.100 0.083 3 13 snare_body
38.300 0.083 0 14 hihat_closed
38.400 0.083 0 14 hihat_closed
38.700 0.083 3 13 snare_body
39.000 0.083 0 14 hihat_closed
39.200 0.083 0 14 hihat_closed
39.300 0.083 3 13 snare_body
39.600 0.083 0 14 hihat_closed
39.800 0.083 0 14 hihat_closed
39.900 0.083 3 13 snare_body
40.100 0.083 0 14 hihat_closed
40.400 0.083 0 14 hihat_closed
40.500 0.083 3 13 snare_body
40.700 0.083 0 14 hihat_closed
40.800 0.083 0 14 hihat_closed
41.100 0.083 3 13 snare_body
41.400 0.083 0 14 hihat_closed
41.600 0.083 0 14 hihat_closed
41.700 0.083 3 13 snare_body
42.000 0.083 0 14 hihat_closed
42.200 0.083 0 14 hihat_closed
42.300 0.083 3 13 snare_body
42.500 0.083 0 14 hihat_closed
42.800 0.083 0 14 hihat_closed
42.900 0.083 3 13 snare_body
43.100 0.083 0 14 hihat_closed
43.200 0.083 0 14 hihat_closed
43.500 0.083 3 13 snare_body
43.800 0.083 0 14 hihat_closed
44.000 0.083 0 14 hihat_closed
44.100 0.083 3 13 snare_body
44.400 0.083 0 14 hihat_closed
44.600 0.083 0 14 hihat_closed
44.700 0.083 3 13 snare_body
44.900 0.083 0 14 hihat_closed
45.200 0.083 0 14 hihat_closed
45.300 0.083 3 13 snare_body
45.500 0.083 0 14 hihat_closed
45.600 0.083 0 14 hihat_closed
45.900 0.083 3 13 snare_body
46.200 0.083 0 14 hihat_closed
46.400 0.083 0 14 hihat_closed
46.500 0.083 3 13 snare_body
46.800 0.083 0 14 hihat_closed
47.000 0.083 0 14 hihat_closed
47.100 0.083 3 13 snare_body
47.300 0.083 0 14 hihat_closed
47.600 0.083 0 14 hihat_closed
47.700 0.083 3 13 snare_body
47.900 0.083 0 14 hihat_closed
48.000 0.083 0 14 hihat_closed
48.300 0.083 3 13 snare_body
48.600 0.083 0 14 hihat_closed
48.800 0.083 0 14 hihat_closed
48.900 0.083 3 13 snare_body
49.200 0.083 0 14 hihat_closed
49.400 0.083 0 14 hihat_closed
49.500 0.083 3 13 snare_body
49.700 0.083 0 14 hihat_closed
50.000 0.083 0 14 hihat_closed
50.100 0.083 3 13 snare_body
50.300 0.083 0 14 hihat_closed
50.400 0.083 0 14 hihat_closed
50.700 0.083 3 13 snare_body
51.000 0.083 0 14 hihat_closed
51.200 0.083 0 14 hihat_closed
51.300 0.083 3 13 snare_body
51.600 0.083 0 14 hihat_closed
51.800 0.083 0 14 hihat_closed
51.900 0.083 3 13 snare_body
52.100 0.083 0 14 hihat_closed
52.400 0.083 0 14 hihat_closed
52.500 0.083 3 13 snare_body
52.700 0.083 0 14 hihat_closed
52.800 0.083 0 14 hihat_closed
53.100 0.083 3 13 snare_body
53.400 0.083 0 14 hihat_closed
53.600 0.083 0 14 hihat_closed
53.700 0.083 3 13 snare_body
54.000 0.083 0 14 hihat_closed
54.200 0.083 0 14 hihat_closed
54.300 0.083 3 13 snare_body
54.500 0.083 0 14 hihat_closed
54.800 0.083 0 14 hihat_closed
54.900 0.083 3 13 snare_body
55.100 0.083 0 14 hihat_closed
55.200 0.083 0 14 hihat_closed
55.500 0.083 3 13 snare_body
55.800 0.083 0 14 hihat_closed
56.000 0.083 0 14 hihat_closed
56.100 0.083 3 13 snare_body
56.400 0.083 0 14 hihat_closed
56.600 0.083 0 14 hihat_closed
56.700 0.083 3 13 snare_body
56.900 0.083 0 14 hihat_closed
57.200 0.083 0 14 hihat_closed
57.300 0.083 3 13 snare_body
57.500 0.083 0 14 hihat_closed
57.600 0.083 0 14 hihat_closed
57.900 0.083 3 13 snare_body
58.200 0.083 0 14 hihat_closed
58.400 0.083 0 14 hihat_closed
58.500 0.083 3 13 snare_body
58.800 0.083 0 14 hihat_closed
59.000 0.083 0 14 hihat_closed
59.100 0.083 3 13 snare_body
59.300 0.083 0 14 hihat_closed
59.600 0.083 0 14 hihat_closed
59.700 0.083 3 13 snare_body
59.900 0.083 0 14 hihat_closed
60.000 0.083 0 14 hihat_closed
60.300 0.083 3 13 snare_body
60.600 0.083 0 14 hihat_closed
60.800 0.083 0 14 hihat_closed
60.900 0.083 3 13 snare_body
61.200 0.083 0 14 hihat_closed
61.400 0.083 0 14 hihat_closed
61.500 0.083 3 13 snare_body
61.700 0.083 0 14 hihat_closed
62.000 0.083 0 14 hihat_closed
62.100 0.083 3 13 snare_body
62.300 0.083 0 14 hihat_closed
62.400 0.083 0 14 hihat_closed
62.700 0.083 3 13 snare_body
63.000 0.083 0 14 hihat_closed
63.200 0.083 0 14 hihat_closed
63.300 0.083 3 13 snare_body
63.600 0.083 0 14 hihat_closed
63.800 0.083 0 14 hihat_closed
63.900 0.083 3 13 snare_body
64.100 0.083 0 14 hihat_closed
64.400 0.083 0 14 hihat_closed
64.500 0.083 3 13 snare_body
64.700 0.083 0 14 hihat_closed
64.800 0.083 0 14 hihat_closed
65.100 0.083 3 13 snare_body
65.400 0.083 0 14 hihat_closed
65.600 0.083 0 14 hihat_closed
65.700 0.083 3 13 snare_body
66.000 0.083 0 14 hihat_closed
66.200 0.083 0 14 hihat_closed
66.300 0.083 3 13 snare_body
66.500 0.083 0 14 hihat_closed
66.800 0.083 0 14 hihat_closed
66.900 0.083 3 13 snare_body
67.100 0.083 0 14 hihat_closed
67.200 0.083 0 14 hihat_closed
67.500 0.083 3 13 snare_body
67.800 0.083 0 14 hihat_closed
68.000 0.083 0 14 hihat_closed
68.100 0.083 3 13 snare_body
68.400 0.083 0 14 hihat_closed
68.600 0.083 0 14 hihat_closed
68.700 0.083 3 13 snare_body
68.900 0.083 0 14 hihat_closed
69.200 0.083 0 14 hihat_closed
69.300 0.083 3 13 snare_body
69.500 0.083 0 14 hihat_closed
69.600 0.083 0 14 hihat_closed
69.900 0.083 3 13 snare_body
70.200 0.083 0 14 hihat_closed
70.400 0.083 0 14 hihat_closed
70.500 0.083 3 13 snare_body
70.800 0.083 0 14 hihat_closed
71.000 0.083 0 14 hihat_closed
71.100 0.083 3 13 snare_body
71.300 0.083 0 14 hihat_closed
71.600 0.083 0 14 hihat_closed
71.700 0.083 3 13 snare_body
71.900 0.083 0 14 hihat_closed
72.000 0.083 0 14 hihat_closed
72.300 0.083 3 13 snare_body
72.600 0.083 0 14 hihat_closed
72.800 0.083 0 14 hihat_closed
72.900 0.083 3 13 snare_body
73.200 0.083 0 14 hihat_closed
73.400 0.083 0 14 hihat_closed
73.500 0.083 3 13 snare_body
73.700 0.083 0 14 hihat_closed
74.000 0.083 0 14 hihat_closed
74.100 0.083 3 13 snare_body
74.300 0.083 0 14 hihat_closed
74.400 0.083 0 14 hihat_closed
74.700 0.083 3 13 snare_body
75.000 0.083 0 14 hihat_closed
75.200 0.083 0 14 hihat_closed
75.300 0.083 3 13 snare_body
75.600 0.083 0 14 hihat_closed
75.800 0.083 0 14 hihat_closed
75.900 0.083 3 13 snare_body
76.100 0.083 0 14 hihat_closed
76.400 0.083 0 14 hihat_closed
76.500 0.083 3 13 snare_body
76.700 0.083 0 14 hihat_closed
76.800 0.083 0 14 hihat_closed
77.100 0.083 3 13 snare_body
77.400 0.083 0 14 hihat_closed
77.600 0.083 0 14 hihat_closed
77.700 0.083 3 13 snare_body
78.000 0.083 0 14 hihat_closed
78.200 0.083 0 14 hihat_closed
78.300 0.083 3 13 snare_body
78.500 0.083 0 14 hihat_closed
78.800 0.083 0 14 hihat_closed
78.900 0.083 3 13 snare_body
79.100 0.083 0 14 hihat_closed
79.200 0.083 0 14 hihat_closed
79.500 0.083 3 13 snare_body
79.800 0.083 0 14 hihat_closed
80.000 0.083 0 14 hihat_closed
80.100 0.083 3 13 snare_body
80.400 0.083 0 14 hihat_closed
80.600 0.083 0 14 hihat_closed
80.700 0.083 3 13 snare_body
80.900 0.083 0 14 hihat_closed
81.200 0.083 0 14 hihat_closed
81.300 0.083 3 13 snare_body
81.500 0.083 0 14 hihat_closed
81.600 0.083 0 14 hihat_closed
81.900 0.083 3 13 snare_body
82.200 0.083 0 14 hihat_closed
82.400 0.083 0 14 hihat_closed
82.500 0.083 3 13 snare_body
82.800 0.083 0 14 hihat_closed
83.000 0.083 0 14 hihat_closed
83.100 0.083 3 13 snare_body
83.300 0.083 0 14 hihat_closed
83.600 0.083 0 14 hihat_closed
83.700 0.083 3 13 snare_body
83.900 0.083 0 14 hihat_closed
84.000 0.083 0 14 hihat_closed
84.300 0.083 3 13 snare_body
84.600 0.083 0 14 hihat_closed
84.800 0.083 0 14 hihat_closed
84.900 0.083 3 13 snare_body
85.200 0.083 0 14 hihat_closed
85.400 0.083 0 14 hihat_closed
85.500 0.083 3 13 snare_body
85.700 0.083 0 14 hihat_closed
86.000 0.083 0 14 hihat_closed
86.100 0.083 3 13 snare_body
86.300 0.083 0 14 hihat_closed
86.400 0.083 0 14 hihat_closed
86.700 0.083 3 13 snare_body
87.000 0.083 0 14 hihat_closed
87.200 0.083 0 14 hihat_closed
87.300 0.083 3 13 snare_body
87.600 0.083 0 14 hihat_closed
87.800 0.083 0 14 hihat_closed
87.900 0.083 3 13 snare_body
88.100 0.083 0 14 hihat_closed
88.400 0.083 0 14 hihat_closed
88.500 0.083 3 13 snare_body
88.700 0.083 0 14 hihat_closed
88.800 0.083 0 14 hihat_closed
89.100 0.083 3 13 snare_body
89.400 0.083 0 14 hihat_closed
89.600 0.083 0 14 hihat_closed
89.700 0.083 3 13 snare_body
90.000 0.083 0 14 hihat_closed
90.200 0.083 0 14 hihat_closed
90.300 0.083 3 13 snare_body
90.500 0.083 0 14 hihat_closed
90.800 0.083 0 14 hihat_closed
90.900 0.083 3 13 snare_body
91.100 0.083 0 14 hihat_closed
91.200 0.083 0 14 hihat_closed
91.500 0.083 3 13 snare_body
91.800 0.083 0 14 hihat_closed
92.000 0.083 0 14 hihat_closed
92.100 0.083 3 13 snare_body
92.400 0.083 0 14 hihat_closed
92.600 0.083 0 14 hihat_closed
92.700 0.083 3 13 snare_body
92.900 0.083 0 14 hihat_closed
93.200 0.083 0 14 hihat_closed
93.300 0.083 3 13 snare_body
93.500 0.083 0 14 hihat_closed
93.600 0.083 0 14 hihat_closed
93.900 0.083 3 13 snare_body
94.200 0.083 0 14 hihat_closed
94.400 0.083 0 14 hihat_closed
94.500 0.083 3 13 snare_body
94.800 0.083 0 14 hihat_closed
95.000 0.083 0 14 hihat_closed
95.100 0.083 3 13 snare_body
95.300 0.083 0 14 hihat_closed
95.600 0.083 0 14 hihat_closed
95.700 0.083 3 13 snare_body
95.900 0.083 0 14 hihat_closed
96.000 0.083 0 14 hihat_closed
96.300 0.083 3 13 snare_body
96.600 0.083 0 14 hihat_closed
96.800 0.083 0 14 hihat_closed
96.900 0.083 3 13 snare_body
97.200 0.083 0 14 hihat_closed
97.400 0.083 0 14 hihat_closed
97.500 0.083 3 13 snare_body
97.700 0.083 0 14 hihat_closed
98.000 0.083 0 14 hihat_closed
98.100 0.083 3 13 snare_body
98.300 0.083 0 14 hihat_closed
98.400 0.083 0 14 hihat_closed
98.700 0.083 3 13 snare_body
99.000 0.083 0 14 hihat_closed
99.200 0.083 0 14 hihat_closed
99.300 0.083 3 13 snare_body
99.600 0.083 0 14 hihat_closed
99.800 0.083 0 14 hihat_closed
99.900 0.083 3 13 snare_body
100.100 0.083 0 14 hihat_closed
100.400 0.083 0 14 hihat_closed
100.500 0.083 3 13 snare_body
100.700 0.083 0 14 hihat_closed
100.800 0.083 0 14 hihat_closed
101.100 0.083 3 13 snare_body
101.400 0.083 0 14 hihat_closed
101.600 0.083 0 14 hihat_closed
101.700 0.083 3 13 snare_body
102.000 0.083 0 14 hihat_closed
102.200 0.083 0 14 hihat_closed
102.300 0.083 3 13 snare_body
102.500 0.083 0 14 hihat_closed
102.800 0.083 0 14 hihat_closed
102.900 0.083 3 13 snare_body
103.100 0.083 0 14 hihat_closed
103.200 0.083 0 14 hihat_closed
103.500 0.083 3 13 snare_body
103.800 0.083 0 14 hihat_closed
104.000 0.083 0 14 hihat_closed
104.100 0.083 3 13 snare_body
104.400 0.083 0 14 hihat_closed
104.600 0.083 0 14 hihat_closed
104.700 0.083 3 13 snare_body
104.900 0.083 0 14 hihat_closed
105.200 0.083 0 14 hihat_closed
105.300 0.083 3 13 snare_body
105.500 0.083 0 14 hihat_closed
105.600 0.083 0 14 hihat_closed
105.900 0.083 3 13 snare_body
106.200 0.083 0 14 hihat_closed
106.400 0.083 0 14 hihat_closed
106.500 0.083 3 13 snare_body
106.800 0.083 0 14 hihat_closed
107.000 0.083 0 14 hihat_closed
107.100 0.083 3 13 snare_body
107.300 0.083 0 14 hihat_closed
107.600 0.083 0 14 hihat_closed
107.700 0.083 3 13 snare_body
107.900 0.083 0 14 hihat_closed
108.000 0.083 0 14 hihat_closed
108.300 0.083 3 13 snare_body
108.600 0.083 0 14 hihat_closed
108.800 0.083 0 14 hihat_closed
108.900 0.083 3 13 snare_body
109.200 0.083 0 14 hihat_closed
109.400 0.083 0 14 hihat_closed
109.500 0.083 3 13 snare_body
109.700 0.083 0 14 hihat_closed
110.000 0.083 0 14 hihat_closed
110.100 0.083 3 13 snare_body
110.300 0.083 0 14 hihat_closed
110.400 0.083 0 14 hihat_closed
110.700 0.083 3 13 snare_body
111.000 0.083 0 14 hihat_closed
111.200 0.083 0 14 hihat_closed
111.300 0.083 3 13 snare_body
111.600 0.083 0 14 hihat_closed
111.800 0.083 0 14 hihat_closed
111.900 0.083 3 13 snare_body
112.100 0.083 0 14 hihat_closed
112.400 0.083 0 14 hihat_closed
112.500 0.083 3 13 snare_body
112.700 0.083 0 14 hihat_closed
112.800 0.083 0 14 hihat_closed
113.100 0.083 3 13 snare_body
113.400 0.083 0 14 hihat_closed
113.600 0.083 0 14 hihat_closed
113.700 0.083 3 13 snare_body
114.000 0.083 0 14 hihat_closed
114.200 0.083 0 14 hihat_closed
114.300 0.083 3 13 snare_body
114.500 0.083 0 14 hihat_closed
114.800 0.083 0 14 hihat_closed
114.900 0.083 3 13 snare_body
115.100 0.083 0 14 hihat_closed
115.200 0.083 0 14 hihat_closed
115.500 0.083 3 13 snare_body
115.800 0.083 0 14 hihat_closed
116.000 0.083 0 14 hihat_closed
116.100 0.083 3 13 snare_body
116.400 0.083 0 14 hihat_closed
116.600 0.083 0 14 hihat_closed
116.700 0.083 3 13 snare_body
116.900 0.083 0 14 hihat_closed
117.200 0.083 0 14 hihat_closed
117.300 0.083 3 13 snare_body
117.500 0.083 0 14 hihat_closed
117.600 0.083 0 14 hihat_closed
117.900 0.083 3 13 snare_body
118.200 0.083 0 14 hihat_closed
118.400 0.083 0 14 hihat_closed
118.500 0.083 3 13 snare_body
118.800 0.083 0 14 hihat_closed
119.000 0.083 0 14 hihat_closed
119.100 0.083 3 13 snare_body
119.300 0.083 0 14 hihat_closed
119.600 0.083 0 14 hihat_closed
119.700 0.083 3 13 snare_body
119.900 0.083 0 14 hihat_closed
120.000 0.083 0 14 hihat_closed
120.300 0.083 3 13 snare_body
120.600 0.083 0 14 hihat_closed
120.800 0.083 0 14 hihat_closed
120.900 0.083 3 13 snare_body
121.200 0.083 0 14 hihat_closed
121.400 0.083 0 14 hihat_closed
121.500 0.083 3 13 snare_body
121.700 0.083 0 14 hihat_closed
122.000 0.083 0 14 hihat_closed
122.100 0.083 3 13 snare_body
122.300 0.083 0 14 hihat_closed
122.400 0.083 0 14 hihat_closed
122.700 0.083 3 13 snare_body
123.000 0.083 0 14 hihat_closed
123.200 0.083 0 14 hihat_closed
123.300 0.083 3 13 snare_body
123.600 0.083 0 14 hihat_closed
123.800 0.083 0 14 hihat_closed
123.900 0.083 3 13 snare_body
124.100 0.083 0 14 hihat_closed
124.400 0.083 0 14 hihat_closed
124.500 0.083 3 13 snare_body
124.700 0.083 0 14 hihat_closed
124.800 0.083 0 14 hihat_closed
125.100 0.083 3 13 snare_body
125.400 0.083 0 14 hihat_closed
125.600 0.083 0 14 hihat_closed
125.700 0.083 3 13 snare_body
126.000 0.083 0 14 hihat_closed
126.200 0.083 0 14 hihat_closed
126.300 0.083 3 13 snare_body
126.500 0.083 0 14 hihat_closed
126.800 0.083 0 14 hihat_closed
126.900 0.083 3 13 snare_body
127.100 0.083 0 14 hihat_closed
127.200 0.083 0 14 hihat_closed
127.500 0.083 3 13 snare_body
127.800 0.083 0 14 hihat_closed
128.000 0.083 0 14 hihat_closed
128.100 0.083 3 13 snare_body
128.400 0.083 0 14 hihat_closed
128.600 0.083 0 14 hihat_closed
128.700 0.083 3 13 snare_body
128.900 0.083 0 14 hihat_closed
129.200 0.083 0 14 hihat_closed
129.300 0.083 3 13 snare_body
129.500 0.083 0 14 hihat_closed
129.600 0.083 0 14 hihat_closed
129.900 0.083 3 13 snare_body
130.200 0.083 0 14 hihat_closed
130.400 0.083 0 14 hihat_closed
130.500 0.083 3 13 snare_body
130.800 0.083 0 14 hihat_closed
131.000 0.083 0 14 hihat_closed
131.100 0.083 3 13 snare_body
131.300 0.083 0 14 hihat_closed
131.600 0.083 0 14 hihat_closed
131.700 0.083 3 13 snare_body
131.900 0.083 0 14 hihat_closed
132.000 0.083 0 14 hihat_closed
132.300 0.083 3 13 snare_body
132.600 0.083 0 14 hihat_closed
132.800 0.083 0 14 hihat_closed
132.900 0.083 3 13 snare_body
133.200 0.083 0 14 hihat_closed
133.400 0.083 0 14 hihat_closed
133.500 0.083 3 13 snare_body
133.700 0.083 0 14 hihat_closed
134.000 0.083 0 14 hihat_closed
134.100 0.083 3 13 snare_body
134.300 0.083 0 14 hihat_closed
134.400 0.083 0 14 hihat_closed
134.700 0.083 3 13 snare_body
135.000 0.083 0 14 hihat_closed
135.200 0.083 0 14 hihat_closed
135.300 0.083 3 13 snare_body
135.600 0.083 0 14 hihat_closed
135.800 0.083 0 14 hihat_closed
135.900 0.083 3 13 snare_body
136.100 0.083 0 14 hihat_closed
136.400 0.083 0 14 hihat_closed
136.500 0.083 3 13 snare_body
136.700 0.083 0 14 hihat_closed
136.800 0.083 0 14 hihat_closed
137.100 0.083 3 13 snare_body
137.400 0.083 0 14 hihat_closed
137.600 0.083 0 14 hihat_closed
137.700 0.083 3 13 snare_body
138.000 0.083 0 14 hihat_closed
138.200 0.083 0 14 hihat_closed
138.300 0.083 3 13 snare_body
138.500 0.083 0 14 hihat_closed
138.800 0.083 0 14 hihat_closed
138.900 0.083 3 13 snare_body
139.100 0.083 0 14 hihat_closed
139.200 0.083 0 14 hihat_closed
139.500 0.083 3 13 snare_body
139.800 0.083 0 14 hihat_closed
140.000 0.083 0 14 hihat_closed
140.100 0.083 3 13 snare_body
140.400 0.083 0 14 hihat_closed
140.600 0.083 0 14 hihat_closed
140.700 0.083 3 13 snare_body
140.900 0.083 0 14 hihat_closed
141.200 0.083 0 14 hihat_closed
141.300 0.083 3 13 snare_body
141.500 0.083 0 14 hihat_closed
141.600 0.083 0 14 hihat_closed
141.900 0.083 3 13 snare_body
142.200 0.083 0 14 hihat_closed
142.400 0.083 0 14 hihat_closed
142.500 0.083 3 13 snare_body
142.800 0.083 0 14 hihat_closed
143.000 0.083 0 14 hihat_closed
143.100 0.083 3 13 snare_body
143.300 0.083 0 14 hihat_closed
143.600 0.083 0 14 hihat_closed
143.700 0.083 3 13 snare_body
143.900 0.083 0 14 hihat_closed
144.000 0.083 0 14 hihat_closed
144.300 0.083 3 13 snare_body
144.600 0.083 0 14 hihat_closed
144.800 0.083 0 14 hihat_closed
144.900 0.083 3 13 snare_body
145.200 0.083 0 14 hihat_closed
145.400 0.083 0 14 hihat_closed
145.500 0.083 3 13 snare_body
145.700 0.083 0 14 hihat_closed
146.000 0.083 0 14 hihat_closed
146.100 0.083 3 13 snare_body
146.300 0.083 0 14 hihat_closed
146.400 0.083 0 14 hihat_closed
146.700 0.083 3 13 snare_body
147.000 0.083 0 14 hihat_closed
147.200 0.083 0 14 hihat_closed
147.300 0.083 3 13 snare_body
147.600 0.083 0 14 hihat_closed
147.800 0.083 0 14 hihat_closed
147.900 0.083 3 13 snare_body
148.100 0.083 0 14 hihat_closed
148.400 0.083 0 14 hihat_closed
148.500 0.083 3 13 snare_body
148.700 0.083 0 14 hihat_closed
148.800 0.083 0 14 hihat_closed
149.100 0.083 3 13 snare_body
149.400 0.083 0 14 hihat_closed
149.600 0.083 0 14 hihat_closed
149.700 0.083 3 13 snare_body
150.000 0.083 0 14 hihat_closed
150.200 0.083 0 14 hihat_closed
150.300 0.083 3 13 snare_body
150.500 0.083 0 14 hihat_closed
150.800 0.083 0 14 hihat_closed
150.900 0.083 3 13 snare_body
151.100 0.083 0 14 hihat_closed
151.200 0.083 0 14 hihat_closed
151.500 0.083 3 13 snare_body
151.800 0.083 0 14 hihat_closed
152.000 0.083 0 14 hihat_closed
152.100 0.083 3 13 snare_body
152.400 0.083 0 14 hihat_closed
152.600 0.083 0 14 hihat_closed
152.700 0.083 3 13 snare_body
152.900 0.083 0 14 hihat_closed
153.200 0.083 0 14 hihat_closed
153.300 0.083 3 13 snare_body
153.500 0.083 0 14 hihat_closed
153.600 0.083 0 14 hihat_closed
153.900 0.083 3 13 snare_body
154.200 0.083 0 14 hihat_closed
154.400 0.083 0 14 hihat_closed
154.500 0.083 3 13 snare_body
154.800 0.083 0 14 hihat_closed
155.000 0.083 0 14 hihat_closed
155.100 0.083 3 13 snare_body
155.300 0.083 0 14 hihat_closed
155.600 0.083 0 14 hihat_closed
155.700 0.083 3 13 snare_body
155.900 0.083 0 14 hihat_closed
156.000 0.083 0 14 hihat_closed
156.300 0.083 3 13 snare_body
156.600 0.083 0 14 hihat_closed
156.800 0.083 0 14 hihat_closed
156.900 0.083 3 13 snare_body
157.200 0.083 0 14 hihat_closed
157.400 0.083 0 14 hihat_closed
157.500 0.083 3 13 snare_body
157.700 0.083 0 14 hihat_closed
158.000 0.083 0 14 hihat_closed
158.100 0.083 3 13 snare_body
158.300 0.083 0 14 hihat_closed
158.400 0.083 0 14 hihat_closed
158.700 0.083 3 13 snare_body
159.000 0.083 0 14 hihat_closed
159.200 0.083 0 14 hihat_closed
159.300 0.083 3 13 snare_body
159.600 0.083 0 14 hihat_closed
159.800 0.083 0 14 hihat_closed
159.900 0.083 3 13 snare_body
160.100 0.083 0 14 hihat_closed
160.400 0.083 0 14 hihat_closed
160.500 0.083 3 13 snare_body
160.700 0.083 0 14 hihat_closed
160.800 0.083 0 14 hihat_closed
161.100 0.083 3 13 snare_body
161.400 0.083 0 14 hihat_closed
161.600 0.083 0 14 hihat_closed
161.700 0.083 3 13 snare_body
162.000 0.083 0 14 hihat_closed
162.200 0.083 0 14 hihat_closed
162.300 0.083 3 13 snare_body
162.500 0.083 0 14 hihat_closed
162.800 0.083 0 14 hihat_closed
162.900 0.083 3 13 snare_body
163.100 0.083 0 14 hihat_closed
163.200 0.083 0 14 hihat_closed
163.500 0.083 3 13 snare_body
163.800 0.083 0 14 hihat_closed
164.000 0.083 0 14 hihat_closed
164.100 0.083 3 13 snare_body
164.400 0.083 0 14 hihat_closed
164.600 0.083 0 14 hihat_closed
164.700 0.083 3 13 snare_body
164.900 0.083 0 14 hihat_closed
165.200 0.083 0 14 hihat_closed
165.300 0.083 3 13 snare_body
165.500 0.083 0 14 hihat_closed
165.600 0.083 0 14 hihat_closed
165.900 0.083 3 13 snare_body
166.200 0.083 0 14 hihat_closed
166.400 0.083 0 14 hihat_closed
166.500 0.083 3 13 snare_body
166.800 0.083 0 14 hihat_closed
167.000 0.083 0 14 hihat_closed
167.100 0.083 3 13 snare_body
167.300 0.083 0 14 hihat_closed
167.600 0.083 0 14 hihat_closed
167.700 0.083 3 13 snare_body
167.900 0.083 0 14 hihat_closed
168.000 0.083 0 14 hihat_closed
168.300 0.083 3 13 snare_body
168.600 0.083 0 14 hihat_closed
168.800 0.083 0 14 hihat_closed
168.900 0.083 3 13 snare_body
169.200 0.083 0 14 hihat_closed
169.400 0.083 0 14 hihat_closed
169.500 0.083 3 13 snare_body
169.700 0.083 0 14 hihat_closed
170.000 0.083 0 14 hihat_closed
170.100 0.083 3 13 snare_body
170.300 0.083 0 14 hihat_closed
170.400 0.083 0 14 hihat_closed
170.700 0.083 3 13 snare_body
171.000 0.083 0 14 hihat_closed
171.200 0.083 0 14 hihat_closed
171.300 0.083 3 13 snare_body
171.600 0.083 0 14 hihat_closed
171.800 0.083 0 14 hihat_closed
171.900 0.083 3 13 snare_body
172.100 0.083 0 14 hihat_closed
172.400 0.083 0 14 hihat_closed
172.500 0.083 3 13 snare_body
172.700 0.083 0 14 hihat_closed
172.800 0.083 0 14 hihat_closed
173.100 0.083 3 13 snare_body
173.400 0.083 0 14 hihat_closed
173.600 0.083 0 14 hihat_closed
173.700 0.083 3 13 snare_body
174.000 0.083 0 14 hihat_closed
174.200 0.083 0 14 hihat_closed
174.300 0.083 3 13 snare_body
174.500 0.083 0 14 hihat_closed
174.800 0.083 0 14 hihat_closed
174.900 0.083 3 13 snare_body
175.100 0.083 0 14 hihat_closed
175.200 0.083 0 14 hihat_closed
175.500 0.083 3 13 snare_body
175.800 0.083 0 14 hihat_closed
176.000 0.083 0 14 hihat_closed
176.100 0.083 3 13 snare_body
176.400 0.083 0 14 hihat_closed
176.600 0.083 0 14 hihat_closed
176.700 0.083 3 13 snare_body
176.900 0.083 0 14 hihat_closed
177.200 0.083 0 14 hihat_closed
177.300 0.083 3 13 snare_body
177.500 0.083 0 14 hihat_closed
177.600 0.083 0 14 hihat_closed
177.900 0.083 3 13 snare_body
178.200 0.083 0 14 hihat_closed
178.400 0.083 0 14 hihat_closed
178.500 0.083 3 13 snare_body
178.800 0.083 0 14 hihat_closed
179.000 0.083 0 14 hihat_closed
179.100 0.083 3 13 snare_body
179.300 0.083 0 14 hihat_closed
179.600 0.083 0 14 hihat_closed
179.700 0.083 3 13 snare_body
179.900 0.083 0 14 hihat_closed
180.000 0.083 0 14 hihat_closed
180.300 0.083 3 13 snare_body
180.600 0.083 0 14 hihat_closed
180.800 0.083 0 14 hihat_closed
180.900 0.083 3 13 snare_body
181.200 0.083 0 14 hihat_closed
181.400 0.083 0 14 hihat_closed
181.500 0.083 3 13 snare_body
181.700 0.083 0 14 hihat_closed
182.000 0.083 0 14 hihat_closed
182.100 0.083 3 13 snare_body
182.300 0.083 0 14 hihat_closed
182.400 0.083 0 14 hihat_closed
182.700 0.083 3 13 snare_body
183.000 0.083 0 14 hihat_closed
183.200 0.083 0 14 hihat_closed
183.300 0.083 3 13 snare_body
183.600 0.083 0 14 hihat_closed
183.800 0.083 0 14 hihat_closed
183.900 0.083 3 13 snare_body
184.100 0.083 0 14 hihat_closed
184.400 0.083 0 14 hihat_closed
184.500 0.083 3 13 snare_body
184.700 0.083 0 14 hihat_closed
184.800 BEGIN_CYCLE
184.800 0.083 0 14 hihat_closed
185.100 0.083 3 13 snare_body
185.400 0.083 0 14 hihat_closed
185.600 0.083 0 14 hihat_closed
185.700 0.083 3 13 snare_body
186.000 0.083 0 14 hihat_closed
186.200 0.083 0 14 hihat_closed
186.300 0.083 3 13 snare_body
186.500 0.083 0 14 hihat_closed
186.800 0.083 0 14 hihat_closed
186.900 0.083 3 13 snare_body
187.100 0.083 0 14 hihat_closed
187.200 0.083 0 14 hihat_closed
187.500 0.083 3 13 snare_body
187.800 0.083 0 14 hihat_closed
188.000 0.083 0 14 hihat_closed
188.100 0.083 3 13 snare_body
188.400 0.083 0 14 hihat_closed
188.600 0.083 0 14 hihat_closed
188.700 0.083 3 13 snare_body
188.900 0.083 0 14 hihat_closed
189.200 0.083 0 14 hihat_closed
189.300 0.083 3 13 snare_body
189.500 0.083 0 14 hihat_closed
189.600 0.083 0 14 hihat_closed
189.900 0.083 3 13 snare_body
190.200 0.083 0 14 hihat_closed
190.400 0.083 0 14 hihat_closed
190.500 0.083 3 13 snare_body
190.800 0.083 0 14 hihat_closed
191.000 0.083 0 14 hihat_closed
191.100 0.083 3 13 snare_body
191.300 0.083 0 14 hihat_closed
191.600 0.083 0 14 hihat_closed
191.700 0.083 3 13 snare_body
191.900 0.083 0 14 hihat_closed
192.000 0.083 0 14 hihat_closed
192.300 0.083 3 13 snare_body
192.600 0.083 0 14 hihat_closed
192.800 0.083 0 14 hihat_closed
192.900 0.083 3 13 snare_body
193.200 0.083 0 14 hihat_closed
193.400 0.083 0 14 hihat_closed
193.500 0.083 3 13 snare_body
193.700 0.083 0 14 hihat_closed
194.000 0.083 0 14 hihat_closed
194.100 0.083 3 13 snare_body
194.300 0.083 0 14 hihat_closed
194.400 0.083 0 14 hihat_closed
194.700 0.083 3 13 snare_body
195.000 0.083 0 14 hihat_closed
195.200 0.083 0 14 hihat_closed
195.300 0.083 3 13 snare_body
195.600 0.083 0 14 hihat_closed
195.800 0.083 0 14 hihat_closed
195.900 0.083 3 13 snare_body
196.100 0.083 0 14 hihat_closed
196.400 0.083 0 14 hihat_closed
196.500 0.083 3 13 snare_body
196.700 0.083 0 14 hihat_closed
196.800 0.083 0 14 hihat_closed
197.100 0.083 3 13 snare_body
197.400 0.083 0 14 hihat_closed
197.600 0.083 0 14 hihat_closed
197.700 0.083 3 13 snare_body
198.000 0.083 0 14 hihat_closed
198.200 0.083 0 14 hihat_closed
198.300 0.083 3 13 snare_body
198.500 0.083 0 14 hihat_closed
198.800 0.083 0 14 hihat_closed
198.900 0.083 3 13 snare_body
199.100 0.083 0 14 hihat_closed
199.200 0.083 0 14 hihat_closed
199.500 0.083 3 13 snare_body
199.800 0.083 0 14 hihat_closed
200.000 0.083 0 14 hihat_closed
200.100 0.083 3 13 snare_body
200.400 0.083 0 14 hihat_closed
200.600 0.083 0 14 hihat_closed
200.700 0.083 3 13 snare_body
200.900 0.083 0 14 hihat_closed
201.200 0.083 0 14 hihat_closed
201.300 0.083 3 13 snare_body
201.500 0.083 0 14 hihat_closed
201.600 0.083 0 14 hihat_closed
201.900 0.083 3 13 snare_body
202.200 0.083 0 14 hihat_closed
202.400 0.083 0 14 hihat_closed
202.500 0.083 3 13 snare_body
202.800 0.083 0 14 hihat_closed
203.000 0.083 0 14 hihat_closed
203.100 0.083 3 13 snare_body
203.300 0.083 0 14 hihat_closed
203.600 0.083 0 14 hihat_closed
203.700 0.083 3 13 snare_body
203.900 0.083 0 14 hihat_closed
204.000 0.083 0 14 hihat_closed
204.300 0.083 3 13 snare_body
204.600 0.083 0 14 hihat_closed
204.800 0.083 0 14 hihat_closed
204.900 0.083 3 13 snare_body
205.200 0.083 0 14 hihat_closed
205.400 0.083 0 14 hihat_closed
205.500 0.083 3 13 snare_body
205.700 0.083 0 14 hihat_closed
206.000 0.083 0 14 hihat_closed
206.100 0.083 3 13 snare_body
206.300 0.083 0 14 hihat_closed
206.400 0.083 0 14 hihat_closed
206.700 0.083 3 13 snare_body
207.000 0.083 0 14 hihat_closed
207.200 0.083 0 14 hihat_closed
207.300 0.083 3 13 snare_body
207.600 0.083 0 14 hihat_closed
207.800 0.083 0 14 hihat_closed
207.900 0.083 3 13 snare_body
208.100 0.083 0 14 hihat_closed
208.400 0.083 0 14 hihat_closed
208.500 0.083 3 13 snare_body
208.700 0.083 0 14 hihat_closed
208.800 0.083 0 14 hihat_closed
209.100 0.083 3 13 snare_body
209.400 0.083 0 14 hihat_closed
209.600 0.083 0 14 hihat_closed
209.700 0.083 3 13 snare_body
210.000 0.083 0 14 hihat_closed
210.200 0.083 0 14 hihat_closed
210.300 0.083 3 13 snare_body
210.500 0.083 0 14 hihat_closed
210.800 0.083 0 14 hihat_closed
210.900 0.083 3 13 snare_body
211.100 0.083 0 14 hihat_closed
211.200 0.083 0 14 hihat_closed
211.500 0.083 3 13 snare_body
211.800 0.083 0 14 hihat_closed
212.000 0.083 0 14 hihat_closed
212.100 0.083 3 13 snare_body
212.400 0.083 0 14 hihat_closed
212.600 0.083 0 14 hihat_closed
212.700 0.083 3 13 snare_body
212.900 0.083 0 14 hihat_closed
213.200 0.083 0 14 hihat_closed
213.300 0.083 3 13 snare_body
213.500 0.083 0 14 hihat_closed
213.600 END_CYCLE
