ducktales2.nsf track=10 framerate=60

Square1(634)
time dur note vol
0.000 0.200 C3 9
0.200 0.200 C4 9
0.400 0.200 D#3 9
0.600 0.200 D#4 9
0.800 0.200 C3 9
1.000 0.200 C4 9
1.200 0.200 F#3 9
1.400 0.200 F#4 9
1.600 0.200 C3 9
1.800 0.200 C4 9
2.000 0.200 G3 9
2.200 0.200 G4 9
2.400 0.200 F#3 9
2.600 0.200 F#4 9
2.800 0.200 D#3 9
3.000 0.200 D#4 9
3.200 0.200 C3 9
3.400 0.200 C4 9
3.600 0.200 D#3 9
3.800 0.200 D#4 9
4.000 0.200 C3 9
4.200 0.200 C4 9
4.400 0.200 F#3 9
4.600 0.200 F#4 9
4.800 0.200 C3 9
5.000 0.200 C4 9
5.200 0.200 G3 9
5.400 0.200 G4 9
5.600 0.200 F#3 9
5.800 0.200 F#4 9
6.000 0.200 D#3 9
6.200 0.200 D#4 9
6.400 1.000 D#4 11
7.400 0.200 D4 11
7.600 0.200 C#4 11
7.800 1.800 C4 11
9.600 1.000 G4 11
10.600 0.200 F#4 11
10.800 0.200 F4 11
11.000 2.800 D#4 11
13.800 0.200 D4 11
14.000 0.200 C#4 11
14.200 1.800 C4 11
16.000 1.000 G4 11
17.000 0.200 F#4 11
17.200 0.200 F4 11
17.400 1.800 D#4 11
19.200 0.200 D#5 15
19.400 0.200 C5 9
19.600 0.200 F#5 9
19.800 0.200 F5 9
20.000 0.200 D#5 9
20.200 0.200 C5 9
20.400 0.200 D#5 9
20.600 0.200 C5 9
20.800 0.200 F#5 9
21.000 0.200 F5 9
21.200 0.200 D#5 9
21.400 0.200 C5 9
21.600 0.200 D#5 9
21.800 0.200 C5 9
22.000 0.200 D#5 9
22.200 0.200 C5 9
22.400 0.200 D5 9
22.600 0.200 D#5 9
22.800 0.200 D5 9
23.000 0.200 C5 9
23.200 0.200 D5 9
23.400 0.200 C5 9
23.600 0.200 F#5 9
23.800 0.200 F5 9
24.000 0.200 D#5 9
24.200 0.200 C5 9
24.400 0.200 D5 9
24.600 0.200 C5 9
24.800 0.200 F#5 9
25.000 0.200 F5 9
25.200 0.200 D#5 9
25.400 0.200 C5 9
25.600 0.200 D#5 9
25.800 0.200 C5 9
26.000 0.200 F#5 9
26.200 0.200 F5 9
26.400 0.200 D#5 9
26.600 0.200 C5 9
26.800 0.200 D#5 9
27.000 0.200 C5 9
27.200 0.200 F#5 9
27.400 0.200 F5 9
27.600 0.200 D#5 9
27.800 0.200 C5 9
28.000 0.200 D#5 9
28.200 0.200 C5 9
28.400 0.200 D#5 9
28.600 0.200 C5 9
28.800 0.200 D5 9
29.000 0.200 D#5 9
29.200 0.200 D5 9
29.400 0.200 C5 9
29.600 0.200 D5 9
29.800 0.200 C5 9
30.000 0.200 F#5 9
30.200 0.200 F5 9
30.400 0.200 D#5 9
30.600 0.200 C5 9
30.800 0.200 D5 9
31.000 0.200 C5 9
31.200 0.200 F#5 9
31.400 0.200 F5 9
31.600 0.200 D#5 9
31.800 0.200 C5 9
32.000 0.100 C5 15
32.100 0.100 G5 8
32.200 0.100 C6 8
32.300 0.100 A#5 8
32.400 0.100 D#5 8
32.500 0.100 F#5 8
32.600 0.100 G5 8
32.700 0.100 A#5 8
32.800 0.100 C5 8
32.900 0.100 G5 8
33.000 0.100 C6 8
33.100 0.100 A#5 8
33.200 0.100 D#5 8
33.300 0.100 F#5 8
33.400 0.100 G5 8
33.500 0.100 A#5 8
33.600 0.100 C5 15
33.700 0.100 G5 7
33.800 0.100 C6 7
33.900 0.100 A#5 7
34.000 0.100 D#5 7
34.100 0.100 F#5 7
34.200 0.100 G5 7
34.300 0.100 A#5 7
34.400 0.100 C5 7
34.500 0.100 G5 7
34.600 0.100 C6 7
34.700 0.100 A#5 7
34.800 0.100 D#5 7
34.900 0.100 F#5 7
35.000 0.100 G5 7
35.100 0.100 A#5 7
35.200 0.100 C5 15
35.300 0.100 G5 6
35.400 0.100 C6 6
35.500 0.100 A#5 6
35.600 0.100 D#5 6
35.700 0.100 F#5 6
35.800 0.100 G5 6
35.900 0.100 A#5 6
36.000 0.100 C5 6
36.100 0.100 G5 6
36.200 0.100 C6 6
36.300 0.100 A#5 6
36.400 0.100 D#5 6
36.500 0.100 F#5 6
36.600 0.100 G5 6
36.700 0.100 A#5 6
36.800 0.100 C5 15
36.900 0.100 G5 5
37.000 0.100 C6 5
37.100 0.100 A#5 5
37.200 0.100 D#5 5
37.300 0.100 F#5 5
37.400 0.100 G5 5
37.500 0.100 A#5 5
37.600 0.100 C5 5
37.700 0.100 G5 5
37.800 0.100 C6 5
37.900 0.100 A#5 5
38.000 0.100 D#5 5
38.100 0.100 F#5 5
38.200 0.100 G5 5
38.300 0.100 A#5 5
38.400 0.200 C3 9
38.600 0.200 C4 9
38.800 0.200 D#3 9
39.000 0.200 D#4 9
39.200 0.200 C3 9
39.400 0.200 C4 9
39.600 0.200 F#3 9
39.800 0.200 F#4 9
40.000 0.200 C3 9
40.200 0.200 C4 9
40.400 0.200 G3 9
40.600 0.200 G4 9
40.800 0.200 F#3 9
41.000 0.200 F#4 9
41.200 0.200 D#3 9
41.400 0.200 D#4 9
41.600 0.200 C3 9
41.800 0.200 C4 9
42.000 0.200 D#3 9
42.200 0.200 D#4 9
42.400 0.200 C3 9
42.600 0.200 C4 9
42.800 0.200 F#3 9
43.000 0.200 F#4 9
43.200 0.200 C3 9
43.400 0.200 C4 9
43.600 0.200 G3 9
43.800 0.200 G4 9
44.000 0.200 F#3 9
44.200 0.200 F#4 9
44.400 0.200 D#3 9
44.600 0.200 D#4 9
44.800 1.000 D#4 11
45.800 0.200 D4 11
46.000 0.200 C#4 11
46.200 1.800 C4 11
48.000 1.000 G4 11
49.000 0.200 F#4 11
49.200 0.200 F4 11
49.400 2.800 D#4 11
52.200 0.200 D4 11
52.400 0.200 C#4 11
52.600 1.800 C4 11
54.400 1.000 G4 11
55.400 0.200 F#4 11
55.600 0.200 F4 11
55.800 1.800 D#4 11
57.600 0.200 D#5 15
57.800 0.200 C5 9
58.000 0.200 F#5 9
58.200 0.200 F5 9
58.400 0.200 D#5 9
58.600 0.200 C5 9
58.800 0.200 D#5 9
59.000 0.200 C5 9
59.200 0.200 F#5 9
59.400 0.200 F5 9
59.600 0.200 D#5 9
59.800 0.200 C5 9
60.000 0.200 D#5 9
60.200 0.200 C5 9
60.400 0.200 D#5 9
60.600 0.200 C5 9
60.800 0.200 D5 9
61.000 0.200 D#5 9
61.200 0.200 D5 9
61.400 0.200 C5 9
61.600 0.200 D5 9
61.800 0.200 C5 9
62.000 0.200 F#5 9
62.200 0.200 F5 9
62.400 0.200 D#5 9
62.600 0.200 C5 9
62.800 0.200 D5 9
63.000 0.200 C5 9
63.200 0.200 F#5 9
63.400 0.200 F5 9
63.600 0.200 D#5 9
63.800 0.200 C5 9
64.000 0.200 D#5 9
64.200 0.200 C5 9
64.400 0.200 F#5 9
64.600 0.200 F5 9
64.800 0.200 D#5 9
65.000 0.200 C5 9
65.200 0.200 D#5 9
65.400 0.200 C5 9
65.600 0.200 F#5 9
65.800 0.200 F5 9
66.000 0.200 D#5 9
66.200 0.200 C5 9
66.400 0.200 D#5 9
66.600 0.200 C5 9
66.800 0.200 D#5 9
67.000 0.200 C5 9
67.200 0.200 D5 9
67.400 0.200 D#5 9
67.600 0.200 D5 9
67.800 0.200 C5 9
68.000 0.200 D5 9
68.200 0.200 C5 9
68.400 0.200 F#5 9
68.600 0.200 F5 9
68.800 0.200 D#5 9
69.000 0.200 C5 9
69.200 0.200 D5 9
69.400 0.200 C5 9
69.600 0.200 F#5 9
69.800 0.200 F5 9
70.000 BEGIN_CYCLE
70.000 0.200 D#5 9
70.200 0.200 C5 9
70.400 0.100 C5 15
70.500 0.100 G5 8
70.600 0.100 C6 8
70.700 0.100 A#5 8
70.800 0.100 D#5 8
70.900 0.100 F#5 8
71.000 0.100 G5 8
71.100 0.100 A#5 8
71.200 0.100 C5 8
71.300 0.100 G5 8
71.400 0.100 C6 8
71.500 0.100 A#5 8
71.600 0.100 D#5 8
71.700 0.100 F#5 8
71.800 0.100 G5 8
71.900 0.100 A#5 8
72.000 0.100 C5 15
72.100 0.100 G5 7
72.200 0.100 C6 7
72.300 0.100 A#5 7
72.400 0.100 D#5 7
72.500 0.100 F#5 7
72.600 0.100 G5 7
72.700 0.100 A#5 7
72.800 0.100 C5 7
72.900 0.100 G5 7
73.000 0.100 C6 7
73.100 0.100 A#5 7
73.200 0.100 D#5 7
73.300 0.100 F#5 7
73.400 0.100 G5 7
73.500 0.100 A#5 7
73.600 0.100 C5 15
73.700 0.100 G5 6
73.800 0.100 C6 6
73.900 0.100 A#5 6
74.000 0.100 D#5 6
74.100 0.100 F#5 6
74.200 0.100 G5 6
74.300 0.100 A#5 6
74.400 0.100 C5 6
74.500 0.100 G5 6
74.600 0.100 C6 6
74.700 0.100 A#5 6
74.800 0.100 D#5 6
74.900 0.100 F#5 6
75.000 0.100 G5 6
75.100 0.100 A#5 6
75.200 0.100 C5 15
75.300 0.100 G5 5
75.400 0.100 C6 5
75.500 0.100 A#5 5
75.600 0.100 D#5 5
75.700 0.100 F#5 5
75.800 0.100 G5 5
75.900 0.100 A#5 5
76.000 0.100 C5 5
76.100 0.100 G5 5
76.200 0.100 C6 5
76.300 0.100 A#5 5
76.400 0.100 D#5 5
76.500 0.100 F#5 5
76.600 0.100 G5 5
76.700 0.100 A#5 5
76.800 0.200 C3 9
77.000 0.200 C4 9
77.200 0.200 D#3 9
77.400 0.200 D#4 9
77.600 0.200 C3 9
77.800 0.200 C4 9
78.000 0.200 F#3 9
78.200 0.200 F#4 9
78.400 0.200 C3 9
78.600 0.200 C4 9
78.800 0.200 G3 9
79.000 0.200 G4 9
79.200 0.200 F#3 9
79.400 0.200 F#4 9
79.600 0.200 D#3 9
79.800 0.200 D#4 9
80.000 0.200 C3 9
80.200 0.200 C4 9
80.400 0.200 D#3 9
80.600 0.200 D#4 9
80.800 0.200 C3 9
81.000 0.200 C4 9
81.200 0.200 F#3 9
81.400 0.200 F#4 9
81.600 0.200 C3 9
81.800 0.200 C4 9
82.000 0.200 G3 9
82.200 0.200 G4 9
82.400 0.200 F#3 9
82.600 0.200 F#4 9
82.800 0.200 D#3 9
83.000 0.200 D#4 9
83.200 1.000 D#4 11
84.200 0.200 D4 11
84.400 0.200 C#4 11
84.600 1.800 C4 11
86.400 1.000 G4 11
87.400 0.200 F#4 11
87.600 0.200 F4 11
87.800 2.800 D#4 11
90.600 0.200 D4 11
90.800 0.200 C#4 11
91.000 1.800 C4 11
92.800 1.000 G4 11
93.800 0.200 F#4 11
94.000 0.200 F4 11
94.200 1.800 D#4 11
96.000 0.200 D#5 15
96.200 0.200 C5 9
96.400 0.200 F#5 9
96.600 0.200 F5 9
96.800 0.200 D#5 9
97.000 0.200 C5 9
97.200 0.200 D#5 9
97.400 0.200 C5 9
97.600 0.200 F#5 9
97.800 0.200 F5 9
98.000 0.200 D#5 9
98.200 0.200 C5 9
98.400 0.200 D#5 9
98.600 0.200 C5 9
98.800 0.200 D#5 9
99.000 0.200 C5 9
99.200 0.200 D5 9
99.400 0.200 D#5 9
99.600 0.200 D5 9
99.800 0.200 C5 9
100.000 0.200 D5 9
100.200 0.200 C5 9
100.400 0.200 F#5 9
100.600 0.200 F5 9
100.800 0.200 D#5 9
101.000 0.200 C5 9
101.200 0.200 D5 9
101.400 0.200 C5 9
101.600 0.200 F#5 9
101.800 0.200 F5 9
102.000 0.200 D#5 9
102.200 0.200 C5 9
102.400 0.200 D#5 9
102.600 0.200 C5 9
102.800 0.200 F#5 9
103.000 0.200 F5 9
103.200 0.200 D#5 9
103.400 0.200 C5 9
103.600 0.200 D#5 9
103.800 0.200 C5 9
104.000 0.200 F#5 9
104.200 0.200 F5 9
104.400 0.200 D#5 9
104.600 0.200 C5 9
104.800 0.200 D#5 9
105.000 0.200 C5 9
105.200 0.200 D#5 9
105.400 0.200 C5 9
105.600 0.200 D5 9
105.800 0.200 D#5 9
106.000 0.200 D5 9
106.200 0.200 C5 9
106.400 0.200 D5 9
106.600 0.200 C5 9
106.800 0.200 F#5 9
107.000 0.200 F5 9
107.200 0.200 D#5 9
107.400 0.200 C5 9
107.600 0.200 D5 9
107.800 0.200 C5 9
108.000 0.200 F#5 9
108.200 0.200 F5 9
108.400 0.200 D#5 9
108.600 0.200 C5 9
108.800 0.100 C5 15
108.900 0.100 G5 8
109.000 0.100 C6 8
109.100 0.100 A#5 8
109.200 0.100 D#5 8
109.300 0.100 F#5 8
109.400 0.100 G5 8
109.500 0.100 A#5 8
109.600 0.100 C5 8
109.700 0.100 G5 8
109.800 0.100 C6 8
109.900 0.100 A#5 8
110.000 0.100 D#5 8
110.100 0.100 F#5 8
110.200 0.100 G5 8
110.300 0.100 A#5 8
110.400 0.100 C5 15
110.500 0.100 G5 7
110.600 0.100 C6 7
110.700 0.100 A#5 7
110.800 0.100 D#5 7
110.900 0.100 F#5 7
111.000 0.100 G5 7
111.100 0.100 A#5 7
111.200 0.100 C5 7
111.300 0.100 G5 7
111.400 0.100 C6 7
111.500 0.100 A#5 7
111.600 0.100 D#5 7
111.700 0.100 F#5 7
111.800 0.100 G5 7
111.900 0.100 A#5 7
112.000 0.100 C5 15
112.100 0.100 G5 6
112.200 0.100 C6 6
112.300 0.100 A#5 6
112.400 0.100 D#5 6
112.500 0.100 F#5 6
112.600 0.100 G5 6
112.700 0.100 A#5 6
112.800 0.100 C5 6
112.900 0.100 G5 6
113.000 0.100 C6 6
113.100 0.100 A#5 6
113.200 0.100 D#5 6
113.300 0.100 F#5 6
113.400 0.100 G5 6
113.500 0.100 A#5 6
113.600 0.100 C5 15
113.700 0.100 G5 5
113.800 0.100 C6 5
113.900 0.100 A#5 5
114.000 0.100 D#5 5
114.100 0.100 F#5 5
114.200 0.100 G5 5
114.300 0.100 A#5 5
114.400 0.100 C5 5
114.500 0.100 G5 5
114.600 0.100 C6 5
114.700 0.100 A#5 5
114.800 0.100 D#5 5
114.900 0.100 F#5 5
115.000 0.100 G5 5
115.100 0.100 A#5 5
115.200 0.200 C3 9
115.400 0.200 C4 9
115.600 0.200 D#3 9
115.800 0.200 D#4 9
116.000 0.200 C3 9
116.200 0.200 C4 9
116.400 0.200 F#3 9
116.600 0.200 F#4 9
116.800 0.200 C3 9
117.000 0.200 C4 9
117.200 0.200 G3 9
117.400 0.200 G4 9
117.600 0.200 F#3 9
117.800 0.200 F#4 9
118.000 0.200 D#3 9
118.200 0.200 D#4 9
118.400 0.200 C3 9
118.600 0.200 C4 9
118.800 0.200 D#3 9
119.000 0.200 D#4 9
119.200 0.200 C3 9
119.400 0.200 C4 9
119.600 0.200 F#3 9
119.800 0.200 F#4 9
120.000 0.200 C3 9
120.200 0.200 C4 9
120.400 0.200 G3 9
120.600 0.200 G4 9
120.800 0.200 F#3 9
121.000 0.200 F#4 9
121.200 0.200 D#3 9
121.400 0.200 D#4 9
121.600 1.000 D#4 11
122.600 0.200 D4 11
122.800 0.200 C#4 11
123.000 1.800 C4 11
124.800 1.000 G4 11
125.800 0.200 F#4 11
126.000 0.200 F4 11
126.200 2.800 D#4 11
129.000 0.200 D4 11
129.200 0.200 C#4 11
129.400 1.800 C4 11
131.200 1.000 G4 11
132.200 0.200 F#4 11
132.400 0.200 F4 11
132.600 1.800 D#4 11
134.400 0.200 D#5 15
134.600 0.200 C5 9
134.800 0.200 F#5 9
135.000 0.200 F5 9
135.200 0.200 D#5 9
135.400 0.200 C5 9
135.600 0.200 D#5 9
135.800 0.200 C5 9
136.000 0.200 F#5 9
136.200 0.200 F5 9
136.400 0.200 D#5 9
136.600 0.200 C5 9
136.800 0.200 D#5 9
137.000 0.200 C5 9
137.200 0.200 D#5 9
137.400 0.200 C5 9
137.600 0.200 D5 9
137.800 0.200 D#5 9
138.000 0.200 D5 9
138.200 0.200 C5 9
138.400 0.200 D5 9
138.600 0.200 C5 9
138.800 0.200 F#5 9
139.000 0.200 F5 9
139.200 0.200 D#5 9
139.400 0.200 C5 9
139.600 0.200 D5 9
139.800 0.200 C5 9
140.000 0.200 F#5 9
140.200 0.200 F5 9
140.400 0.200 D#5 9
140.600 0.200 C5 9
140.800 0.200 D#5 9
141.000 0.200 C5 9
141.200 0.200 F#5 9
141.400 0.200 F5 9
141.600 0.200 D#5 9
141.800 0.200 C5 9
142.000 0.200 D#5 9
142.200 0.200 C5 9
142.400 0.200 F#5 9
142.600 0.200 F5 9
142.800 0.200 D#5 9
143.000 0.200 C5 9
143.200 0.200 D#5 9
143.400 0.200 C5 9
143.600 0.200 D#5 9
143.800 0.200 C5 9
144.000 0.200 D5 9
144.200 0.200 D#5 9
144.400 0.200 D5 9
144.600 0.200 C5 9
144.800 0.200 D5 9
145.000 0.200 C5 9
145.200 0.200 F#5 9
145.400 0.200 F5 9
145.600 0.200 D#5 9
145.800 0.200 C5 9
146.000 0.200 D5 9
146.200 0.200 C5 9
146.400 0.200 F#5 9
146.600 0.200 F5 9
146.800 END_CYCLE

Square2(629)
time dur note vol
0.200 0.200 C3 5
0.400 0.200 C4 5
0.600 0.200 D#3 5
0.800 0.200 D#4 5
1.000 0.200 C3 5
1.200 0.200 C4 5
1.400 0.200 F#3 5
1.600 0.200 F#4 5
1.800 0.200 C3 5
2.000 0.200 C4 5
2.200 0.200 G3 5
2.400 0.200 G4 5
2.600 0.200 F#3 5
2.800 0.200 F#4 5
3.000 0.200 D#3 5
3.200 0.200 D#4 5
3.400 0.200 C3 5
3.600 0.200 C4 5
3.800 0.200 D#3 5
4.000 0.200 D#4 5
4.200 0.200 C3 5
4.400 0.200 C4 5
4.600 0.200 F#3 5
4.800 0.200 F#4 5
5.000 0.200 C3 5
5.200 0.200 C4 5
5.400 0.200 G3 5
5.600 0.200 G4 5
5.800 0.200 F#3 5
6.000 0.200 F#4 5
6.200 0.200 D#3 5
6.400 1.200 D#4 5
7.600 0.200 D4 7
7.800 0.200 C#4 7
8.000 1.800 C4 7
9.800 1.000 G4 7
10.800 0.200 F#4 7
11.000 0.200 F4 7
11.200 2.800 D#4 7
14.000 0.200 D4 7
14.200 0.200 C#4 7
14.400 1.800 C4 7
16.200 1.000 G4 7
17.200 0.200 F#4 7
17.400 0.200 F4 7
17.600 1.800 D#4 7
19.400 0.200 D#5 15
19.600 0.200 C5 5
19.800 0.200 F#5 5
20.000 0.200 F5 5
20.200 0.200 D#5 5
20.400 0.200 C5 5
20.600 0.200 D#5 5
20.800 0.200 C5 5
21.000 0.200 F#5 5
21.200 0.200 F5 5
21.400 0.200 D#5 5
21.600 0.200 C5 5
21.800 0.200 D#5 5
22.000 0.200 C5 5
22.200 0.200 D#5 5
22.400 0.200 C5 5
22.600 0.200 D5 5
22.800 0.200 D#5 5
23.000 0.200 D5 5
23.200 0.200 C5 5
23.400 0.200 D5 5
23.600 0.200 C5 5
23.800 0.200 F#5 5
24.000 0.200 F5 5
24.200 0.200 D#5 5
24.400 0.200 C5 5
24.600 0.200 D5 5
24.800 0.200 C5 5
25.000 0.200 F#5 5
25.200 0.200 F5 5
25.400 0.200 D#5 5
25.600 0.200 C5 5
25.800 0.200 D#5 5
26.000 0.200 C5 5
26.200 0.200 F#5 5
26.400 0.200 F5 5
26.600 0.200 D#5 5
26.800 0.200 C5 5
27.000 0.200 D#5 5
27.200 0.200 C5 5
27.400 0.200 F#5 5
27.600 0.200 F5 5
27.800 0.200 D#5 5
28.000 0.200 C5 5
28.200 0.200 D#5 5
28.400 0.200 C5 5
28.600 0.200 D#5 5
28.800 0.200 C5 5
29.000 0.200 D5 5
29.200 0.200 D#5 5
29.400 0.200 D5 5
29.600 0.200 C5 5
29.800 0.200 D5 5
30.000 0.200 C5 5
30.200 0.200 F#5 5
30.400 0.200 F5 5
30.600 0.200 D#5 5
30.800 0.200 C5 5
31.000 0.200 D5 5
31.200 0.200 C5 5
31.400 0.200 F#5 5
31.600 0.200 F5 5
31.800 0.200 D#5 5
32.000 0.200 C5 5
32.200 0.100 C5 15
32.300 0.100 G5 4
32.400 0.100 C6 4
32.500 0.100 A#5 4
32.600 0.100 D#5 4
32.700 0.100 F#5 4
32.800 0.100 G5 4
32.900 0.100 A#5 4
33.000 0.100 C5 4
33.100 0.100 G5 4
33.200 0.100 C6 4
33.300 0.100 A#5 4
33.400 0.100 D#5 4
33.500 0.100 F#5 4
33.600 0.100 G5 4
33.700 0.100 A#5 4
33.800 0.100 C5 15
33.900 0.100 G5 3
34.000 0.100 C6 3
34.100 0.100 A#5 3
34.200 0.100 D#5 3
34.300 0.100 F#5 3
34.400 0.100 G5 3
34.500 0.100 A#5 3
34.600 0.100 C5 3
34.700 0.100 G5 3
34.800 0.100 C6 3
34.900 0.100 A#5 3
35.000 0.100 D#5 3
35.100 0.100 F#5 3
35.200 0.100 G5 3
35.300 0.100 A#5 3
35.400 0.100 C5 15
35.500 0.100 G5 2
35.600 0.100 C6 2
35.700 0.100 A#5 2
35.800 0.100 D#5 2
35.900 0.100 F#5 2
36.000 0.100 G5 2
36.100 0.100 A#5 2
36.200 0.100 C5 2
36.300 0.100 G5 2
36.400 0.100 C6 2
36.500 0.100 A#5 2
36.600 0.100 D#5 2
36.700 0.100 F#5 2
36.800 0.100 G5 2
36.900 0.100 A#5 2
37.000 0.033 C5 15
37.100 0.033 G5 15
37.200 0.033 C6 15
37.300 0.033 A#5 15
37.400 0.033 D#5 15
37.500 0.033 F#5 15
37.600 0.033 G5 15
37.700 0.033 A#5 15
37.800 0.033 C5 15
37.900 0.033 G5 15
38.000 0.033 C6 15
38.100 0.033 A#5 15
38.200 0.033 D#5 15
38.300 0.033 F#5 15
38.400 0.033 G5 15
38.500 0.033 A#5 15
38.600 0.200 C3 5
38.800 0.200 C4 5
39.000 0.200 D#3 5
39.200 0.200 D#4 5
39.400 0.200 C3 5
39.600 0.200 C4 5
39.800 0.200 F#3 5
40.000 0.200 F#4 5
40.200 0.200 C3 5
40.400 0.200 C4 5
40.600 0.200 G3 5
40.800 0.200 G4 5
41.000 0.200 F#3 5
41.200 0.200 F#4 5
41.400 0.200 D#3 5
41.600 0.200 D#4 5
41.800 0.200 C3 5
42.000 0.200 C4 5
42.200 0.200 D#3 5
42.400 0.200 D#4 5
42.600 0.200 C3 5
42.800 0.200 C4 5
43.000 0.200 F#3 5
43.200 0.200 F#4 5
43.400 0.200 C3 5
43.600 0.200 C4 5
43.800 0.200 G3 5
44.000 0.200 G4 5
44.200 0.200 F#3 5
44.400 0.200 F#4 5
44.600 0.200 D#3 5
44.800 0.200 D#4 5
45.000 1.000 D#4 7
46.000 0.200 D4 7
46.200 0.200 C#4 7
46.400 1.800 C4 7
48.200 1.000 G4 7
49.200 0.200 F#4 7
49.400 0.200 F4 7
49.600 2.800 D#4 7
52.400 0.200 D4 7
52.600 0.200 C#4 7
52.800 1.800 C4 7
54.600 1.000 G4 7
55.600 0.200 F#4 7
55.800 0.200 F4 7
56.000 1.800 D#4 7
57.800 0.200 D#5 15
58.000 0.200 C5 5
58.200 0.200 F#5 5
58.400 0.200 F5 5
58.600 0.200 D#5 5
58.800 0.200 C5 5
59.000 0.200 D#5 5
59.200 0.200 C5 5
59.400 0.200 F#5 5
59.600 0.200 F5 5
59.800 0.200 D#5 5
60.000 0.200 C5 5
60.200 0.200 D#5 5
60.400 0.200 C5 5
60.600 0.200 D#5 5
60.800 0.200 C5 5
61.000 0.200 D5 5
61.200 0.200 D#5 5
61.400 0.200 D5 5
61.600 0.200 C5 5
61.800 0.200 D5 5
62.000 0.200 C5 5
62.200 0.200 F#5 5
62.400 0.200 F5 5
62.600 0.200 D#5 5
62.800 0.200 C5 5
63.000 0.200 D5 5
63.200 0.200 C5 5
63.400 0.200 F#5 5
63.600 0.200 F5 5
63.800 0.200 D#5 5
64.000 0.200 C5 5
64.200 0.200 D#5 5
64.400 0.200 C5 5
64.600 0.200 F#5 5
64.800 0.200 F5 5
65.000 0.200 D#5 5
65.200 0.200 C5 5
65.400 0.200 D#5 5
65.600 0.200 C5 5
65.800 0.200 F#5 5
66.000 0.200 F5 5
66.200 0.200 D#5 5
66.400 0.200 C5 5
66.600 0.200 D#5 5
66.800 0.200 C5 5
67.000 0.200 D#5 5
67.200 0.200 C5 5
67.400 0.200 D5 5
67.600 0.200 D#5 5
67.800 0.200 D5 5
68.000 0.200 C5 5
68.200 0.200 D5 5
68.400 0.200 C5 5
68.600 0.200 F#5 5
68.800 0.200 F5 5
69.000 0.200 D#5 5
69.200 0.200 C5 5
69.400 BEGIN_CYCLE
69.400 0.200 D5 5
69.600 0.200 C5 5
69.800 0.200 F#5 5
70.000 0.200 F5 5
70.200 0.200 D#5 5
70.400 0.200 C5 5
70.600 0.100 C5 15
70.700 0.100 G5 4
70.800 0.100 C6 4
70.900 0.100 A#5 4
71.000 0.100 D#5 4
71.100 0.100 F#5 4
71.200 0.100 G5 4
71.300 0.100 A#5 4
71.400 0.100 C5 4
71.500 0.100 G5 4
71.600 0.100 C6 4
71.700 0.100 A#5 4
71.800 0.100 D#5 4
71.900 0.100 F#5 4
72.000 0.100 G5 4
72.100 0.100 A#5 4
72.200 0.100 C5 15
72.300 0.100 G5 3
72.400 0.100 C6 3
72.500 0.100 A#5 3
72.600 0.100 D#5 3
72.700 0.100 F#5 3
72.800 0.100 G5 3
72.900 0.100 A#5 3
73.000 0.100 C5 3
73.100 0.100 G5 3
73.200 0.100 C6 3
73.300 0.100 A#5 3
73.400 0.100 D#5 3
73.500 0.100 F#5 3
73.600 0.100 G5 3
73.700 0.100 A#5 3
73.800 0.100 C5 15
73.900 0.100 G5 2
74.000 0.100 C6 2
74.100 0.100 A#5 2
74.200 0.100 D#5 2
74.300 0.100 F#5 2
74.400 0.100 G5 2
74.500 0.100 A#5 2
74.600 0.100 C5 2
74.700 0.100 G5 2
74.800 0.100 C6 2
74.900 0.100 A#5 2
75.000 0.100 D#5 2
75.100 0.100 F#5 2
75.200 0.100 G5 2
75.300 0.100 A#5 2
75.400 0.033 C5 15
75.500 0.033 G5 15
75.600 0.033 C6 15
75.700 0.033 A#5 15
75.800 0.033 D#5 15
75.900 0.033 F#5 15
76.000 0.033 G5 15
76.100 0.033 A#5 15
76.200 0.033 C5 15
76.300 0.033 G5 15
76.400 0.033 C6 15
76.500 0.033 A#5 15
76.600 0.033 D#5 15
76.700 0.033 F#5 15
76.800 0.033 G5 15
76.900 0.033 A#5 15
77.000 0.200 C3 5
77.200 0.200 C4 5
77.400 0.200 D#3 5
77.600 0.200 D#4 5
77.800 0.200 C3 5
78.000 0.200 C4 5
78.200 0.200 F#3 5
78.400 0.200 F#4 5
78.600 0.200 C3 5
78.800 0.200 C4 5
79.000 0.200 G3 5
79.200 0.200 G4 5
79.400 0.200 F#3 5
79.600 0.200 F#4 5
79.800 0.200 D#3 5
80.000 0.200 D#4 5
80.200 0.200 C3 5
80.400 0.200 C4 5
80.600 0.200 D#3 5
80.800 0.200 D#4 5
81.000 0.200 C3 5
81.200 0.200 C4 5
81.400 0.200 F#3 5
81.600 0.200 F#4 5
81.800 0.200 C3 5
82.000 0.200 C4 5
82.200 0.200 G3 5
82.400 0.200 G4 5
82.600 0.200 F#3 5
82.800 0.200 F#4 5
83.000 0.200 D#3 5
83.200 0.200 D#4 5
83.400 1.000 D#4 7
84.400 0.200 D4 7
84.600 0.200 C#4 7
84.800 1.800 C4 7
86.600 1.000 G4 7
87.600 0.200 F#4 7
87.800 0.200 F4 7
88.000 2.800 D#4 7
90.800 0.200 D4 7
91.000 0.200 C#4 7
91.200 1.800 C4 7
93.000 1.000 G4 7
94.000 0.200 F#4 7
94.200 0.200 F4 7
94.400 1.800 D#4 7
96.200 0.200 D#5 15
96.400 0.200 C5 5
96.600 0.200 F#5 5
96.800 0.200 F5 5
97.000 0.200 D#5 5
97.200 0.200 C5 5
97.400 0.200 D#5 5
97.600 0.200 C5 5
97.800 0.200 F#5 5
98.000 0.200 F5 5
98.200 0.200 D#5 5
98.400 0.200 C5 5
98.600 0.200 D#5 5
98.800 0.200 C5 5
99.000 0.200 D#5 5
99.200 0.200 C5 5
99.400 0.200 D5 5
99.600 0.200 D#5 5
99.800 0.200 D5 5
100.000 0.200 C5 5
100.200 0.200 D5 5
100.400 0.200 C5 5
100.600 0.200 F#5 5
100.800 0.200 F5 5
101.000 0.200 D#5 5
101.200 0.200 C5 5
101.400 0.200 D5 5
101.600 0.200 C5 5
101.800 0.200 F#5 5
102.000 0.200 F5 5
102.200 0.200 D#5 5
102.400 0.200 C5 5
102.600 0.200 D#5 5
102.800 0.200 C5 5
103.000 0.200 F#5 5
103.200 0.200 F5 5
103.400 0.200 D#5 5
103.600 0.200 C5 5
103.800 0.200 D#5 5
104.000 0.200 C5 5
104.200 0.200 F#5 5
104.400 0.200 F5 5
104.600 0.200 D#5 5
104.800 0.200 C5 5
105.000 0.200 D#5 5
105.200 0.200 C5 5
105.400 0.200 D#5 5
105.600 0.200 C5 5
105.800 0.200 D5 5
106.000 0.200 D#5 5
106.200 0.200 D5 5
106.400 0.200 C5 5
106.600 0.200 D5 5
106.800 0.200 C5 5
107.000 0.200 F#5 5
107.200 0.200 F5 5
107.400 0.200 D#5 5
107.600 0.200 C5 5
107.800 0.200 D5 5
108.000 0.200 C5 5
108.200 0.200 F#5 5
108.400 0.200 F5 5
108.600 0.200 D#5 5
108.800 0.200 C5 5
109.000 0.100 C5 15
109.100 0.100 G5 4
109.200 0.100 C6 4
109.300 0.100 A#5 4
109.400 0.100 D#5 4
109.500 0.100 F#5 4
109.600 0.100 G5 4
109.700 0.100 A#5 4
109.800 0.100 C5 4
109.900 0.100 G5 4
110.000 0.100 C6 4
110.100 0.100 A#5 4
110.200 0.100 D#5 4
110.300 0.100 F#5 4
110.400 0.100 G5 4
110.500 0.100 A#5 4
110.600 0.100 C5 15
110.700 0.100 G5 3
110.800 0.100 C6 3
110.900 0.100 A#5 3
111.000 0.100 D#5 3
111.100 0.100 F#5 3
111.200 0.100 G5 3
111.300 0.100 A#5 3
111.400 0.100 C5 3
111.500 0.100 G5 3
111.600 0.100 C6 3
111.700 0.100 A#5 3
111.800 0.100 D#5 3
111.900 0.100 F#5 3
112.000 0.100 G5 3
112.100 0.100 A#5 3
112.200 0.100 C5 15
112.300 0.100 G5 2
112.400 0.100 C6 2
112.500 0.100 A#5 2
112.600 0.100 D#5 2
112.700 0.100 F#5 2
112.800 0.100 G5 2
112.900 0.100 A#5 2
113.000 0.100 C5 2
113.100 0.100 G5 2
113.200 0.100 C6 2
113.300 0.100 A#5 2
113.400 0.100 D#5 2
113.500 0.100 F#5 2
113.600 0.100 G5 2
113.700 0.100 A#5 2
113.800 0.033 C5 15
113.900 0.033 G5 15
114.000 0.033 C6 15
114.100 0.033 A#5 15
114.200 0.033 D#5 15
114.300 0.033 F#5 15
114.400 0.033 G5 15
114.500 0.033 A#5 15
114.600 0.033 C5 15
114.700 0.033 G5 15
114.800 0.033 C6 15
114.900 0.033 A#5 15
115.000 0.033 D#5 15
115.100 0.033 F#5 15
115.200 0.033 G5 15
115.300 0.033 A#5 15
115.400 0.200 C3 5
115.600 0.200 C4 5
115.800 0.200 D#3 5
116.000 0.200 D#4 5
116.200 0.200 C3 5
116.400 0.200 C4 5
116.600 0.200 F#3 5
116.800 0.200 F#4 5
117.000 0.200 C3 5
117.200 0.200 C4 5
117.400 0.200 G3 5
117.600 0.200 G4 5
117.800 0.200 F#3 5
118.000 0.200 F#4 5
118.200 0.200 D#3 5
118.400 0.200 D#4 5
118.600 0.200 C3 5
118.800 0.200 C4 5
119.000 0.200 D#3 5
119.200 0.200 D#4 5
119.400 0.200 C3 5
119.600 0.200 C4 5
119.800 0.200 F#3 5
120.000 0.200 F#4 5
120.200 0.200 C3 5
120.400 0.200 C4 5
120.600 0.200 G3 5
120.800 0.200 G4 5
121.000 0.200 F#3 5
121.200 0.200 F#4 5
121.400 0.200 D#3 5
121.600 0.200 D#4 5
121.800 1.000 D#4 7
122.800 0.200 D4 7
123.000 0.200 C#4 7
123.200 1.800 C4 7
125.000 1.000 G4 7
126.000 0.200 F#4 7
126.200 0.200 F4 7
126.400 2.800 D#4 7
129.200 0.200 D4 7
129.400 0.200 C#4 7
129.600 1.800 C4 7
131.400 1.000 G4 7
132.400 0.200 F#4 7
132.600 0.200 F4 7
132.800 1.800 D#4 7
134.600 0.200 D#5 15
134.800 0.200 C5 5
135.000 0.200 F#5 5
135.200 0.200 F5 5
135.400 0.200 D#5 5
135.600 0.200 C5 5
135.800 0.200 D#5 5
136.000 0.200 C5 5
136.200 0.200 F#5 5
136.400 0.200 F5 5
136.600 0.200 D#5 5
136.800 0.200 C5 5
137.000 0.200 D#5 5
137.200 0.200 C5 5
137.400 0.200 D#5 5
137.600 0.200 C5 5
137.800 0.200 D5 5
138.000 0.200 D#5 5
138.200 0.200 D5 5
138.400 0.200 C5 5
138.600 0.200 D5 5
138.800 0.200 C5 5
139.000 0.200 F#5 5
139.200 0.200 F5 5
139.400 0.200 D#5 5
139.600 0.200 C5 5
139.800 0.200 D5 5
140.000 0.200 C5 5
140.200 0.200 F#5 5
140.400 0.200 F5 5
140.600 0.200 D#5 5
140.800 0.200 C5 5
141.000 0.200 D#5 5
141.200 0.200 C5 5
141.400 0.200 F#5 5
141.600 0.200 F5 5
141.800 0.200 D#5 5
142.000 0.200 C5 5
142.200 0.200 D#5 5
142.400 0.200 C5 5
142.600 0.200 F#5 5
142.800 0.200 F5 5
143.000 0.200 D#5 5
143.200 0.200 C5 5
143.400 0.200 D#5 5
143.600 0.200 C5 5
143.800 0.200 D#5 5
144.000 0.200 C5 5
144.200 0.200 D5 5
144.400 0.200 D#5 5
144.600 0.200 D5 5
144.800 0.200 C5 5
145.000 0.200 D5 5
145.200 0.200 C5 5
145.400 0.200 F#5 5
145.600 0.200 F5 5
145.800 0.200 D#5 5
146.000 0.200 C5 5
146.200 END_CYCLE

Triangle(925)
time dur note vol
0.000 0.200 C4 15
0.200 0.200 C5 15
0.400 0.200 D#4 15
0.600 0.200 D#5 15
0.800 0.200 C4 15
1.000 0.200 C5 15
1.200 0.200 F#4 15
1.400 0.200 F#5 15
1.600 0.200 C4 15
1.800 0.200 C5 15
2.000 0.200 G4 15
2.200 0.200 G5 15
2.400 0.200 F#4 15
2.600 0.200 F#5 15
2.800 0.200 D#4 15
3.000 0.200 D#5 15
3.200 0.200 C4 15
3.400 0.200 C5 15
3.600 0.200 D#4 15
3.800 0.200 D#5 15
4.000 0.200 C4 15
4.200 0.200 C5 15
4.400 0.200 F#4 15
4.600 0.200 F#5 15
4.800 0.200 C4 15
5.000 0.200 C5 15
5.200 0.200 G4 15
5.400 0.200 G5 15
5.600 0.200 F#4 15
5.800 0.200 F#5 15
6.000 0.200 D#4 15
6.200 0.200 D#5 15
6.400 0.200 C4 15
6.600 0.200 C5 15
6.800 0.200 D#4 15
7.000 0.200 D#5 15
7.200 0.200 C4 15
7.400 0.200 C5 15
7.600 0.200 F#4 15
7.800 0.200 F#5 15
8.000 0.200 C4 15
8.200 0.200 C5 15
8.400 0.200 G4 15
8.600 0.200 G5 15
8.800 0.200 F#4 15
9.000 0.200 F#5 15
9.200 0.200 D#4 15
9.400 0.200 D#5 15
9.600 0.200 C4 15
9.800 0.200 C5 15
10.000 0.200 D#4 15
10.200 0.200 D#5 15
10.400 0.200 C4 15
10.600 0.200 C5 15
10.800 0.200 F#4 15
11.000 0.200 F#5 15
11.200 0.200 C4 15
11.400 0.200 C5 15
11.600 0.200 G4 15
11.800 0.200 G5 15
12.000 0.200 F#4 15
12.200 0.200 F#5 15
12.400 0.200 D#4 15
12.600 0.200 D#5 15
12.800 0.200 C4 15
13.000 0.200 C5 15
13.200 0.200 D#4 15
13.400 0.200 D#5 15
13.600 0.200 C4 15
13.800 0.200 C5 15
14.000 0.200 F#4 15
14.200 0.200 F#5 15
14.400 0.200 C4 15
14.600 0.200 C5 15
14.800 0.200 D#4 15
15.000 0.200 D#5 15
15.200 0.200 C4 15
15.400 0.200 C5 15
15.600 0.200 F#4 15
15.800 0.200 F#5 15
16.000 0.200 C4 15
16.200 0.200 C5 15
16.400 0.200 G4 15
16.600 0.200 G5 15
16.800 0.200 F#4 15
17.000 0.200 F#5 15
17.200 0.200 D#4 15
17.400 0.200 D#5 15
17.600 0.200 C4 15
17.800 0.200 C5 15
18.000 0.200 D#4 15
18.200 0.200 D#5 15
18.400 0.200 C4 15
18.600 0.200 C5 15
18.800 0.200 F#4 15
19.000 0.200 F#5 15
19.200 0.200 C4 15
19.400 0.200 C5 15
19.600 0.200 D#4 15
19.800 0.200 D#5 15
20.000 0.200 C4 15
20.200 0.200 C5 15
20.400 0.200 F#4 15
20.600 0.200 F#5 15
20.800 0.200 C4 15
21.000 0.200 C5 15
21.200 0.200 G4 15
21.400 0.200 G5 15
21.600 0.200 F#4 15
21.800 0.200 F#5 15
22.000 0.200 D#4 15
22.200 0.200 D#5 15
22.400 0.200 C4 15
22.600 0.200 C5 15
22.800 0.200 D#4 15
23.000 0.200 D#5 15
23.200 0.200 C4 15
23.400 0.200 C5 15
23.600 0.200 F#4 15
23.800 0.200 F#5 15
24.000 0.200 C4 15
24.200 0.200 C5 15
24.400 0.200 D#4 15
24.600 0.200 D#5 15
24.800 0.200 C4 15
25.000 0.200 C5 15
25.200 0.200 F#4 15
25.400 0.200 F#5 15
25.600 0.200 C4 15
25.800 0.200 C5 15
26.000 0.200 G4 15
26.200 0.200 G5 15
26.400 0.200 F#4 15
26.600 0.200 F#5 15
26.800 0.200 D#4 15
27.000 0.200 D#5 15
27.200 0.200 C4 15
27.400 0.200 C5 15
27.600 0.200 D#4 15
27.800 0.200 D#5 15
28.000 0.200 C4 15
28.200 0.200 C5 15
28.400 0.200 F#4 15
28.600 0.200 F#5 15
28.800 0.200 C4 15
29.000 0.200 C5 15
29.200 0.200 D#4 15
29.400 0.200 D#5 15
29.600 0.200 C4 15
29.800 0.200 C5 15
30.000 0.200 F#4 15
30.200 0.200 F#5 15
30.400 0.200 C4 15
30.600 0.200 C5 15
30.800 0.200 G4 15
31.000 0.200 G5 15
31.200 0.200 F#4 15
31.400 0.200 F#5 15
31.600 0.200 D#4 15
31.800 0.200 D#5 15
32.000 0.200 C4 15
32.200 0.200 G4 15
32.400 0.200 C5 15
32.600 0.200 C4 15
32.800 0.200 G4 15
33.000 0.200 A#4 15
33.200 0.200 C4 15
33.400 0.200 G4 15
33.600 0.200 C5 15
33.800 0.200 C4 15
34.000 0.200 G4 15
34.200 0.200 A#4 15
34.400 0.200 G4 15
34.600 0.200 C5 15
34.800 0.200 G4 15
35.000 0.200 A#4 15
35.200 0.200 C4 15
35.400 0.200 G4 15
35.600 0.200 C5 15
35.800 0.200 C4 15
36.000 0.200 G4 15
36.200 0.200 A#4 15
36.400 0.200 C4 15
36.600 0.200 G4 15
36.800 0.200 C5 15
37.000 0.200 C4 15
37.200 0.200 G4 15
37.400 0.200 A#4 15
37.600 0.200 G4 15
37.800 0.200 C5 15
38.000 0.200 G4 15
38.200 0.200 A#4 15
38.400 0.200 C4 15
38.600 0.200 C5 15
38.800 0.200 D#4 15
39.000 0.200 D#5 15
39.200 0.200 C4 15
39.400 0.200 C5 15
39.600 0.200 F#4 15
39.800 0.200 F#5 15
40.000 0.200 C4 15
40.200 0.200 C5 15
40.400 0.200 G4 15
40.600 0.200 G5 15
40.800 0.200 F#4 15
41.000 0.200 F#5 15
41.200 0.200 D#4 15
41.400 0.200 D#5 15
41.600 0.200 C4 15
41.800 0.200 C5 15
42.000 0.200 D#4 15
42.200 0.200 D#5 15
42.400 0.200 C4 15
42.600 0.200 C5 15
42.800 0.200 F#4 15
43.000 0.200 F#5 15
43.200 0.200 C4 15
43.400 0.200 C5 15
43.600 0.200 G4 15
43.800 0.200 G5 15
44.000 0.200 F#4 15
44.200 0.200 F#5 15
44.400 0.200 D#4 15
44.600 0.200 D#5 15
44.800 0.200 C4 15
45.000 0.200 C5 15
45.200 0.200 D#4 15
45.400 0.200 D#5 15
45.600 0.200 C4 15
45.800 0.200 C5 15
46.000 0.200 F#4 15
46.200 0.200 F#5 15
46.400 0.200 C4 15
46.600 0.200 C5 15
46.800 0.200 G4 15
47.000 0.200 G5 15
47.200 0.200 F#4 15
47.400 0.200 F#5 15
47.600 0.200 D#4 15
47.800 0.200 D#5 15
48.000 0.200 C4 15
48.200 0.200 C5 15
48.400 0.200 D#4 15
48.600 0.200 D#5 15
48.800 0.200 C4 15
49.000 0.200 C5 15
49.200 0.200 F#4 15
49.400 0.200 F#5 15
49.600 0.200 C4 15
49.800 0.200 C5 15
50.000 0.200 G4 15
50.200 0.200 G5 15
50.400 0.200 F#4 15
50.600 0.200 F#5 15
50.800 0.200 D#4 15
51.000 0.200 D#5 15
51.200 0.200 C4 15
51.400 0.200 C5 15
51.600 0.200 D#4 15
51.800 0.200 D#5 15
52.000 0.200 C4 15
52.200 0.200 C5 15
52.400 0.200 F#4 15
52.600 0.200 F#5 15
52.800 0.200 C4 15
53.000 0.200 C5 15
53.200 0.200 D#4 15
53.400 0.200 D#5 15
53.600 0.200 C4 15
53.800 0.200 C5 15
54.000 0.200 F#4 15
54.200 0.200 F#5 15
54.400 0.200 C4 15
54.600 0.200 C5 15
54.800 0.200 G4 15
55.000 0.200 G5 15
55.200 0.200 F#4 15
55.400 0.200 F#5 15
55.600 0.200 D#4 15
55.800 0.200 D#5 15
56.000 0.200 C4 15
56.200 0.200 C5 15
56.400 0.200 D#4 15
56.600 0.200 D#5 15
56.800 0.200 C4 15
57.000 0.200 C5 15
57.200 0.200 F#4 15
57.400 0.200 F#5 15
57.600 0.200 C4 15
57.800 0.200 C5 15
58.000 0.200 D#4 15
58.200 0.200 D#5 15
58.400 0.200 C4 15
58.600 0.200 C5 15
58.800 0.200 F#4 15
59.000 0.200 F#5 15
59.200 0.200 C4 15
59.400 0.200 C5 15
59.600 0.200 G4 15
59.800 0.200 G5 15
60.000 0.200 F#4 15
60.200 0.200 F#5 15
60.400 0.200 D#4 15
60.600 0.200 D#5 15
60.800 0.200 C4 15
61.000 0.200 C5 15
61.200 0.200 D#4 15
61.400 0.200 D#5 15
61.600 0.200 C4 15
61.800 0.200 C5 15
62.000 0.200 F#4 15
62.200 0.200 F#5 15
62.400 0.200 C4 15
62.600 0.200 C5 15
62.800 0.200 D#4 15
63.000 0.200 D#5 15
63.200 0.200 C4 15
63.400 0.200 C5 15
63.600 0.200 F#4 15
63.800 0.200 F#5 15
64.000 0.200 C4 15
64.200 0.200 C5 15
64.400 0.200 G4 15
64.600 0.200 G5 15
64.800 0.200 F#4 15
65.000 0.200 F#5 15
65.200 0.200 D#4 15
65.400 0.200 D#5 15
65.600 0.200 C4 15
65.800 0.200 C5 15
66.000 0.200 D#4 15
66.200 0.200 D#5 15
66.400 0.200 C4 15
66.600 0.200 C5 15
66.800 0.200 F#4 15
67.000 0.200 F#5 15
67.200 0.200 C4 15
67.400 0.200 C5 15
67.600 0.200 D#4 15
67.800 0.200 D#5 15
68.000 0.200 C4 15
68.200 0.200 C5 15
68.400 0.200 F#4 15
68.600 0.200 F#5 15
68.800 0.200 C4 15
69.000 0.200 C5 15
69.200 0.200 G4 15
69.400 0.200 G5 15
69.600 0.200 F#4 15
69.800 0.200 F#5 15
70.000 0.200 D#4 15
70.200 0.200 D#5 15
70.400 0.200 C4 15
70.600 0.200 G4 15
70.800 0.200 C5 15
71.000 0.200 C4 15
71.200 0.200 G4 15
71.400 0.200 A#4 15
71.600 0.200 C4 15
71.800 0.200 G4 15
72.000 0.200 C5 15
72.200 0.200 C4 15
72.400 0.200 G4 15
72.600 0.200 A#4 15
72.800 0.200 G4 15
73.000 0.200 C5 15
73.200 0.200 G4 15
73.400 0.200 A#4 15
73.600 0.200 C4 15
73.800 0.200 G4 15
74.000 0.200 C5 15
74.200 0.200 C4 15
74.400 0.200 G4 15
74.600 0.200 A#4 15
74.800 0.200 C4 15
75.000 0.200 G4 15
75.200 0.200 C5 15
75.400 0.200 C4 15
75.600 0.200 G4 15
75.800 0.200 A#4 15
76.000 0.200 G4 15
76.200 0.200 C5 15
76.400 0.200 G4 15
76.600 0.200 A#4 15
76.800 0.200 C4 15
77.000 0.200 C5 15
77.200 0.200 D#4 15
77.400 0.200 D#5 15
77.600 0.200 C4 15
77.800 0.200 C5 15
78.000 0.200 F#4 15
78.200 0.200 F#5 15
78.400 0.200 C4 15
78.600 0.200 C5 15
78.800 0.200 G4 15
79.000 0.200 G5 15
79.200 0.200 F#4 15
79.400 0.200 F#5 15
79.600 0.200 D#4 15
79.800 0.200 D#5 15
80.000 0.200 C4 15
80.200 0.200 C5 15
80.400 0.200 D#4 15
80.600 0.200 D#5 15
80.800 0.200 C4 15
81.000 0.200 C5 15
81.200 0.200 F#4 15
81.400 0.200 F#5 15
81.600 0.200 C4 15
81.800 0.200 C5 15
82.000 0.200 G4 15
82.200 0.200 G5 15
82.400 0.200 F#4 15
82.600 0.200 F#5 15
82.800 0.200 D#4 15
83.000 0.200 D#5 15
83.200 0.200 C4 15
83.400 0.200 C5 15
83.600 0.200 D#4 15
83.800 0.200 D#5 15
84.000 0.200 C4 15
84.200 0.200 C5 15
84.400 0.200 F#4 15
84.600 0.200 F#5 15
84.800 0.200 C4 15
85.000 0.200 C5 15
85.200 0.200 G4 15
85.400 0.200 G5 15
85.600 0.200 F#4 15
85.800 0.200 F#5 15
86.000 0.200 D#4 15
86.200 0.200 D#5 15
86.400 0.200 C4 15
86.600 0.200 C5 15
86.800 0.200 D#4 15
87.000 0.200 D#5 15
87.200 0.200 C4 15
87.400 0.200 C5 15
87.600 0.200 F#4 15
87.800 0.200 F#5 15
88.000 0.200 C4 15
88.200 0.200 C5 15
88.400 0.200 G4 15
88.600 0.200 G5 15
88.800 0.200 F#4 15
89.000 0.200 F#5 15
89.200 0.200 D#4 15
89.400 0.200 D#5 15
89.600 0.200 C4 15
89.800 0.200 C5 15
90.000 0.200 D#4 15
90.200 0.200 D#5 15
90.400 0.200 C4 15
90.600 0.200 C5 15
90.800 0.200 F#4 15
91.000 0.200 F#5 15
91.200 0.200 C4 15
91.400 0.200 C5 15
91.600 0.200 D#4 15
91.800 0.200 D#5 15
92.000 0.200 C4 15
92.200 0.200 C5 15
92.400 0.200 F#4 15
92.600 0.200 F#5 15
92.800 0.200 C4 15
93.000 0.200 C5 15
93.200 0.200 G4 15
93.400 0.200 G5 15
93.600 0.200 F#4 15
93.800 0.200 F#5 15
94.000 0.200 D#4 15
94.200 0.200 D#5 15
94.400 0.200 C4 15
94.600 0.200 C5 15
94.800 0.200 D#4 15
95.000 0.200 D#5 15
95.200 0.200 C4 15
95.400 0.200 C5 15
95.600 0.200 F#4 15
95.800 0.200 F#5 15
96.000 0.200 C4 15
96.200 0.200 C5 15
96.400 0.200 D#4 15
96.600 0.200 D#5 15
96.800 0.200 C4 15
97.000 0.200 C5 15
97.200 0.200 F#4 15
97.400 0.200 F#5 15
97.600 0.200 C4 15
97.800 0.200 C5 15
98.000 0.200 G4 15
98.200 0.200 G5 15
98.400 0.200 F#4 15
98.600 0.200 F#5 15
98.800 0.200 D#4 15
99.000 0.200 D#5 15
99.200 0.200 C4 15
99.400 0.200 C5 15
99.600 0.200 D#4 15
99.800 0.200 D#5 15
100.000 0.200 C4 15
100.200 0.200 C5 15
100.400 0.200 F#4 15
100.600 0.200 F#5 15
100.800 0.200 C4 15
101.000 0.200 C5 15
101.200 0.200 D#4 15
101.400 0.200 D#5 15
101.600 0.200 C4 15
101.800 0.200 C5 15
102.000 0.200 F#4 15
102.200 0.200 F#5 15
102.400 0.200 C4 15
102.600 0.200 C5 15
102.800 0.200 G4 15
103.000 0.200 G5 15
103.200 0.200 F#4 15
103.400 0.200 F#5 15
103.600 0.200 D#4 15
103.800 0.200 D#5 15
104.000 0.200 C4 15
104.200 0.200 C5 15
104.400 0.200 D#4 15
104.600 0.200 D#5 15
104.800 0.200 C4 15
105.000 0.200 C5 15
105.200 0.200 F#4 15
105.400 0.200 F#5 15
105.600 0.200 C4 15
105.800 0.200 C5 15
106.000 0.200 D#4 15
106.200 0.200 D#5 15
106.400 0.200 C4 15
106.600 0.200 C5 15
106.800 0.200 F#4 15
107.000 0.200 F#5 15
107.200 0.200 C4 15
107.400 0.200 C5 15
107.600 0.200 G4 15
107.800 0.200 G5 15
108.000 0.200 F#4 15
108.200 0.200 F#5 15
108.400 0.200 D#4 15
108.600 0.200 D#5 15
108.800 0.200 C4 15
109.000 0.200 G4 15
109.200 0.200 C5 15
109.400 0.200 C4 15
109.600 0.200 G4 15
109.800 0.200 A#4 15
110.000 0.200 C4 15
110.200 0.200 G4 15
110.400 0.200 C5 15
110.600 0.200 C4 15
110.800 0.200 G4 15
111.000 0.200 A#4 15
111.200 0.200 G4 15
111.400 0.200 C5 15
111.600 0.200 G4 15
111.800 0.200 A#4 15
112.000 0.200 C4 15
112.200 0.200 G4 15
112.400 0.200 C5 15
112.600 0.200 C4 15
112.800 0.200 G4 15
113.000 0.200 A#4 15
113.200 0.200 C4 15
113.400 0.200 G4 15
113.600 0.200 C5 15
113.800 0.200 C4 15
114.000 0.200 G4 15
114.200 0.200 A#4 15
114.400 0.200 G4 15
114.600 0.200 C5 15
114.800 0.200 G4 15
115.000 0.200 A#4 15
115.200 0.200 C4 15
115.400 0.200 C5 15
115.600 0.200 D#4 15
115.800 0.200 D#5 15
116.000 0.200 C4 15
116.200 0.200 C5 15
116.400 0.200 F#4 15
116.600 0.200 F#5 15
116.800 0.200 C4 15
117.000 0.200 C5 15
117.200 0.200 G4 15
117.400 0.200 G5 15
117.600 0.200 F#4 15
117.800 0.200 F#5 15
118.000 0.200 D#4 15
118.200 0.200 D#5 15
118.400 0.200 C4 15
118.600 0.200 C5 15
118.800 0.200 D#4 15
119.000 0.200 D#5 15
119.200 0.200 C4 15
119.400 0.200 C5 15
119.600 0.200 F#4 15
119.800 0.200 F#5 15
120.000 0.200 C4 15
120.200 0.200 C5 15
120.400 0.200 G4 15
120.600 0.200 G5 15
120.800 0.200 F#4 15
121.000 0.200 F#5 15
121.200 0.200 D#4 15
121.400 0.200 D#5 15
121.600 0.200 C4 15
121.800 0.200 C5 15
122.000 0.200 D#4 15
122.200 0.200 D#5 15
122.400 0.200 C4 15
122.600 0.200 C5 15
122.800 0.200 F#4 15
123.000 0.200 F#5 15
123.200 0.200 C4 15
123.400 0.200 C5 15
123.600 0.200 G4 15
123.800 0.200 G5 15
124.000 0.200 F#4 15
124.200 0.200 F#5 15
124.400 0.200 D#4 15
124.600 0.200 D#5 15
124.800 0.200 C4 15
125.000 0.200 C5 15
125.200 0.200 D#4 15
125.400 0.200 D#5 15
125.600 0.200 C4 15
125.800 0.200 C5 15
126.000 0.200 F#4 15
126.200 0.200 F#5 15
126.400 0.200 C4 15
126.600 0.200 C5 15
126.800 0.200 G4 15
127.000 0.200 G5 15
127.200 0.200 F#4 15
127.400 0.200 F#5 15
127.600 0.200 D#4 15
127.800 0.200 D#5 15
128.000 0.200 C4 15
128.200 0.200 C5 15
128.400 0.200 D#4 15
128.600 0.200 D#5 15
128.800 0.200 C4 15
129.000 0.200 C5 15
129.200 0.200 F#4 15
129.400 0.200 F#5 15
129.600 0.200 C4 15
129.800 0.200 C5 15
130.000 0.200 D#4 15
130.200 0.200 D#5 15
130.400 0.200 C4 15
130.600 0.200 C5 15
130.800 0.200 F#4 15
131.000 0.200 F#5 15
131.200 0.200 C4 15
131.400 0.200 C5 15
131.600 0.200 G4 15
131.800 0.200 G5 15
132.000 0.200 F#4 15
132.200 0.200 F#5 15
132.400 0.200 D#4 15
132.600 0.200 D#5 15
132.800 0.200 C4 15
133.000 0.200 C5 15
133.200 0.200 D#4 15
133.400 0.200 D#5 15
133.600 0.200 C4 15
133.800 0.200 C5 15
134.000 0.200 F#4 15
134.200 0.200 F#5 15
134.400 0.200 C4 15
134.600 0.200 C5 15
134.800 0.200 D#4 15
135.000 0.200 D#5 15
135.200 0.200 C4 15
135.400 0.200 C5 15
135.600 0.200 F#4 15
135.800 0.200 F#5 15
136.000 0.200 C4 15
136.200 0.200 C5 15
136.400 0.200 G4 15
136.600 0.200 G5 15
136.800 0.200 F#4 15
137.000 0.200 F#5 15
137.200 0.200 D#4 15
137.400 0.200 D#5 15
137.600 0.200 C4 15
137.800 0.200 C5 15
138.000 0.200 D#4 15
138.200 0.200 D#5 15
138.400 0.200 C4 15
138.600 0.200 C5 15
138.800 0.200 F#4 15
139.000 0.200 F#5 15
139.200 0.200 C4 15
139.400 0.200 C5 15
139.600 0.200 D#4 15
139.800 0.200 D#5 15
140.000 0.200 C4 15
140.200 0.200 C5 15
140.400 0.200 F#4 15
140.600 0.200 F#5 15
140.800 0.200 C4 15
141.000 0.200 C5 15
141.200 0.200 G4 15
141.400 0.200 G5 15
141.600 0.200 F#4 15
141.800 0.200 F#5 15
142.000 0.200 D#4 15
142.200 0.200 D#5 15
142.400 0.200 C4 15
142.600 0.200 C5 15
142.800 0.200 D#4 15
143.000 0.200 D#5 15
143.200 0.200 C4 15
143.400 0.200 C5 15
143.600 0.200 F#4 15
143.800 0.200 F#5 15
144.000 0.200 C4 15
144.200 0.200 C5 15
144.400 0.200 D#4 15
144.600 0.200 D#5 15
144.800 0.200 C4 15
145.000 0.200 C5 15
145.200 0.200 F#4 15
145.400 0.200 F#5 15
145.600 0.200 C4 15
145.800 0.200 C5 15
146.000 0.200 G4 15
146.200 0.200 G5 15
146.400 0.200 F#4 15
146.600 BEGIN_CYCLE
146.600 0.200 F#5 15
146.800 0.200 D#4 15
147.000 0.200 D#5 15
147.200 0.200 C4 15
147.400 0.200 G4 15
147.600 0.200 C5 15
147.800 0.200 C4 15
148.000 0.200 G4 15
148.200 0.200 A#4 15
148.400 0.200 C4 15
148.600 0.200 G4 15
148.800 0.200 C5 15
149.000 0.200 C4 15
149.200 0.200 G4 15
149.400 0.200 A#4 15
149.600 0.200 G4 15
149.800 0.200 C5 15
150.000 0.200 G4 15
150.200 0.200 A#4 15
150.400 0.200 C4 15
150.600 0.200 G4 15
150.800 0.200 C5 15
151.000 0.200 C4 15
151.200 0.200 G4 15
151.400 0.200 A#4 15
151.600 0.200 C4 15
151.800 0.200 G4 15
152.000 0.200 C5 15
152.200 0.200 C4 15
152.400 0.200 G4 15
152.600 0.200 A#4 15
152.800 0.200 G4 15
153.000 0.200 C5 15
153.200 0.200 G4 15
153.400 0.200 A#4 15
153.600 0.200 C4 15
153.800 0.200 C5 15
154.000 0.200 D#4 15
154.200 0.200 D#5 15
154.400 0.200 C4 15
154.600 0.200 C5 15
154.800 0.200 F#4 15
155.000 0.200 F#5 15
155.200 0.200 C4 15
155.400 0.200 C5 15
155.600 0.200 G4 15
155.800 0.200 G5 15
156.000 0.200 F#4 15
156.200 0.200 F#5 15
156.400 0.200 D#4 15
156.600 0.200 D#5 15
156.800 0.200 C4 15
157.000 0.200 C5 15
157.200 0.200 D#4 15
157.400 0.200 D#5 15
157.600 0.200 C4 15
157.800 0.200 C5 15
158.000 0.200 F#4 15
158.200 0.200 F#5 15
158.400 0.200 C4 15
158.600 0.200 C5 15
158.800 0.200 G4 15
159.000 0.200 G5 15
159.200 0.200 F#4 15
159.400 0.200 F#5 15
159.600 0.200 D#4 15
159.800 0.200 D#5 15
160.000 0.200 C4 15
160.200 0.200 C5 15
160.400 0.200 D#4 15
160.600 0.200 D#5 15
160.800 0.200 C4 15
161.000 0.200 C5 15
161.200 0.200 F#4 15
161.400 0.200 F#5 15
161.600 0.200 C4 15
161.800 0.200 C5 15
162.000 0.200 G4 15
162.200 0.200 G5 15
162.400 0.200 F#4 15
162.600 0.200 F#5 15
162.800 0.200 D#4 15
163.000 0.200 D#5 15
163.200 0.200 C4 15
163.400 0.200 C5 15
163.600 0.200 D#4 15
163.800 0.200 D#5 15
164.000 0.200 C4 15
164.200 0.200 C5 15
164.400 0.200 F#4 15
164.600 0.200 F#5 15
164.800 0.200 C4 15
165.000 0.200 C5 15
165.200 0.200 G4 15
165.400 0.200 G5 15
165.600 0.200 F#4 15
165.800 0.200 F#5 15
166.000 0.200 D#4 15
166.200 0.200 D#5 15
166.400 0.200 C4 15
166.600 0.200 C5 15
166.800 0.200 D#4 15
167.000 0.200 D#5 15
167.200 0.200 C4 15
167.400 0.200 C5 15
167.600 0.200 F#4 15
167.800 0.200 F#5 15
168.000 0.200 C4 15
168.200 0.200 C5 15
168.400 0.200 D#4 15
168.600 0.200 D#5 15
168.800 0.200 C4 15
169.000 0.200 C5 15
169.200 0.200 F#4 15
169.400 0.200 F#5 15
169.600 0.200 C4 15
169.800 0.200 C5 15
170.000 0.200 G4 15
170.200 0.200 G5 15
170.400 0.200 F#4 15
170.600 0.200 F#5 15
170.800 0.200 D#4 15
171.000 0.200 D#5 15
171.200 0.200 C4 15
171.400 0.200 C5 15
171.600 0.200 D#4 15
171.800 0.200 D#5 15
172.000 0.200 C4 15
172.200 0.200 C5 15
172.400 0.200 F#4 15
172.600 0.200 F#5 15
172.800 0.200 C4 15
173.000 0.200 C5 15
173.200 0.200 D#4 15
173.400 0.200 D#5 15
173.600 0.200 C4 15
173.800 0.200 C5 15
174.000 0.200 F#4 15
174.200 0.200 F#5 15
174.400 0.200 C4 15
174.600 0.200 C5 15
174.800 0.200 G4 15
175.000 0.200 G5 15
175.200 0.200 F#4 15
175.400 0.200 F#5 15
175.600 0.200 D#4 15
175.800 0.200 D#5 15
176.000 0.200 C4 15
176.200 0.200 C5 15
176.400 0.200 D#4 15
176.600 0.200 D#5 15
176.800 0.200 C4 15
177.000 0.200 C5 15
177.200 0.200 F#4 15
177.400 0.200 F#5 15
177.600 0.200 C4 15
177.800 0.200 C5 15
178.000 0.200 D#4 15
178.200 0.200 D#5 15
178.400 0.200 C4 15
178.600 0.200 C5 15
178.800 0.200 F#4 15
179.000 0.200 F#5 15
179.200 0.200 C4 15
179.400 0.200 C5 15
179.600 0.200 G4 15
179.800 0.200 G5 15
180.000 0.200 F#4 15
180.200 0.200 F#5 15
180.400 0.200 D#4 15
180.600 0.200 D#5 15
180.800 0.200 C4 15
181.000 0.200 C5 15
181.200 0.200 D#4 15
181.400 0.200 D#5 15
181.600 0.200 C4 15
181.800 0.200 C5 15
182.000 0.200 F#4 15
182.200 0.200 F#5 15
182.400 0.200 C4 15
182.600 0.200 C5 15
182.800 0.200 D#4 15
183.000 0.200 D#5 15
183.200 0.200 C4 15
183.400 0.200 C5 15
183.600 0.200 F#4 15
183.800 0.200 F#5 15
184.000 0.200 C4 15
184.200 0.200 C5 15
184.400 0.200 G4 15
184.600 0.200 G5 15
184.800 0.200 F#4 15
185.000 END_CYCLE

Noise(1062)
time dur noise vol drum
0.000 0.067 0 13 hihat_closed
0.400 0.067 3 12 snare_body
0.800 0.067 0 13 hihat_closed
1.000 0.067 0 13 hihat_closed
1.100 0.067 0 13 hihat_closed
1.200 0.067 3 12 snare_body
1.400 0.067 0 13 hihat_closed
1.600 0.067 0 13 hihat_closed
2.000 0.067 3 12 snare_body
2.400 0.067 0 13 hihat_closed
2.600 0.067 0 13 hihat_closed
2.700 0.067 0 13 hihat_closed
2.800 0.067 3 12 snare_body
3.000 0.067 0 13 hihat_closed
3.200 0.067 0 13 hihat_closed
3.600 0.067 3 12 snare_body
4.000 0.067 0 13 hihat_closed
4.200 0.067 0 13 hihat_closed
4.300 0.067 0 13 hihat_closed
4.400 0.067 3 12 snare_body
4.600 0.067 0 13 hihat_closed
4.800 0.067 0 13 hihat_closed
5.200 0.067 3 12 snare_body
5.600 0.067 0 13 hihat_closed
5.800 0.067 0 13 hihat_closed
5.900 0.067 0 13 hihat_closed
6.000 0.067 3 12 snare_body
6.200 0.067 0 13 hihat_closed
6.400 0.067 0 13 hihat_closed
6.800 0.067 3 12 snare_body
7.200 0.067 0 13 hihat_closed
7.400 0.067 0 13 hihat_closed
7.500 0.067 0 13 hihat_closed
7.600 0.067 3 12 snare_body
7.800 0.067 0 13 hihat_closed
8.000 0.067 0 13 hihat_closed
8.400 0.067 3 12 snare_body
8.800 0.067 0 13 hihat_closed
9.000 0.067 0 13 hihat_closed
9.100 0.067 0 13 hihat_closed
9.200 0.067 3 12 snare_body
9.400 0.067 0 13 hihat_closed
9.600 0.067 0 13 hihat_closed
10.000 0.067 3 12 snare_body
10.400 0.067 0 13 hihat_closed
10.600 0.067 0 13 hihat_closed
10.700 0.067 0 13 hihat_closed
10.800 0.067 3 12 snare_body
11.000 0.067 0 13 hihat_closed
11.200 0.067 0 13 hihat_closed
11.600 0.067 3 12 snare_body
12.000 0.067 0 13 hihat_closed
12.200 0.067 0 13 hihat_closed
12.300 0.067 0 13 hihat_closed
12.400 0.067 3 12 snare_body
12.600 0.067 0 13 hihat_closed
12.800 0.067 0 13 hihat_closed
13.200 0.067 3 12 snare_body
13.600 0.067 0 13 hihat_closed
13.800 0.067 0 13 hihat_closed
13.900 0.067 0 13 hihat_closed
14.000 0.067 3 12 snare_body
14.200 0.067 0 13 hihat_closed
14.400 0.067 0 13 hihat_closed
14.800 0.067 3 12 snare_body
15.200 0.067 0 13 hihat_closed
15.400 0.067 0 13 hihat_closed
15.500 0.067 0 13 hihat_closed
15.600 0.067 3 12 snare_body
15.800 0.067 0 13 hihat_closed
16.000 0.067 0 13 hihat_closed
16.400 0.067 3 12 snare_body
16.800 0.067 0 13 hihat_closed
17.000 0.067 0 13 hihat_closed
17.100 0.067 0 13 hihat_closed
17.200 0.067 3 12 snare_body
17.400 0.067 0 13 hihat_closed
17.600 0.067 0 13 hihat_closed
18.000 0.067 3 12 snare_body
18.400 0.067 0 13 hihat_closed
18.600 0.067 0 13 hihat_closed
18.700 0.067 0 13 hihat_closed
18.800 0.067 3 12 snare_body
19.000 0.067 0 13 hihat_closed
19.200 0.067 0 13 hihat_closed
19.600 0.067 3 12 snare_body
20.000 0.067 0 13 hihat_closed
20.200 0.067 0 13 hihat_closed
20.300 0.067 0 13 hihat_closed
20.400 0.067 3 12 snare_body
20.600 0.067 0 13 hihat_closed
20.800 0.067 0 13 hihat_closed
21.200 0.067 3 12 snare_body
21.600 0.067 0 13 hihat_closed
21.800 0.067 0 13 hihat_closed
21.900 0.067 0 13 hihat_closed
22.000 0.067 3 12 snare_body
22.200 0.067 0 13 hihat_closed
22.400 0.067 0 13 hihat_closed
22.800 0.067 3 12 snare_body
23.200 0.067 0 13 hihat_closed
23.400 0.067 0 13 hihat_closed
23.500 0.067 0 13 hihat_closed
23.600 0.067 3 12 snare_body
23.800 0.067 0 13 hihat_closed
24.000 0.067 0 13 hihat_closed
24.400 0.067 3 12 snare_body
24.800 0.067 0 13 hihat_closed
25.000 0.067 0 13 hihat_closed
25.100 0.067 0 13 hihat_closed
25.200 0.067 3 12 snare_body
25.400 0.067 0 13 hihat_closed
25.600 0.067 0 13 hihat_closed
26.000 0.067 3 12 snare_body
26.400 0.067 0 13 hihat_closed
26.600 0.067 0 13 hihat_closed
26.700 0.067 0 13 hihat_closed
26.800 0.067 3 12 snare_body
27.000 0.067 0 13 hihat_closed
27.200 0.067 0 13 hihat_closed
27.600 0.067 3 12 snare_body
28.000 0.067 0 13 hihat_closed
28.200 0.067 0 13 hihat_closed
28.300 0.067 0 13 hihat_closed
28.400 0.067 3 12 snare_body
28.600 0.067 0 13 hihat_closed
28.800 0.067 0 13 hihat_closed
29.200 0.067 3 12 snare_body
29.600 0.067 0 13 hihat_closed
29.800 0.067 0 13 hihat_closed
29.900 0.067 0 13 hihat_closed
30.000 0.067 3 12 snare_body
30.200 0.067 0 13 hihat_closed
30.400 0.067 0 13 hihat_closed
30.800 0.067 3 12 snare_body
31.200 0.067 0 13 hihat_closed
31.400 0.067 0 13 hihat_closed
31.500 0.067 0 13 hihat_closed
31.600 0.067 3 12 snare_body
31.800 0.067 0 13 hihat_closed
32.000 0.067 0 13 hihat_closed
32.400 0.067 3 12 snare_body
32.800 0.067 0 13 hihat_closed
33.000 0.067 0 13 hihat_closed
33.100 0.067 0 13 hihat_closed
33.200 0.067 3 12 snare_body
33.400 0.067 0 13 hihat_closed
33.600 0.067 0 13 hihat_closed
34.000 0.067 3 12 snare_body
34.400 0.067 0 13 hihat_closed
34.600 0.067 0 13 hihat_closed
34.700 0.067 0 13 hihat_closed
34.800 0.067 3 12 snare_body
35.000 0.067 0 13 hihat_closed
35.200 0.067 0 13 hihat_closed
35.600 0.067 3 12 snare_body
36.000 0.067 0 13 hihat_closed
36.200 0.067 0 13 hihat_closed
36.300 0.067 0 13 hihat_closed
36.400 0.067 3 12 snare_body
36.600 0.067 0 13 hihat_closed
36.800 0.067 0 13 hihat_closed
37.200 0.067 3 12 snare_body
37.600 0.067 0 13 hihat_closed
37.800 0.067 0 13 hihat_closed
37.900 0.067 0 13 hihat_closed
38.000 0.067 3 12 snare_body
38.200 0.067 0 13 hihat_closed
38.400 0.067 0 13 hihat_closed
38.800 0.067 3 12 snare_body
39.200 0.067 0 13 hihat_closed
39.400 0.067 0 13 hihat_closed
39.500 0.067 0 13 hihat_closed
39.600 0.067 3 12 snare_body
39.800 0.067 0 13 hihat_closed
40.000 0.067 0 13 hihat_closed
40.400 0.067 3 12 snare_body
40.800 0.067 0 13 hihat_closed
41.000 0.067 0 13 hihat_closed
41.100 0.067 0 13 hihat_closed
41.200 0.067 3 12 snare_body
41.400 0.067 0 13 hihat_closed
41.600 0.067 0 13 hihat_closed
42.000 0.067 3 12 snare_body
42.400 0.067 0 13 hihat_closed
42.600 0.067 0 13 hihat_closed
42.700 0.067 0 13 hihat_closed
42.800 0.067 3 12 snare_body
43.000 0.067 0 13 hihat_closed
43.200 0.067 0 13 hihat_closed
43.600 0.067 3 12 snare_body
44.000 0.067 0 13 hihat_closed
44.200 0.067 0 13 hihat_closed
44.300 0.067 0 13 hihat_closed
44.400 0.067 3 12 snare_body
44.600 0.067 0 13 hihat_closed
44.800 0.067 0 13 hihat_closed
45.200 0.067 3 12 snare_body
45.600 0.067 0 13 hihat_closed
45.800 0.067 0 13 hihat_closed
45.900 0.067 0 13 hihat_closed
46.000 0.067 3 12 snare_body
46.200 0.067 0 13 hihat_closed
46.400 0.067 0 13 hihat_closed
46.800 0.067 3 12 snare_body
47.200 0.067 0 13 hihat_closed
47.400 0.067 0 13 hihat_closed
47.500 0.067 0 13 hihat_closed
47.600 0.067 3 12 snare_body
47.800 0.067 0 13 hihat_closed
48.000 0.067 0 13 hihat_closed
48.400 0.067 3 12 snare_body
48.800 0.067 0 13 hihat_closed
49.000 0.067 0 13 hihat_closed
49.100 0.067 0 13 hihat_closed
49.200 0.067 3 12 snare_body
49.400 0.067 0 13 hihat_closed
49.600 0.067 0 13 hihat_closed
50.000 0.067 3 12 snare_body
50.400 0.067 0 13 hihat_closed
50.600 0.067 0 13 hihat_closed
50.700 0.067 0 13 hihat_closed
50.800 0.067 3 12 snare_body
51.000 0.067 0 13 hihat_closed
51.200 0.067 0 13 hihat_closed
51.600 0.067 3 12 snare_body
52.000 0.067 0 13 hihat_closed
52.200 0.067 0 13 hihat_closed
52.300 0.067 0 13 hihat_closed
52.400 0.067 3 12 snare_body
52.600 0.067 0 13 hihat_closed
52.800 0.067 0 13 hihat_closed
53.200 0.067 3 12 snare_body
53.600 0.067 0 13 hihat_closed
53.800 0.067 0 13 hihat_closed
53.900 0.067 0 13 hihat_closed
54.000 0.067 3 12 snare_body
54.200 0.067 0 13 hihat_closed
54.400 0.067 0 13 hihat_closed
54.800 0.067 3 12 snare_body
55.200 0.067 0 13 hihat_closed
55.400 0.067 0 13 hihat_closed
55.500 0.067 0 13 hihat_closed
55.600 0.067 3 12 snare_body
55.800 0.067 0 13 hihat_closed
56.000 0.067 0 13 hihat_closed
56.400 0.067 3 12 snare_body
56.800 0.067 0 13 hihat_closed
57.000 0.067 0 13 hihat_closed
57.100 0.067 0 13 hihat_closed
57.200 0.067 3 12 snare_body
57.400 0.067 0 13 hihat_closed
57.600 0.067 0 13 hihat_closed
58.000 0.067 3 12 snare_body
58.400 0.067 0 13 hihat_closed
58.600 0.067 0 13 hihat_closed
58.700 0.067 0 13 hihat_closed
58.800 0.067 3 12 snare_body
59.000 0.067 0 13 hihat_closed
59.200 0.067 0 13 hihat_closed
59.600 0.067 3 12 snare_body
60.000 0.067 0 13 hihat_closed
60.200 0.067 0 13 hihat_closed
60.300 0.067 0 13 hihat_closed
60.400 0.067 3 12 snare_body
60.600 0.067 0 13 hihat_closed
60.800 0.067 0 13 hihat_closed
61.200 0.067 3 12 snare_body
61.600 0.067 0 13 hihat_closed
61.800 0.067 0 13 hihat_closed
61.900 0.067 0 13 hihat_closed
62.000 0.067 3 12 snare_body
62.200 0.067 0 13 hihat_closed
62.400 0.067 0 13 hihat_closed
62.800 0.067 3 12 snare_body
63.200 0.067 0 13 hihat_closed
63.400 0.067 0 13 hihat_closed
63.500 0.067 0 13 hihat_closed
63.600 0.067 3 12 snare_body
63.800 0.067 0 13 hihat_closed
64.000 0.067 0 13 hihat_closed
64.400 0.067 3 12 snare_body
64.800 0.067 0 13 hihat_closed
65.000 0.067 0 13 hihat_closed
65.100 0.067 0 13 hihat_closed
65.200 0.067 3 12 snare_body
65.400 0.067 0 13 hihat_closed
65.600 0.067 0 13 hihat_closed
66.000 0.067 3 12 snare_body
66.400 0.067 0 13 hihat_closed
66.600 0.067 0 13 hihat_closed
66.700 0.067 0 13 hihat_closed
66.800 0.067 3 12 snare_body
67.000 0.067 0 13 hihat_closed
67.200 0.067 0 13 hihat_closed
67.600 0.067 3 12 snare_body
68.000 0.067 0 13 hihat_closed
68.200 0.067 0 13 hihat_closed
68.300 0.067 0 13 hihat_closed
68.400 0.067 3 12 snare_body
68.600 0.067 0 13 hihat_closed
68.800 0.067 0 13 hihat_closed
69.200 0.067 3 12 snare_body
69.600 0.067 0 13 hihat_closed
69.800 0.067 0 13 hihat_closed
69.900 0.067 0 13 hihat_closed
70.000 0.067 3 12 snare_body
70.200 0.067 0 13 hihat_closed
70.400 0.067 0 13 hihat_closed
70.800 0.067 3 12 snare_body
71.200 0.067 0 13 hihat_closed
71.400 0.067 0 13 hihat_closed
71.500 0.067 0 13 hihat_closed
71.600 0.067 3 12 snare_body
71.800 0.067 0 13 hihat_closed
72.000 0.067 0 13 hihat_closed
72.400 0.067 3 12 snare_body
72.800 0.067 0 13 hihat_closed
73.000 0.067 0 13 hihat_closed
73.100 0.067 0 13 hihat_closed
73.200 0.067 3 12 snare_body
73.400 0.067 0 13 hihat_closed
73.600 0.067 0 13 hihat_closed
74.000 0.067 3 12 snare_body
74.400 0.067 0 13 hihat_closed
74.600 0.067 0 13 hihat_closed
74.700 0.067 0 13 hihat_closed
74.800 0.067 3 12 snare_body
75.000 0.067 0 13 hihat_closed
75.200 0.067 0 13 hihat_closed
75.600 0.067 3 12 snare_body
76.000 0.067 0 13 hihat_closed
76.200 0.067 0 13 hihat_closed
76.300 0.067 0 13 hihat_closed
76.400 0.067 3 12 snare_body
76.600 0.067 0 13 hihat_closed
76.800 0.067 0 13 hihat_closed
77.200 0.067 3 12 snare_body
77.600 0.067 0 13 hihat_closed
77.800 0.067 0 13 hihat_closed
77.900 0.067 0 13 hihat_closed
78.000 0.067 3 12 snare_body
78.200 0.067 0 13 hihat_closed
78.400 0.067 0 13 hihat_closed
78.800 0.067 3 12 snare_body
79.200 0.067 0 13 hihat_closed
79.400 0.067 0 13 hihat_closed
79.500 0.067 0 13 hihat_closed
79.600 0.067 3 12 snare_body
79.800 0.067 0 13 hihat_closed
80.000 0.067 0 13 hihat_closed
80.400 0.067 3 12 snare_body
80.800 0.067 0 13 hihat_closed
81.000 0.067 0 13 hihat_closed
81.100 0.067 0 13 hihat_closed
81.200 0.067 3 12 snare_body
81.400 0.067 0 13 hihat_closed
81.600 0.067 0 13 hihat_closed
82.000 0.067 3 12 snare_body
82.400 0.067 0 13 hihat_closed
82.600 0.067 0 13 hihat_closed
82.700 0.067 0 13 hihat_closed
82.800 0.067 3 12 snare_body
83.000 0.067 0 13 hihat_closed
83.200 0.067 0 13 hihat_closed
83.600 0.067 3 12 snare_body
84.000 0.067 0 13 hihat_closed
84.200 0.067 0 13 hihat_closed
84.300 0.067 0 13 hihat_closed
84.400 0.067 3 12 snare_body
84.600 0.067 0 13 hihat_closed
84.800 0.067 0 13 hihat_closed
85.200 0.067 3 12 snare_body
85.600 0.067 0 13 hihat_closed
85.800 0.067 0 13 hihat_closed
85.900 0.067 0 13 hihat_closed
86.000 0.067 3 12 snare_body
86.200 0.067 0 13 hihat_closed
86.400 0.067 0 13 hihat_closed
86.800 0.067 3 12 snare_body
87.200 0.067 0 13 hihat_closed
87.400 0.067 0 13 hihat_closed
87.500 0.067 0 13 hihat_closed
87.600 0.067 3 12 snare_body
87.800 0.067 0 13 hihat_closed
88.000 0.067 0 13 hihat_closed
88.400 0.067 3 12 snare_body
88.800 0.067 0 13 hihat_closed
89.000 0.067 0 13 hihat_closed
89.100 0.067 0 13 hihat_closed
89.200 0.067 3 12 snare_body
89.400 0.067 0 13 hihat_closed
89.600 0.067 0 13 hihat_closed
90.000 0.067 3 12 snare_body
90.400 0.067 0 13 hihat_closed
90.600 0.067 0 13 hihat_closed
90.700 0.067 0 13 hihat_closed
90.800 0.067 3 12 snare_body
91.000 0.067 0 13 hihat_closed
91.200 0.067 0 13 hihat_closed
91.600 0.067 3 12 snare_body
92.000 0.067 0 13 hihat_closed
92.200 0.067 0 13 hihat_closed
92.300 0.067 0 13 hihat_closed
92.400 0.067 3 12 snare_body
92.600 0.067 0 13 hihat_closed
92.800 0.067 0 13 hihat_closed
93.200 0.067 3 12 snare_body
93.600 0.067 0 13 hihat_closed
93.800 0.067 0 13 hihat_closed
93.900 0.067 0 13 hihat_closed
94.000 0.067 3 12 snare_body
94.200 0.067 0 13 hihat_closed
94.400 0.067 0 13 hihat_closed
94.800 0.067 3 12 snare_body
95.200 0.067 0 13 hihat_closed
95.400 0.067 0 13 hihat_closed
95.500 0.067 0 13 hihat_closed
95.600 0.067 3 12 snare_body
95.800 0.067 0 13 hihat_closed
96.000 0.067 0 13 hihat_closed
96.400 0.067 3 12 snare_body
96.800 0.067 0 13 hihat_closed
97.000 0.067 0 13 hihat_closed
97.100 0.067 0 13 hihat_closed
97.200 0.067 3 12 snare_body
97.400 0.067 0 13 hihat_closed
97.600 0.067 0 13 hihat_closed
98.000 0.067 3 12 snare_body
98.400 0.067 0 13 hihat_closed
98.600 0.067 0 13 hihat_closed
98.700 0.067 0 13 hihat_closed
98.800 0.067 3 12 snare_body
99.000 0.067 0 13 hihat_closed
99.200 0.067 0 13 hihat_closed
99.600 0.067 3 12 snare_body
100.000 0.067 0 13 hihat_closed
100.200 0.067 0 13 hihat_closed
100.300 0.067 0 13 hihat_closed
100.400 0.067 3 12 snare_body
100.600 0.067 0 13 hihat_closed
100.800 0.067 0 13 hihat_closed
101.200 0.067 3 12 snare_body
101.600 0.067 0 13 hihat_closed
101.800 0.067 0 13 hihat_closed
101.900 0.067 0 13 hihat_closed
102.000 0.067 3 12 snare_body
102.200 0.067 0 13 hihat_closed
102.400 0.067 0 13 hihat_closed
102.800 0.067 3 12 snare_body
103.200 0.067 0 13 hihat_closed
103.400 0.067 0 13 hihat_closed
103.500 0.067 0 13 hihat_closed
103.600 0.067 3 12 snare_body
103.800 0.067 0 13 hihat_closed
104.000 0.067 0 13 hihat_closed
104.400 0.067 3 12 snare_body
104.800 0.067 0 13 hihat_closed
105.000 0.067 0 13 hihat_closed
105.100 0.067 0 13 hihat_closed
105.200 0.067 3 12 snare_body
105.400 0.067 0 13 hihat_closed
105.600 0.067 0 13 hihat_closed
106.000 0.067 3 12 snare_body
106.400 0.067 0 13 hihat_closed
106.600 0.067 0 13 hihat_closed
106.700 0.067 0 13 hihat_closed
106.800 0.067 3 12 snare_body
107.000 0.067 0 13 hihat_closed
107.200 0.067 0 13 hihat_closed
107.600 0.067 3 12 snare_body
108.000 0.067 0 13 hihat_closed
108.200 0.067 0 13 hihat_closed
108.300 0.067 0 13 hihat_closed
108.400 0.067 3 12 snare_body
108.600 0.067 0 13 hihat_closed
108.800 0.067 0 13 hihat_closed
109.200 0.067 3 12 snare_body
109.600 0.067 0 13 hihat_closed
109.800 0.067 0 13 hihat_closed
109.900 0.067 0 13 hihat_closed
110.000 0.067 3 12 snare_body
110.200 0.067 0 13 hihat_closed
110.400 0.067 0 13 hihat_closed
110.800 0.067 3 12 snare_body
111.200 0.067 0 13 hihat_closed
111.400 0.067 0 13 hihat_closed
111.500 0.067 0 13 hihat_closed
111.600 0.067 3 12 snare_body
111.800 0.067 0 13 hihat_closed
112.000 0.067 0 13 hihat_closed
112.400 0.067 3 12 snare_body
112.800 0.067 0 13 hihat_closed
113.000 0.067 0 13 hihat_closed
113.100 0.067 0 13 hihat_closed
113.200 0.067 3 12 snare_body
113.400 0.067 0 13 hihat_closed
113.600 0.067 0 13 hihat_closed
114.000 0.067 3 12 snare_body
114.400 0.067 0 13 hihat_closed
114.600 0.067 0 13 hihat_closed
114.700 0.067 0 13 hihat_closed
114.800 0.067 3 12 snare_body
115.000 0.067 0 13 hihat_closed
115.200 0.067 0 13 hihat_closed
115.600 0.067 3 12 snare_body
116.000 0.067 0 13 hihat_closed
116.200 0.067 0 13 hihat_closed
116.300 0.067 0 13 hihat_closed
116.400 0.067 3 12 snare_body
116.600 0.067 0 13 hihat_closed
116.800 0.067 0 13 hihat_closed
117.200 0.067 3 12 snare_body
117.600 0.067 0 13 hihat_closed
117.800 0.067 0 13 hihat_closed
117.900 0.067 0 13 hihat_closed
118.000 0.067 3 12 snare_body
118.200 0.067 0 13 hihat_closed
118.400 0.067 0 13 hihat_closed
118.800 0.067 3 12 snare_body
119.200 0.067 0 13 hihat_closed
119.400 0.067 0 13 hihat_closed
119.500 0.067 0 13 hihat_closed
119.600 0.067 3 12 snare_body
119.800 0.067 0 13 hihat_closed
120.000 0.067 0 13 hihat_closed
120.400 0.067 3 12 snare_body
120.800 0.067 0 13 hihat_closed
121.000 0.067 0 13 hihat_closed
121.100 0.067 0 13 hihat_closed
121.200 0.067 3 12 snare_body
121.400 0.067 0 13 hihat_closed
121.600 0.067 0 13 hihat_closed
122.000 0.067 3 12 snare_body
122.400 0.067 0 13 hihat_closed
122.600 0.067 0 13 hihat_closed
122.700 0.067 0 13 hihat_closed
122.800 0.067 3 12 snare_body
123.000 0.067 0 13 hihat_closed
123.200 0.067 0 13 hihat_closed
123.600 0.067 3 12 snare_body
124.000 0.067 0 13 hihat_closed
124.200 0.067 0 13 hihat_closed
124.300 0.067 0 13 hihat_closed
124.400 0.067 3 12 snare_body
124.600 0.067 0 13 hihat_closed
124.800 0.067 0 13 hihat_closed
125.200 0.067 3 12 snare_body
125.600 0.067 0 13 hihat_closed
125.800 0.067 0 13 hihat_closed
125.900 0.067 0 13 hihat_closed
126.000 0.067 3 12 snare_body
126.200 0.067 0 13 hihat_closed
126.400 0.067 0 13 hihat_closed
126.800 0.067 3 12 snare_body
127.200 0.067 0 13 hihat_closed
127.400 0.067 0 13 hihat_closed
127.500 0.067 0 13 hihat_closed
127.600 0.067 3 12 snare_body
127.800 0.067 0 13 hihat_closed
128.000 0.067 0 13 hihat_closed
128.400 0.067 3 12 snare_body
128.800 0.067 0 13 hihat_closed
129.000 0.067 0 13 hihat_closed
129.100 0.067 0 13 hihat_closed
129.200 0.067 3 12 snare_body
129.400 0.067 0 13 hihat_closed
129.600 0.067 0 13 hihat_closed
130.000 0.067 3 12 snare_body
130.400 0.067 0 13 hihat_closed
130.600 0.067 0 13 hihat_closed
130.700 0.067 0 13 hihat_closed
130.800 0.067 3 12 snare_body
131.000 0.067 0 13 hihat_closed
131.200 0.067 0 13 hihat_closed
131.600 0.067 3 12 snare_body
132.000 0.067 0 13 hihat_closed
132.200 0.067 0 13 hihat_closed
132.300 0.067 0 13 hihat_closed
132.400 0.067 3 12 snare_body
132.600 0.067 0 13 hihat_closed
132.800 0.067 0 13 hihat_closed
133.200 0.067 3 12 snare_body
133.600 0.067 0 13 hihat_closed
133.800 0.067 0 13 hihat_closed
133.900 0.067 0 13 hihat_closed
134.000 0.067 3 12 snare_body
134.200 0.067 0 13 hihat_closed
134.400 0.067 0 13 hihat_closed
134.800 0.067 3 12 snare_body
135.200 0.067 0 13 hihat_closed
135.400 0.067 0 13 hihat_closed
135.500 0.067 0 13 hihat_closed
135.600 0.067 3 12 snare_body
135.800 0.067 0 13 hihat_closed
136.000 0.067 0 13 hihat_closed
136.400 0.067 3 12 snare_body
136.800 0.067 0 13 hihat_closed
137.000 0.067 0 13 hihat_closed
137.100 0.067 0 13 hihat_closed
137.200 0.067 3 12 snare_body
137.400 0.067 0 13 hihat_closed
137.600 0.067 0 13 hihat_closed
138.000 0.067 3 12 snare_body
138.400 0.067 0 13 hihat_closed
138.600 0.067 0 13 hihat_closed
138.700 0.067 0 13 hihat_closed
138.800 0.067 3 12 snare_body
139.000 0.067 0 13 hihat_closed
139.200 0.067 0 13 hihat_closed
139.600 0.067 3 12 snare_body
140.000 0.067 0 13 hihat_closed
140.200 0.067 0 13 hihat_closed
140.300 0.067 0 13 hihat_closed
140.400 0.067 3 12 snare_body
140.600 0.067 0 13 hihat_closed
140.800 0.067 0 13 hihat_closed
141.200 0.067 3 12 snare_body
141.600 0.067 0 13 hihat_closed
141.800 0.067 0 13 hihat_closed
141.900 0.067 0 13 hihat_closed
142.000 0.067 3 12 snare_body
142.200 0.067 0 13 hihat_closed
142.400 0.067 0 13 hihat_closed
142.800 0.067 3 12 snare_body
143.200 0.067 0 13 hihat_closed
143.400 0.067 0 13 hihat_closed
143.500 0.067 0 13 hihat_closed
143.600 0.067 3 12 snare_body
143.800 0.067 0 13 hihat_closed
144.000 0.067 0 13 hihat_closed
144.400 0.067 3 12 snare_body
144.800 0.067 0 13 hihat_closed
145.000 0.067 0 13 hihat_closed
145.100 0.067 0 13 hihat_closed
145.200 0.067 3 12 snare_body
145.400 0.067 0 13 hihat_closed
145.600 0.067 0 13 hihat_closed
146.000 0.067 3 12 snare_body
146.400 0.067 0 13 hihat_closed
146.600 0.067 0 13 hihat_closed
146.700 0.067 0 13 hihat_closed
146.800 0.067 3 12 snare_body
147.000 0.067 0 13 hihat_closed
147.200 0.067 0 13 hihat_closed
147.600 0.067 3 12 snare_body
148.000 0.067 0 13 hihat_closed
148.200 0.067 0 13 hihat_closed
148.300 0.067 0 13 hihat_closed
148.400 0.067 3 12 snare_body
148.600 0.067 0 13 hihat_closed
148.800 0.067 0 13 hihat_closed
149.200 0.067 3 12 snare_body
149.600 0.067 0 13 hihat_closed
149.800 0.067 0 13 hihat_closed
149.900 0.067 0 13 hihat_closed
150.000 0.067 3 12 snare_body
150.200 0.067 0 13 hihat_closed
150.400 0.067 0 13 hihat_closed
150.800 0.067 3 12 snare_body
151.200 0.067 0 13 hihat_closed
151.400 0.067 0 13 hihat_closed
151.500 0.067 0 13 hihat_closed
151.600 0.067 3 12 snare_body
151.800 0.067 0 13 hihat_closed
152.000 0.067 0 13 hihat_closed
152.400 0.067 3 12 snare_body
152.800 0.067 0 13 hihat_closed
153.000 0.067 0 13 hihat_closed
153.100 0.067 0 13 hihat_closed
153.200 0.067 3 12 snare_body
153.400 0.067 0 13 hihat_closed
153.600 0.067 0 13 hihat_closed
154.000 0.067 3 12 snare_body
154.400 0.067 0 13 hihat_closed
154.600 0.067 0 13 hihat_closed
154.700 0.067 0 13 hihat_closed
154.800 0.067 3 12 snare_body
155.000 0.067 0 13 hihat_closed
155.200 0.067 0 13 hihat_closed
155.600 0.067 3 12 snare_body
156.000 0.067 0 13 hihat_closed
156.200 0.067 0 13 hihat_closed
156.300 0.067 0 13 hihat_closed
156.400 0.067 3 12 snare_body
156.600 0.067 0 13 hihat_closed
156.800 0.067 0 13 hihat_closed
157.200 0.067 3 12 snare_body
157.600 0.067 0 13 hihat_closed
157.800 0.067 0 13 hihat_closed
157.900 0.067 0 13 hihat_closed
158.000 0.067 3 12 snare_body
158.200 0.067 0 13 hihat_closed
158.400 0.067 0 13 hihat_closed
158.800 0.067 3 12 snare_body
159.200 0.067 0 13 hihat_closed
159.400 0.067 0 13 hihat_closed
159.500 0.067 0 13 hihat_closed
159.600 0.067 3 12 snare_body
159.800 0.067 0 13 hihat_closed
160.000 0.067 0 13 hihat_closed
160.400 0.067 3 12 snare_body
160.800 0.067 0 13 hihat_closed
161.000 0.067 0 13 hihat_closed
161.100 0.067 0 13 hihat_closed
161.200 0.067 3 12 snare_body
161.400 0.067 0 13 hihat_closed
161.600 0.067 0 13 hihat_closed
162.000 0.067 3 12 snare_body
162.400 0.067 0 13 hihat_closed
162.600 0.067 0 13 hihat_closed
162.700 0.067 0 13 hihat_closed
162.800 0.067 3 12 snare_body
163.000 0.067 0 13 hihat_closed
163.200 0.067 0 13 hihat_closed
163.600 0.067 3 12 snare_body
164.000 0.067 0 13 hihat_closed
164.200 0.067 0 13 hihat_closed
164.300 0.067 0 13 hihat_closed
164.400 0.067 3 12 snare_body
164.600 0.067 0 13 hihat_closed
164.800 0.067 0 13 hihat_closed
165.200 0.067 3 12 snare_body
165.600 0.067 0 13 hihat_closed
165.800 0.067 0 13 hihat_closed
165.900 0.067 0 13 hihat_closed
166.000 0.067 3 12 snare_body
166.200 0.067 0 13 hihat_closed
166.400 0.067 0 13 hihat_closed
166.800 0.067 3 12 snare_body
167.200 0.067 0 13 hihat_closed
167.400 0.067 0 13 hihat_closed
167.500 0.067 0 13 hihat_closed
167.600 0.067 3 12 snare_body
167.800 0.067 0 13 hihat_closed
168.000 0.067 0 13 hihat_closed
168.400 0.067 3 12 snare_body
168.800 0.067 0 13 hihat_closed
169.000 0.067 0 13 hihat_closed
169.100 0.067 0 13 hihat_closed
169.200 0.067 3 12 snare_body
169.400 0.067 0 13 hihat_closed
169.600 0.067 0 13 hihat_closed
170.000 0.067 3 12 snare_body
170.400 0.067 0 13 hihat_closed
170.600 0.067 0 13 hihat_closed
170.700 0.067 0 13 hihat_closed
170.800 0.067 3 12 snare_body
171.000 0.067 0 13 hihat_closed
171.200 0.067 0 13 hihat_closed
171.600 0.067 3 12 snare_body
172.000 0.067 0 13 hihat_closed
172.200 0.067 0 13 hihat_closed
172.300 0.067 0 13 hihat_closed
172.400 0.067 3 12 snare_body
172.600 0.067 0 13 hihat_closed
172.800 0.067 0 13 hihat_closed
173.200 0.067 3 12 snare_body
173.600 0.067 0 13 hihat_closed
173.800 0.067 0 13 hihat_closed
173.900 0.067 0 13 hihat_closed
174.000 0.067 3 12 snare_body
174.200 0.067 0 13 hihat_closed
174.400 0.067 0 13 hihat_closed
174.800 0.067 3 12 snare_body
175.200 0.067 0 13 hihat_closed
175.400 0.067 0 13 hihat_closed
175.500 0.067 0 13 hihat_closed
175.600 0.067 3 12 snare_body
175.800 0.067 0 13 hihat_closed
176.000 0.067 0 13 hihat_closed
176.400 0.067 3 12 snare_body
176.800 0.067 0 13 hihat_closed
177.000 0.067 0 13 hihat_closed
177.100 0.067 0 13 hihat_closed
177.200 0.067 3 12 snare_body
177.400 0.067 0 13 hihat_closed
177.600 0.067 0 13 hihat_closed
178.000 0.067 3 12 snare_body
178.400 0.067 0 13 hihat_closed
178.600 0.067 0 13 hihat_closed
178.700 0.067 0 13 hihat_closed
178.800 0.067 3 12 snare_body
179.000 0.067 0 13 hihat_closed
179.200 0.067 0 13 hihat_closed
179.600 0.067 3 12 snare_body
180.000 0.067 0 13 hihat_closed
180.200 0.067 0 13 hihat_closed
180.300 0.067 0 13 hihat_closed
180.400 0.067 3 12 snare_body
180.600 0.067 0 13 hihat_closed
180.800 0.067 0 13 hihat_closed
181.200 0.067 3 12 snare_body
181.600 0.067 0 13 hihat_closed
181.800 0.067 0 13 hihat_closed
181.900 0.067 0 13 hihat_closed
182.000 0.067 3 12 snare_body
182.200 0.067 0 13 hihat_closed
182.400 0.067 0 13 hihat_closed
182.800 0.067 3 12 snare_body
183.200 0.067 0 13 hihat_closed
183.400 0.067 0 13 hihat_closed
183.500 0.067 0 13 hihat_closed
183.600 0.067 3 12 snare_body
183.800 0.067 0 13 hihat_closed
184.000 0.067 0 13 hihat_closed
184.400 0.067 3 12 snare_body
184.800 0.067 0 13 hihat_closed
185.000 0.067 0 13 hihat_closed
185.100 0.067 0 13 hihat_closed
185.200 0.067 3 12 snare_body
185.400 0.067 0 13 hihat_closed
185.600 0.067 0 13 hihat_closed
186.000 0.067 3 12 snare_body
186.400 0.067 0 13 hihat_closed
186.600 0.067 0 13 hihat_closed
186.700 0.067 0 13 hihat_closed
186.800 0.067 3 12 snare_body
187.000 0.067 0 13 hihat_closed
187.200 0.067 0 13 hihat_closed
187.600 0.067 3 12 snare_body
188.000 0.067 0 13 hihat_closed
188.200 0.067 0 13 hihat_closed
188.300 0.067 0 13 hihat_closed
188.400 0.067 3 12 snare_body
188.600 0.067 0 13 hihat_closed
188.800 0.067 0 13 hihat_closed
189.200 0.067 3 12 snare_body
189.600 0.067 0 13 hihat_closed
189.800 0.067 0 13 hihat_closed
189.900 0.067 0 13 hihat_closed
190.000 0.067 3 12 snare_body
190.200 0.067 0 13 hihat_closed
190.400 0.067 0 13 hihat_closed
190.800 0.067 3 12 snare_body
191.200 0.067 0 13 hihat_closed
191.400 0.067 0 13 hihat_closed
191.500 0.067 0 13 hihat_closed
191.600 0.067 3 12 snare_body
191.800 0.067 0 13 hihat_closed
192.000 0.067 0 13 hihat_closed
192.400 0.067 3 12 snare_body
192.800 0.067 0 13 hihat_closed
193.000 0.067 0 13 hihat_closed
193.100 0.067 0 13 hihat_closed
193.200 0.067 3 12 snare_body
193.400 0.067 0 13 hihat_closed
193.600 0.067 0 13 hihat_closed
194.000 0.067 3 12 snare_body
194.400 0.067 0 13 hihat_closed
194.600 0.067 0 13 hihat_closed
194.700 0.067 0 13 hihat_closed
194.800 0.067 3 12 snare_body
195.000 0.067 0 13 hihat_closed
195.200 0.067 0 13 hihat_closed
195.600 0.067 3 12 snare_body
196.000 0.067 0 13 hihat_closed
196.200 0.067 0 13 hihat_closed
196.300 0.067 0 13 hihat_closed
196.400 0.067 3 12 snare_body
196.600 0.067 0 13 hihat_closed
196.800 0.067 0 13 hihat_closed
197.200 0.067 3 12 snare_body
197.600 0.067 0 13 hihat_closed
197.800 0.067 0 13 hihat_closed
197.900 0.067 0 13 hihat_closed
198.000 0.067 3 12 snare_body
198.200 0.067 0 13 hihat_closed
198.400 0.067 0 13 hihat_closed
198.800 0.067 3 12 snare_body
199.200 0.067 0 13 hihat_closed
199.400 0.067 0 13 hihat_closed
199.500 0.067 0 13 hihat_closed
199.600 0.067 3 12 snare_body
199.800 0.067 0 13 hihat_closed
200.000 0.067 0 13 hihat_closed
200.400 0.067 3 12 snare_body
200.800 0.067 0 13 hihat_closed
201.000 0.067 0 13 hihat_closed
201.100 0.067 0 13 hihat_closed
201.200 0.067 3 12 snare_body
201.400 0.067 0 13 hihat_closed
201.600 0.067 0 13 hihat_closed
202.000 0.067 3 12 snare_body
202.400 0.067 0 13 hihat_closed
202.600 0.067 0 13 hihat_closed
202.700 0.067 0 13 hihat_closed
202.800 0.067 3 12 snare_body
203.000 0.067 0 13 hihat_closed
203.200 0.067 0 13 hihat_closed
203.600 0.067 3 12 snare_body
204.000 0.067 0 13 hihat_closed
204.200 0.067 0 13 hihat_closed
204.300 0.067 0 13 hihat_closed
204.400 0.067 3 12 snare_body
204.600 0.067 0 13 hihat_closed
204.800 0.067 0 13 hihat_closed
205.200 0.067 3 12 snare_body
205.600 0.067 0 13 hihat_closed
205.800 0.067 0 13 hihat_closed
205.900 0.067 0 13 hihat_closed
206.000 0.067 3 12 snare_body
206.200 0.067 0 13 hihat_closed
206.400 0.067 0 13 hihat_closed
206.800 0.067 3 12 snare_body
207.200 0.067 0 13 hihat_closed
207.400 0.067 0 13 hihat_closed
207.500 0.067 0 13 hihat_closed
207.600 0.067 3 12 snare_body
207.800 0.067 0 13 hihat_closed
208.000 0.067 0 13 hihat_closed
208.400 0.067 3 12 snare_body
208.800 0.067 0 13 hihat_closed
209.000 0.067 0 13 hihat_closed
209.100 0.067 0 13 hihat_closed
209.200 0.067 3 12 snare_body
209.400 0.067 0 13 hihat_closed
209.600 0.067 0 13 hihat_closed
210.000 0.067 3 12 snare_body
210.400 0.067 0 13 hihat_closed
210.600 0.067 0 13 hihat_closed
210.700 0.067 0 13 hihat_closed
210.800 0.067 3 12 snare_body
211.000 0.067 0 13 hihat_closed
211.200 0.067 0 13 hihat_closed
211.600 0.067 3 12 snare_body
212.000 0.067 0 13 hihat_closed
212.200 0.067 0 13 hihat_closed
212.300 0.067 0 13 hihat_closed
212.400 0.067 3 12 snare_body
212.600 0.067 0 13 hihat_closed
212.800 0.067 0 13 hihat_closed
213.200 0.067 3 12 snare_body
213.600 0.067 0 13 hihat_closed
213.800 0.067 0 13 hihat_closed
213.900 0.067 0 13 hihat_closed
214.000 0.067 3 12 snare_body
214.200 0.067 0 13 hihat_closed
214.400 0.067 0 13 hihat_closed
214.800 0.067 3 12 snare_body
215.200 0.067 0 13 hihat_closed
215.400 0.067 0 13 hihat_closed
215.500 0.067 0 13 hihat_closed
215.600 0.067 3 12 snare_body
215.800 0.067 0 13 hihat_closed
216.000 0.067 0 13 hihat_closed
216.400 0.067 3 12 snare_body
216.800 0.067 0 13 hihat_closed
217.000 0.067 0 13 hihat_closed
217.100 0.067 0 13 hihat_closed
217.200 0.067 3 12 snare_body
217.400 0.067 0 13 hihat_closed
217.600 0.067 0 13 hihat_closed
218.000 0.067 3 12 snare_body
218.400 0.067 0 13 hihat_closed
218.600 0.067 0 13 hihat_closed
218.700 0.067 0 13 hihat_closed
218.800 0.067 3 12 snare_body
219.000 0.067 0 13 hihat_closed
219.200 0.067 0 13 hihat_closed
219.600 0.067 3 12 snare_body
220.000 0.067 0 13 hihat_closed
220.200 0.067 0 13 hihat_closed
220.300 0.067 0 13 hihat_closed
220.400 0.067 3 12 snare_body
220.600 0.067 0 13 hihat_closed
220.800 0.067 0 13 hihat_closed
221.200 0.067 3 12 snare_body
221.600 0.067 0 13 hihat_closed
221.800 0.067 0 13 hihat_closed
221.900 0.067 0 13 hihat_closed
222.000 0.067 3 12 snare_body
222.200 0.067 0 13 hihat_closed
222.400 0.067 0 13 hihat_closed
222.800 0.067 3 12 snare_body
223.200 0.067 0 13 hihat_closed
223.400 0.067 0 13 hihat_closed
223.500 0.067 0 13 hihat_closed
223.600 BEGIN_CYCLE
223.600 0.067 3 12 snare_body
223.800 0.067 0 13 hihat_closed
224.000 0.067 0 13 hihat_closed
224.400 0.067 3 12 snare_body
224.800 0.067 0 13 hihat_closed
225.000 0.067 0 13 hihat_closed
225.100 0.067 0 13 hihat_closed
225.200 0.067 3 12 snare_body
225.400 0.067 0 13 hihat_closed
225.600 0.067 0 13 hihat_closed
226.000 0.067 3 12 snare_body
226.400 0.067 0 13 hihat_closed
226.600 0.067 0 13 hihat_closed
226.700 0.067 0 13 hihat_closed
226.800 0.067 3 12 snare_body
227.000 0.067 0 13 hihat_closed
227.200 0.067 0 13 hihat_closed
227.600 0.067 3 12 snare_body
228.000 0.067 0 13 hihat_closed
228.200 0.067 0 13 hihat_closed
228.300 0.067 0 13 hihat_closed
228.400 0.067 3 12 snare_body
228.600 0.067 0 13 hihat_closed
228.800 0.067 0 13 hihat_closed
229.200 0.067 3 12 snare_body
229.600 0.067 0 13 hihat_closed
229.800 0.067 0 13 hihat_closed
229.900 0.067 0 13 hihat_closed
230.000 0.067 3 12 snare_body
230.200 0.067 0 13 hihat_closed
230.400 0.067 0 13 hihat_closed
230.800 0.067 3 12 snare_body
231.200 0.067 0 13 hihat_closed
231.400 0.067 0 13 hihat_closed
231.500 0.067 0 13 hihat_closed
231.600 0.067 3 12 snare_body
231.800 0.067 0 13 hihat_closed
232.000 0.067 0 13 hihat_closed
232.400 0.067 3 12 snare_body
232.800 0.067 0 13 hihat_closed
233.000 0.067 0 13 hihat_closed
233.100 0.067 0 13 hihat_closed
233.200 0.067 3 12 snare_body
233.400 0.067 0 13 hihat_closed
233.600 0.067 0 13 hihat_closed
234.000 0.067 3 12 snare_body
234.400 0.067 0 13 hihat_closed
234.600 0.067 0 13 hihat_closed
234.700 0.067 0 13 hihat_closed
234.800 0.067 3 12 snare_body
235.000 0.067 0 13 hihat_closed
235.200 0.067 0 13 hihat_closed
235.600 0.067 3 12 snare_body
236.000 0.067 0 13 hihat_closed
236.200 0.067 0 13 hihat_closed
236.300 0.067 0 13 hihat_closed
236.400 0.067 3 12 snare_body
236.600 0.067 0 13 hihat_closed
236.800 0.067 0 13 hihat_closed
237.200 0.067 3 12 snare_body
237.600 0.067 0 13 hihat_closed
237.800 0.067 0 13 hihat_closed
237.900 0.067 0 13 hihat_closed
238.000 0.067 3 12 snare_body
238.200 0.067 0 13 hihat_closed
238.400 0.067 0 13 hihat_closed
238.800 0.067 3 12 snare_body
239.200 0.067 0 13 hihat_closed
239.400 0.067 0 13 hihat_closed
239.500 0.067 0 13 hihat_closed
239.600 0.067 3 12 snare_body
239.800 0.067 0 13 hihat_closed
240.000 0.067 0 13 hihat_closed
240.400 0.067 3 12 snare_body
240.800 0.067 0 13 hihat_closed
241.000 0.067 0 13 hihat_closed
241.100 0.067 0 13 hihat_closed
241.200 0.067 3 12 snare_body
241.400 0.067 0 13 hihat_closed
241.600 0.067 0 13 hihat_closed
242.000 0.067 3 12 snare_body
242.400 0.067 0 13 hihat_closed
242.600 0.067 0 13 hihat_closed
242.700 0.067 0 13 hihat_closed
242.800 END_CYCLE
