ducktales2.nsf track=6 framerate=60

Square1(317)
time dur note vol
0.000 0.233 C5 7
0.350 0.117 C5 7
0.467 0.117 E5 7
0.700 0.933 G5 7
1.633 0.117 F5 7
1.750 0.117 E5 7
1.867 0.233 D5 7
2.217 0.117 D5 7
2.567 0.700 E5 7
3.733 0.233 C5 7
4.083 0.117 C5 7
4.200 0.117 E5 7
4.433 0.933 G5 7
5.367 0.117 F5 7
5.483 0.117 E5 7
5.600 0.233 D5 7
5.950 0.117 D5 7
6.300 0.467 C5 7
7.233 0.117 B4 7
7.350 0.117 A4 7
7.467 0.233 G4 7
7.817 0.117 G4 7
7.933 0.117 E5 7
8.167 0.350 D5 7
8.633 0.233 B4 7
8.867 0.233 C5 7
9.100 0.233 D5 7
9.333 0.100 C#5 7
9.450 0.100 C#5 7
9.683 0.100 C#5 7
9.800 0.100 C#5 7
10.033 0.700 D5 7
11.200 0.233 A4 7
11.550 0.117 A4 7
11.667 0.117 F#5 7
11.900 0.350 E5 7
12.367 0.233 C#5 7
12.600 0.233 D5 7
12.833 0.317 E5 7
13.183 0.083 E5 7
13.417 0.083 E5 7
13.533 0.083 E5 7
13.767 0.467 D5 7
14.933 0.933 E5 7
15.867 0.933 D5 7
16.800 0.933 C5 7
17.967 0.233 E5 7
18.200 0.233 F5 7
18.433 0.233 G5 7
18.667 0.933 E5 7
19.600 0.933 D5 7
20.533 0.933 C5 7
21.700 0.233 A#4 7
21.933 0.233 C5 7
22.167 0.233 E5 7
22.400 0.233 F5 7
22.750 0.117 F5 7
22.867 0.117 F4 7
23.100 0.350 F4 7
23.567 0.233 G4 7
23.800 0.233 A4 7
24.033 0.233 A#4 7
24.267 0.233 C5 7
24.500 0.467 F5 7
24.967 0.467 G5 7
25.433 0.233 F5 7
25.667 0.233 G5 7
25.900 0.233 A#5 7
26.133 0.467 A5 7
26.600 0.467 D5 7
27.067 0.467 E5 7
27.533 0.467 F5 7
28.000 0.233 G5 7
28.350 0.117 G5 7
28.700 0.233 G5 7
29.517 0.117 F5 7
29.633 0.117 E5 7
29.750 0.117 D5 7
29.867 0.233 C5 7
30.217 0.117 C5 7
30.333 0.117 E5 7
30.567 0.933 G5 7
31.500 0.117 F5 7
31.617 0.117 E5 7
31.733 0.233 D5 7
32.083 0.117 D5 7
32.433 0.700 E5 7
33.600 0.233 C5 7
33.950 0.117 C5 7
34.067 0.117 E5 7
34.300 0.933 G5 7
35.233 0.117 F5 7
35.350 0.117 E5 7
35.467 0.233 D5 7
35.817 0.117 D5 7
36.167 0.467 C5 7
37.100 0.117 B4 7
37.217 0.117 A4 7
37.333 0.233 G4 7
37.683 0.117 G4 7
37.800 0.117 E5 7
38.033 0.350 D5 7
38.500 0.233 B4 7
38.733 0.233 C5 7
38.967 0.233 D5 7
39.200 0.100 C#5 7
39.317 0.100 C#5 7
39.550 0.100 C#5 7
39.667 0.100 C#5 7
39.900 0.700 D5 7
41.067 0.233 A4 7
41.417 0.117 A4 7
41.533 0.117 F#5 7
41.767 0.350 E5 7
42.233 0.233 C#5 7
42.467 0.233 D5 7
42.700 0.317 E5 7
43.050 0.083 E5 7
43.283 0.083 E5 7
43.400 0.083 E5 7
43.633 0.467 D5 7
44.800 0.933 E5 7
45.733 0.933 D5 7
46.667 0.933 C5 7
47.833 0.233 E5 7
48.067 0.233 F5 7
48.300 0.233 G5 7
48.533 0.933 E5 7
49.467 0.933 D5 7
50.400 0.933 C5 7
51.567 0.233 A#4 7
51.800 0.233 C5 7
52.033 0.233 E5 7
52.267 0.233 F5 7
52.617 0.117 F5 7
52.733 0.117 F4 7
52.967 0.350 F4 7
53.433 0.233 G4 7
53.667 0.233 A4 7
53.900 0.233 A#4 7
54.133 0.233 C5 7
54.367 0.467 F5 7
54.833 0.467 G5 7
55.300 0.233 F5 7
55.533 0.233 G5 7
55.767 0.233 A#5 7
56.000 0.467 A5 7
56.467 0.467 D5 7
56.933 0.467 E5 7
57.400 0.467 F5 7
57.867 0.233 G5 7
58.217 0.117 G5 7
58.567 0.233 G5 7
59.383 0.117 F5 7
59.500 0.117 E5 7
59.617 0.117 D5 7
59.733 0.233 C5 7
60.083 0.117 C5 7
60.200 0.117 E5 7
60.433 0.933 G5 7
61.367 0.117 F5 7
61.483 BEGIN_CYCLE
61.483 0.117 E5 7
61.600 0.233 D5 7
61.950 0.117 D5 7
62.300 0.700 E5 7
63.467 0.233 C5 7
63.817 0.117 C5 7
63.933 0.117 E5 7
64.167 0.933 G5 7
65.100 0.117 F5 7
65.217 0.117 E5 7
65.333 0.233 D5 7
65.683 0.117 D5 7
66.033 0.467 C5 7
66.967 0.117 B4 7
67.083 0.117 A4 7
67.200 0.233 G4 7
67.550 0.117 G4 7
67.667 0.117 E5 7
67.900 0.350 D5 7
68.367 0.233 B4 7
68.600 0.233 C5 7
68.833 0.233 D5 7
69.067 0.100 C#5 7
69.183 0.100 C#5 7
69.417 0.100 C#5 7
69.533 0.100 C#5 7
69.767 0.700 D5 7
70.933 0.233 A4 7
71.283 0.117 A4 7
71.400 0.117 F#5 7
71.633 0.350 E5 7
72.100 0.233 C#5 7
72.333 0.233 D5 7
72.567 0.317 E5 7
72.917 0.083 E5 7
73.150 0.083 E5 7
73.267 0.083 E5 7
73.500 0.467 D5 7
74.667 0.933 E5 7
75.600 0.933 D5 7
76.533 0.933 C5 7
77.700 0.233 E5 7
77.933 0.233 F5 7
78.167 0.233 G5 7
78.400 0.933 E5 7
79.333 0.933 D5 7
80.267 0.933 C5 7
81.433 0.233 A#4 7
81.667 0.233 C5 7
81.900 0.233 E5 7
82.133 0.233 F5 7
82.483 0.117 F5 7
82.600 0.117 F4 7
82.833 0.350 F4 7
83.300 0.233 G4 7
83.533 0.233 A4 7
83.767 0.233 A#4 7
84.000 0.233 C5 7
84.233 0.467 F5 7
84.700 0.467 G5 7
85.167 0.233 F5 7
85.400 0.233 G5 7
85.633 0.233 A#5 7
85.867 0.467 A5 7
86.333 0.467 D5 7
86.800 0.467 E5 7
87.267 0.467 F5 7
87.733 0.233 G5 7
88.083 0.117 G5 7
88.433 0.233 G5 7
89.250 0.117 F5 7
89.367 0.117 E5 7
89.483 0.117 D5 7
89.600 0.233 C5 7
89.950 0.117 C5 7
90.067 0.117 E5 7
90.300 0.933 G5 7
91.233 0.117 F5 7
91.350 0.117 E5 7
91.467 0.233 D5 7
91.817 0.117 D5 7
92.167 0.700 E5 7
93.333 0.233 C5 7
93.683 0.117 C5 7
93.800 0.117 E5 7
94.033 0.933 G5 7
94.967 0.117 F5 7
95.083 0.117 E5 7
95.200 0.233 D5 7
95.550 0.117 D5 7
95.900 0.467 C5 7
96.833 0.117 B4 7
96.950 0.117 A4 7
97.067 0.233 G4 7
97.417 0.117 G4 7
97.533 0.117 E5 7
97.767 0.350 D5 7
98.233 0.233 B4 7
98.467 0.233 C5 7
98.700 0.233 D5 7
98.933 0.100 C#5 7
99.050 0.100 C#5 7
99.283 0.100 C#5 7
99.400 0.100 C#5 7
99.633 0.700 D5 7
100.800 0.233 A4 7
101.150 0.117 A4 7
101.267 0.117 F#5 7
101.500 0.350 E5 7
101.967 0.233 C#5 7
102.200 0.233 D5 7
102.433 0.317 E5 7
102.783 0.083 E5 7
103.017 0.083 E5 7
103.133 0.083 E5 7
103.367 0.467 D5 7
104.533 0.933 E5 7
105.467 0.933 D5 7
106.400 0.933 C5 7
107.567 0.233 E5 7
107.800 0.233 F5 7
108.033 0.233 G5 7
108.267 0.933 E5 7
109.200 0.933 D5 7
110.133 0.933 C5 7
111.300 0.233 A#4 7
111.533 0.233 C5 7
111.767 0.233 E5 7
112.000 0.233 F5 7
112.350 0.117 F5 7
112.467 0.117 F4 7
112.700 0.350 F4 7
113.167 0.233 G4 7
113.400 0.233 A4 7
113.633 0.233 A#4 7
113.867 0.233 C5 7
114.100 0.467 F5 7
114.567 0.467 G5 7
115.033 0.233 F5 7
115.267 0.233 G5 7
115.500 0.233 A#5 7
115.733 0.467 A5 7
116.200 0.467 D5 7
116.667 0.467 E5 7
117.133 0.467 F5 7
117.600 0.233 G5 7
117.950 0.117 G5 7
118.300 0.233 G5 7
119.117 0.117 F5 7
119.233 0.117 E5 7
119.350 0.117 D5 7
119.467 0.233 C5 7
119.817 0.117 C5 7
119.933 0.117 E5 7
120.167 0.933 G5 7
121.100 0.117 F5 7
121.217 END_CYCLE

Square2(317)
time dur note vol
0.033 0.233 C5 4
0.383 0.117 C5 4
0.500 0.117 E5 4
0.733 0.933 G5 4
1.667 0.117 F5 4
1.783 0.117 E5 4
1.900 0.233 D5 4
2.250 0.117 D5 4
2.600 0.700 E5 4
3.767 0.233 C5 4
4.117 0.117 C5 4
4.233 0.117 E5 4
4.467 0.933 G5 4
5.400 0.117 F5 4
5.517 0.117 E5 4
5.633 0.233 D5 4
5.983 0.117 D5 4
6.333 0.467 C5 4
7.267 0.117 B4 4
7.383 0.117 A4 4
7.500 0.233 G4 4
7.850 0.117 G4 4
7.967 0.117 E5 4
8.200 0.350 D5 4
8.667 0.233 B4 4
8.900 0.233 C5 4
9.133 0.233 D5 4
9.367 0.100 C#5 4
9.483 0.100 C#5 4
9.717 0.100 C#5 4
9.833 0.100 C#5 4
10.067 0.700 D5 4
11.233 0.233 A4 4
11.583 0.117 A4 4
11.700 0.117 F#5 4
11.933 0.350 E5 4
12.400 0.233 C#5 4
12.633 0.233 D5 4
12.867 0.317 E5 4
13.217 0.083 E5 4
13.450 0.083 E5 4
13.567 0.083 E5 4
13.800 0.467 D5 4
14.967 0.933 E5 4
15.900 0.933 D5 4
16.833 0.933 C5 4
18.000 0.233 E5 4
18.233 0.233 F5 4
18.467 0.233 G5 4
18.700 0.933 E5 4
19.633 0.933 D5 4
20.567 0.933 C5 4
21.733 0.233 A#4 4
21.967 0.233 C5 4
22.200 0.233 E5 4
22.433 0.233 F5 4
22.783 0.117 F5 4
22.900 0.117 F4 4
23.133 0.350 F4 4
23.600 0.233 G4 4
23.833 0.233 A4 4
24.067 0.233 A#4 4
24.300 0.233 C5 4
24.533 0.467 F5 4
25.000 0.467 G5 4
25.467 0.233 F5 4
25.700 0.233 G5 4
25.933 0.233 A#5 4
26.167 0.467 A5 4
26.633 0.467 D5 4
27.100 0.467 E5 4
27.567 0.467 F5 4
28.033 0.233 G5 4
28.383 0.117 G5 4
28.733 0.233 G5 4
29.550 0.117 F5 4
29.667 0.117 E5 4
29.783 0.117 D5 4
29.900 0.233 C5 4
30.250 0.117 C5 4
30.367 0.117 E5 4
30.600 0.933 G5 4
31.533 0.117 F5 4
31.650 0.117 E5 4
31.767 0.233 D5 4
32.117 0.117 D5 4
32.467 0.700 E5 4
33.633 0.233 C5 4
33.983 0.117 C5 4
34.100 0.117 E5 4
34.333 0.933 G5 4
35.267 0.117 F5 4
35.383 0.117 E5 4
35.500 0.233 D5 4
35.850 0.117 D5 4
36.200 0.467 C5 4
37.133 0.117 B4 4
37.250 0.117 A4 4
37.367 0.233 G4 4
37.717 0.117 G4 4
37.833 0.117 E5 4
38.067 0.350 D5 4
38.533 0.233 B4 4
38.767 0.233 C5 4
39.000 0.233 D5 4
39.233 0.100 C#5 4
39.350 0.100 C#5 4
39.583 0.100 C#5 4
39.700 0.100 C#5 4
39.933 0.700 D5 4
41.100 0.233 A4 4
41.450 0.117 A4 4
41.567 0.117 F#5 4
41.800 0.350 E5 4
42.267 0.233 C#5 4
42.500 0.233 D5 4
42.733 0.317 E5 4
43.083 0.083 E5 4
43.317 0.083 E5 4
43.433 0.083 E5 4
43.667 0.467 D5 4
44.833 0.933 E5 4
45.767 0.933 D5 4
46.700 0.933 C5 4
47.867 0.233 E5 4
48.100 0.233 F5 4
48.333 0.233 G5 4
48.567 0.933 E5 4
49.500 0.933 D5 4
50.433 0.933 C5 4
51.600 0.233 A#4 4
51.833 0.233 C5 4
52.067 0.233 E5 4
52.300 0.233 F5 4
52.650 0.117 F5 4
52.767 0.117 F4 4
53.000 0.350 F4 4
53.467 0.233 G4 4
53.700 0.233 A4 4
53.933 0.233 A#4 4
54.167 0.233 C5 4
54.400 0.467 F5 4
54.867 0.467 G5 4
55.333 0.233 F5 4
55.567 0.233 G5 4
55.800 0.233 A#5 4
56.033 0.467 A5 4
56.500 0.467 D5 4
56.967 0.467 E5 4
57.433 0.467 F5 4
57.900 0.233 G5 4
58.250 0.117 G5 4
58.600 0.233 G5 4
59.417 0.117 F5 4
59.533 0.117 E5 4
59.650 0.117 D5 4
59.767 0.233 C5 4
60.117 0.117 C5 4
60.233 0.117 E5 4
60.467 0.933 G5 4
61.400 0.117 F5 4
61.517 BEGIN_CYCLE
61.517 0.117 E5 4
61.633 0.233 D5 4
61.983 0.117 D5 4
62.333 0.700 E5 4
63.500 0.233 C5 4
63.850 0.117 C5 4
63.967 0.117 E5 4
64.200 0.933 G5 4
65.133 0.117 F5 4
65.250 0.117 E5 4
65.367 0.233 D5 4
65.717 0.117 D5 4
66.067 0.467 C5 4
67.000 0.117 B4 4
67.117 0.117 A4 4
67.233 0.233 G4 4
67.583 0.117 G4 4
67.700 0.117 E5 4
67.933 0.350 D5 4
68.400 0.233 B4 4
68.633 0.233 C5 4
68.867 0.233 D5 4
69.100 0.100 C#5 4
69.217 0.100 C#5 4
69.450 0.100 C#5 4
69.567 0.100 C#5 4
69.800 0.700 D5 4
70.967 0.233 A4 4
71.317 0.117 A4 4
71.433 0.117 F#5 4
71.667 0.350 E5 4
72.133 0.233 C#5 4
72.367 0.233 D5 4
72.600 0.317 E5 4
72.950 0.083 E5 4
73.183 0.083 E5 4
73.300 0.083 E5 4
73.533 0.467 D5 4
74.700 0.933 E5 4
75.633 0.933 D5 4
76.567 0.933 C5 4
77.733 0.233 E5 4
77.967 0.233 F5 4
78.200 0.233 G5 4
78.433 0.933 E5 4
79.367 0.933 D5 4
80.300 0.933 C5 4
81.467 0.233 A#4 4
81.700 0.233 C5 4
81.933 0.233 E5 4
82.167 0.233 F5 4
82.517 0.117 F5 4
82.633 0.117 F4 4
82.867 0.350 F4 4
83.333 0.233 G4 4
83.567 0.233 A4 4
83.800 0.233 A#4 4
84.033 0.233 C5 4
84.267 0.467 F5 4
84.733 0.467 G5 4
85.200 0.233 F5 4
85.433 0.233 G5 4
85.667 0.233 A#5 4
85.900 0.467 A5 4
86.367 0.467 D5 4
86.833 0.467 E5 4
87.300 0.467 F5 4
87.767 0.233 G5 4
88.117 0.117 G5 4
88.467 0.233 G5 4
89.283 0.117 F5 4
89.400 0.117 E5 4
89.517 0.117 D5 4
89.633 0.233 C5 4
89.983 0.117 C5 4
90.100 0.117 E5 4
90.333 0.933 G5 4
91.267 0.117 F5 4
91.383 0.117 E5 4
91.500 0.233 D5 4
91.850 0.117 D5 4
92.200 0.700 E5 4
93.367 0.233 C5 4
93.717 0.117 C5 4
93.833 0.117 E5 4
94.067 0.933 G5 4
95.000 0.117 F5 4
95.117 0.117 E5 4
95.233 0.233 D5 4
95.583 0.117 D5 4
95.933 0.467 C5 4
96.867 0.117 B4 4
96.983 0.117 A4 4
97.100 0.233 G4 4
97.450 0.117 G4 4
97.567 0.117 E5 4
97.800 0.350 D5 4
98.267 0.233 B4 4
98.500 0.233 C5 4
98.733 0.233 D5 4
98.967 0.100 C#5 4
99.083 0.100 C#5 4
99.317 0.100 C#5 4
99.433 0.100 C#5 4
99.667 0.700 D5 4
100.833 0.233 A4 4
101.183 0.117 A4 4
101.300 0.117 F#5 4
101.533 0.350 E5 4
102.000 0.233 C#5 4
102.233 0.233 D5 4
102.467 0.317 E5 4
102.817 0.083 E5 4
103.050 0.083 E5 4
103.167 0.083 E5 4
103.400 0.467 D5 4
104.567 0.933 E5 4
105.500 0.933 D5 4
106.433 0.933 C5 4
107.600 0.233 E5 4
107.833 0.233 F5 4
108.067 0.233 G5 4
108.300 0.933 E5 4
109.233 0.933 D5 4
110.167 0.933 C5 4
111.333 0.233 A#4 4
111.567 0.233 C5 4
111.800 0.233 E5 4
112.033 0.233 F5 4
112.383 0.117 F5 4
112.500 0.117 F4 4
112.733 0.350 F4 4
113.200 0.233 G4 4
113.433 0.233 A4 4
113.667 0.233 A#4 4
113.900 0.233 C5 4
114.133 0.467 F5 4
114.600 0.467 G5 4
115.067 0.233 F5 4
115.300 0.233 G5 4
115.533 0.233 A#5 4
115.767 0.467 A5 4
116.233 0.467 D5 4
116.700 0.467 E5 4
117.167 0.467 F5 4
117.633 0.233 G5 4
117.983 0.117 G5 4
118.333 0.233 G5 4
119.150 0.117 F5 4
119.267 0.117 E5 4
119.383 0.117 D5 4
119.500 0.233 C5 4
119.850 0.117 C5 4
119.967 0.117 E5 4
120.200 0.933 G5 4
121.133 0.117 F5 4
121.250 END_CYCLE

Triangle(426)
time dur note vol
0.000 0.233 G4 15
0.350 0.117 G4 15
0.467 0.233 E5 15
0.700 0.350 C5 15
1.167 0.233 B4 15
1.400 0.233 C5 15
1.633 0.233 D5 15
1.867 0.233 G4 15
2.217 0.117 G4 15
2.333 0.233 E5 15
2.567 0.350 C5 15
3.033 0.233 B4 15
3.267 0.233 C5 15
3.500 0.233 D5 15
3.733 0.233 G4 15
4.083 0.117 G4 15
4.200 0.233 E5 15
4.433 0.350 C5 15
4.900 0.233 B4 15
5.133 0.233 C5 15
5.367 0.233 D5 15
5.600 0.233 G4 15
5.950 0.117 G4 15
6.067 0.233 E5 15
6.300 0.467 C5 15
7.000 0.233 B4 15
7.233 0.117 C5 15
7.350 0.117 D5 15
7.467 0.233 A4 15
7.817 0.117 A4 15
7.933 0.117 F#5 15
8.167 0.600 D5 15
9.100 0.117 B4 15
9.217 0.117 D5 15
9.333 0.233 A4 15
9.683 0.117 A4 15
9.800 0.117 F#5 15
10.033 0.600 D5 15
10.967 0.117 B4 15
11.083 0.117 D5 15
11.200 0.233 F#4 15
11.550 0.117 F#4 15
11.667 0.117 D5 15
11.900 0.600 A4 15
12.833 0.117 B4 15
12.950 0.117 D5 15
13.067 0.233 A4 15
13.417 0.117 A4 15
13.533 0.117 F#5 15
13.767 0.350 D5 15
14.233 0.233 B4 15
14.467 0.233 D5 15
14.700 0.233 F#4 15
14.933 0.233 F4 15
15.283 0.117 F4 15
15.400 0.233 C5 15
15.633 0.350 E5 15
16.100 0.233 A4 15
16.333 0.233 B4 15
16.567 0.233 C5 15
16.800 0.233 F4 15
17.150 0.117 F4 15
17.267 0.233 C5 15
17.500 0.350 E5 15
17.967 0.233 A4 15
18.200 0.233 B4 15
18.433 0.233 C5 15
18.667 0.233 G4 15
19.017 0.117 G4 15
19.133 0.233 A#4 15
19.367 0.350 E5 15
19.833 0.233 C5 15
20.067 0.233 D5 15
20.300 0.233 A#4 15
20.533 0.233 G4 15
20.883 0.117 G4 15
21.000 0.233 A#4 15
21.233 0.350 E5 15
21.700 0.233 C5 15
21.933 0.233 D5 15
22.167 0.233 A#4 15
22.400 0.233 A4 15
22.750 0.117 A4 15
22.867 0.117 F5 15
23.100 0.600 C5 15
24.033 0.117 A#4 15
24.150 0.117 D5 15
24.267 0.233 A4 15
24.617 0.117 A4 15
24.733 0.117 F5 15
24.967 0.600 C5 15
25.900 0.117 A#4 15
26.017 0.117 D5 15
26.133 0.233 F#4 15
26.483 0.117 F#4 15
26.600 0.117 E5 15
26.833 0.600 C5 15
27.767 0.117 A4 15
27.883 0.117 B4 15
28.000 0.233 G4 15
28.350 0.117 G4 15
28.467 0.117 C5 15
28.700 0.233 C5 15
29.633 0.117 B4 15
29.750 0.117 A4 15
29.867 0.233 G4 15
30.217 0.117 G4 15
30.333 0.233 E5 15
30.567 0.350 C5 15
31.033 0.233 B4 15
31.267 0.233 C5 15
31.500 0.233 D5 15
31.733 0.233 G4 15
32.083 0.117 G4 15
32.200 0.233 E5 15
32.433 0.350 C5 15
32.900 0.233 B4 15
33.133 0.233 C5 15
33.367 0.233 D5 15
33.600 0.233 G4 15
33.950 0.117 G4 15
34.067 0.233 E5 15
34.300 0.350 C5 15
34.767 0.233 B4 15
35.000 0.233 C5 15
35.233 0.233 D5 15
35.467 0.233 G4 15
35.817 0.117 G4 15
35.933 0.233 E5 15
36.167 0.467 C5 15
36.867 0.233 B4 15
37.100 0.117 C5 15
37.217 0.117 D5 15
37.333 0.233 A4 15
37.683 0.117 A4 15
37.800 0.117 F#5 15
38.033 0.600 D5 15
38.967 0.117 B4 15
39.083 0.117 D5 15
39.200 0.233 A4 15
39.550 0.117 A4 15
39.667 0.117 F#5 15
39.900 0.600 D5 15
40.833 0.117 B4 15
40.950 0.117 D5 15
41.067 0.233 F#4 15
41.417 0.117 F#4 15
41.533 0.117 D5 15
41.767 0.600 A4 15
42.700 0.117 B4 15
42.817 0.117 D5 15
42.933 0.233 A4 15
43.283 0.117 A4 15
43.400 0.117 F#5 15
43.633 0.350 D5 15
44.100 0.233 B4 15
44.333 0.233 D5 15
44.567 0.233 F#4 15
44.800 0.233 F4 15
45.150 0.117 F4 15
45.267 0.233 C5 15
45.500 0.350 E5 15
45.967 0.233 A4 15
46.200 0.233 B4 15
46.433 0.233 C5 15
46.667 0.233 F4 15
47.017 0.117 F4 15
47.133 0.233 C5 15
47.367 0.350 E5 15
47.833 0.233 A4 15
48.067 0.233 B4 15
48.300 0.233 C5 15
48.533 0.233 G4 15
48.883 0.117 G4 15
49.000 0.233 A#4 15
49.233 0.350 E5 15
49.700 0.233 C5 15
49.933 0.233 D5 15
50.167 0.233 A#4 15
50.400 0.233 G4 15
50.750 0.117 G4 15
50.867 0.233 A#4 15
51.100 0.350 E5 15
51.567 0.233 C5 15
51.800 0.233 D5 15
52.033 0.233 A#4 15
52.267 0.233 A4 15
52.617 0.117 A4 15
52.733 0.117 F5 15
52.967 0.600 C5 15
53.900 0.117 A#4 15
54.017 0.117 D5 15
54.133 0.233 A4 15
54.483 0.117 A4 15
54.600 0.117 F5 15
54.833 0.600 C5 15
55.767 0.117 A#4 15
55.883 0.117 D5 15
56.000 0.233 F#4 15
56.350 0.117 F#4 15
56.467 0.117 E5 15
56.700 0.600 C5 15
57.633 0.117 A4 15
57.750 0.117 B4 15
57.867 0.233 G4 15
58.217 0.117 G4 15
58.333 0.117 C5 15
58.567 0.233 C5 15
59.500 0.117 B4 15
59.617 0.117 A4 15
59.733 0.233 G4 15
60.083 0.117 G4 15
60.200 0.233 E5 15
60.433 0.350 C5 15
60.900 0.233 B4 15
61.133 0.233 C5 15
61.367 BEGIN_CYCLE
61.367 0.233 D5 15
61.600 0.233 G4 15
61.950 0.117 G4 15
62.067 0.233 E5 15
62.300 0.350 C5 15
62.767 0.233 B4 15
63.000 0.233 C5 15
63.233 0.233 D5 15
63.467 0.233 G4 15
63.817 0.117 G4 15
63.933 0.233 E5 15
64.167 0.350 C5 15
64.633 0.233 B4 15
64.867 0.233 C5 15
65.100 0.233 D5 15
65.333 0.233 G4 15
65.683 0.117 G4 15
65.800 0.233 E5 15
66.033 0.467 C5 15
66.733 0.233 B4 15
66.967 0.117 C5 15
67.083 0.117 D5 15
67.200 0.233 A4 15
67.550 0.117 A4 15
67.667 0.117 F#5 15
67.900 0.600 D5 15
68.833 0.117 B4 15
68.950 0.117 D5 15
69.067 0.233 A4 15
69.417 0.117 A4 15
69.533 0.117 F#5 15
69.767 0.600 D5 15
70.700 0.117 B4 15
70.817 0.117 D5 15
70.933 0.233 F#4 15
71.283 0.117 F#4 15
71.400 0.117 D5 15
71.633 0.600 A4 15
72.567 0.117 B4 15
72.683 0.117 D5 15
72.800 0.233 A4 15
73.150 0.117 A4 15
73.267 0.117 F#5 15
73.500 0.350 D5 15
73.967 0.233 B4 15
74.200 0.233 D5 15
74.433 0.233 F#4 15
74.667 0.233 F4 15
75.017 0.117 F4 15
75.133 0.233 C5 15
75.367 0.350 E5 15
75.833 0.233 A4 15
76.067 0.233 B4 15
76.300 0.233 C5 15
76.533 0.233 F4 15
76.883 0.117 F4 15
77.000 0.233 C5 15
77.233 0.350 E5 15
77.700 0.233 A4 15
77.933 0.233 B4 15
78.167 0.233 C5 15
78.400 0.233 G4 15
78.750 0.117 G4 15
78.867 0.233 A#4 15
79.100 0.350 E5 15
79.567 0.233 C5 15
79.800 0.233 D5 15
80.033 0.233 A#4 15
80.267 0.233 G4 15
80.617 0.117 G4 15
80.733 0.233 A#4 15
80.967 0.350 E5 15
81.433 0.233 C5 15
81.667 0.233 D5 15
81.900 0.233 A#4 15
82.133 0.233 A4 15
82.483 0.117 A4 15
82.600 0.117 F5 15
82.833 0.600 C5 15
83.767 0.117 A#4 15
83.883 0.117 D5 15
84.000 0.233 A4 15
84.350 0.117 A4 15
84.467 0.117 F5 15
84.700 0.600 C5 15
85.633 0.117 A#4 15
85.750 0.117 D5 15
85.867 0.233 F#4 15
86.217 0.117 F#4 15
86.333 0.117 E5 15
86.567 0.600 C5 15
87.500 0.117 A4 15
87.617 0.117 B4 15
87.733 0.233 G4 15
88.083 0.117 G4 15
88.200 0.117 C5 15
88.433 0.233 C5 15
89.367 0.117 B4 15
89.483 0.117 A4 15
89.600 0.233 G4 15
89.950 0.117 G4 15
90.067 0.233 E5 15
90.300 0.350 C5 15
90.767 0.233 B4 15
91.000 0.233 C5 15
91.233 0.233 D5 15
91.467 0.233 G4 15
91.817 0.117 G4 15
91.933 0.233 E5 15
92.167 0.350 C5 15
92.633 0.233 B4 15
92.867 0.233 C5 15
93.100 0.233 D5 15
93.333 0.233 G4 15
93.683 0.117 G4 15
93.800 0.233 E5 15
94.033 0.350 C5 15
94.500 0.233 B4 15
94.733 0.233 C5 15
94.967 0.233 D5 15
95.200 0.233 G4 15
95.550 0.117 G4 15
95.667 0.233 E5 15
95.900 0.467 C5 15
96.600 0.233 B4 15
96.833 0.117 C5 15
96.950 0.117 D5 15
97.067 0.233 A4 15
97.417 0.117 A4 15
97.533 0.117 F#5 15
97.767 0.600 D5 15
98.700 0.117 B4 15
98.817 0.117 D5 15
98.933 0.233 A4 15
99.283 0.117 A4 15
99.400 0.117 F#5 15
99.633 0.600 D5 15
100.567 0.117 B4 15
100.683 0.117 D5 15
100.800 0.233 F#4 15
101.150 0.117 F#4 15
101.267 0.117 D5 15
101.500 0.600 A4 15
102.433 0.117 B4 15
102.550 0.117 D5 15
102.667 0.233 A4 15
103.017 0.117 A4 15
103.133 0.117 F#5 15
103.367 0.350 D5 15
103.833 0.233 B4 15
104.067 0.233 D5 15
104.300 0.233 F#4 15
104.533 0.233 F4 15
104.883 0.117 F4 15
105.000 0.233 C5 15
105.233 0.350 E5 15
105.700 0.233 A4 15
105.933 0.233 B4 15
106.167 0.233 C5 15
106.400 0.233 F4 15
106.750 0.117 F4 15
106.867 0.233 C5 15
107.100 0.350 E5 15
107.567 0.233 A4 15
107.800 0.233 B4 15
108.033 0.233 C5 15
108.267 0.233 G4 15
108.617 0.117 G4 15
108.733 0.233 A#4 15
108.967 0.350 E5 15
109.433 0.233 C5 15
109.667 0.233 D5 15
109.900 0.233 A#4 15
110.133 0.233 G4 15
110.483 0.117 G4 15
110.600 0.233 A#4 15
110.833 0.350 E5 15
111.300 0.233 C5 15
111.533 0.233 D5 15
111.767 0.233 A#4 15
112.000 0.233 A4 15
112.350 0.117 A4 15
112.467 0.117 F5 15
112.700 0.600 C5 15
113.633 0.117 A#4 15
113.750 0.117 D5 15
113.867 0.233 A4 15
114.217 0.117 A4 15
114.333 0.117 F5 15
114.567 0.600 C5 15
115.500 0.117 A#4 15
115.617 0.117 D5 15
115.733 0.233 F#4 15
116.083 0.117 F#4 15
116.200 0.117 E5 15
116.433 0.600 C5 15
117.367 0.117 A4 15
117.483 0.117 B4 15
117.600 0.233 G4 15
117.950 0.117 G4 15
118.067 0.117 C5 15
118.300 0.233 C5 15
119.233 0.117 B4 15
119.350 0.117 A4 15
119.467 0.233 G4 15
119.817 0.117 G4 15
119.933 0.233 E5 15
120.167 0.350 C5 15
120.633 0.233 B4 15
120.867 0.233 C5 15
121.100 END_CYCLE

Noise(1874)
time dur noise vol drum
0.000 0.067 0 13 hihat_closed
0.117 0.083 12 13 rumble_sub
0.233 0.083 12 13 rumble_sub
0.350 0.083 12 13 rumble_sub
0.467 0.067 3 12 snare_body
0.583 0.083 12 13 rumble_sub
0.700 0.067 0 13 hihat_closed
0.817 0.083 12 13 rumble_sub
0.933 0.067 0 13 hihat_closed
1.050 0.083 12 13 rumble_sub
1.167 0.083 12 13 rumble_sub
1.283 0.083 12 13 rumble_sub
1.400 0.067 3 12 snare_body
1.517 0.083 12 13 rumble_sub
1.633 0.233 11 10 kick_tight
1.867 0.067 0 13 hihat_closed
1.983 0.083 12 13 rumble_sub
2.100 0.083 12 13 rumble_sub
2.217 0.083 12 13 rumble_sub
2.333 0.067 3 12 snare_body
2.450 0.083 12 13 rumble_sub
2.567 0.067 0 13 hihat_closed
2.683 0.083 12 13 rumble_sub
2.800 0.067 0 13 hihat_closed
2.917 0.083 12 13 rumble_sub
3.033 0.083 12 13 rumble_sub
3.150 0.083 12 13 rumble_sub
3.267 0.067 3 12 snare_body
3.383 0.083 12 13 rumble_sub
3.500 0.233 11 10 kick_tight
3.733 0.067 0 13 hihat_closed
3.850 0.083 12 13 rumble_sub
3.967 0.083 12 13 rumble_sub
4.083 0.083 12 13 rumble_sub
4.200 0.067 3 12 snare_body
4.317 0.083 12 13 rumble_sub
4.433 0.067 0 13 hihat_closed
4.550 0.083 12 13 rumble_sub
4.667 0.067 0 13 hihat_closed
4.783 0.083 12 13 rumble_sub
4.900 0.083 12 13 rumble_sub
5.017 0.083 12 13 rumble_sub
5.133 0.067 3 12 snare_body
5.250 0.083 12 13 rumble_sub
5.367 0.233 11 10 kick_tight
5.600 0.067 0 13 hihat_closed
5.717 0.083 12 13 rumble_sub
5.833 0.083 12 13 rumble_sub
5.950 0.083 12 13 rumble_sub
6.067 0.067 3 12 snare_body
6.183 0.083 12 13 rumble_sub
6.300 0.067 0 13 hihat_closed
6.417 0.083 12 13 rumble_sub
6.533 0.067 0 13 hihat_closed
6.650 0.083 12 13 rumble_sub
6.767 0.083 12 13 rumble_sub
6.883 0.083 12 13 rumble_sub
7.000 0.067 3 12 snare_body
7.117 0.083 12 13 rumble_sub
7.233 0.233 11 10 kick_tight
7.467 0.067 0 13 hihat_closed
7.583 0.083 12 13 rumble_sub
7.700 0.083 12 13 rumble_sub
7.817 0.083 12 13 rumble_sub
7.933 0.067 3 12 snare_body
8.050 0.083 12 13 rumble_sub
8.167 0.067 0 13 hihat_closed
8.283 0.083 12 13 rumble_sub
8.400 0.067 0 13 hihat_closed
8.517 0.083 12 13 rumble_sub
8.633 0.083 12 13 rumble_sub
8.750 0.083 12 13 rumble_sub
8.867 0.067 3 12 snare_body
8.983 0.083 12 13 rumble_sub
9.100 0.233 11 10 kick_tight
9.333 0.067 0 13 hihat_closed
9.450 0.083 12 13 rumble_sub
9.567 0.083 12 13 rumble_sub
9.683 0.083 12 13 rumble_sub
9.800 0.067 3 12 snare_body
9.917 0.083 12 13 rumble_sub
10.033 0.067 0 13 hihat_closed
10.150 0.083 12 13 rumble_sub
10.267 0.067 0 13 hihat_closed
10.383 0.083 12 13 rumble_sub
10.500 0.083 12 13 rumble_sub
10.617 0.083 12 13 rumble_sub
10.733 0.067 3 12 snare_body
10.850 0.083 12 13 rumble_sub
10.967 0.233 11 10 kick_tight
11.200 0.067 0 13 hihat_closed
11.317 0.083 12 13 rumble_sub
11.433 0.083 12 13 rumble_sub
11.550 0.083 12 13 rumble_sub
11.667 0.067 3 12 snare_body
11.783 0.083 12 13 rumble_sub
11.900 0.067 0 13 hihat_closed
12.017 0.083 12 13 rumble_sub
12.133 0.067 0 13 hihat_closed
12.250 0.083 12 13 rumble_sub
12.367 0.083 12 13 rumble_sub
12.483 0.083 12 13 rumble_sub
12.600 0.067 3 12 snare_body
12.717 0.083 12 13 rumble_sub
12.833 0.233 11 10 kick_tight
13.067 0.067 0 13 hihat_closed
13.183 0.083 12 13 rumble_sub
13.300 0.083 12 13 rumble_sub
13.417 0.083 12 13 rumble_sub
13.533 0.067 3 12 snare_body
13.650 0.083 12 13 rumble_sub
13.767 0.067 0 13 hihat_closed
13.883 0.083 12 13 rumble_sub
14.000 0.067 0 13 hihat_closed
14.117 0.083 12 13 rumble_sub
14.233 0.083 12 13 rumble_sub
14.350 0.083 12 13 rumble_sub
14.467 0.067 3 12 snare_body
14.583 0.083 12 13 rumble_sub
14.700 0.233 11 10 kick_tight
14.933 0.067 0 13 hihat_closed
15.050 0.083 12 13 rumble_sub
15.167 0.083 12 13 rumble_sub
15.283 0.083 12 13 rumble_sub
15.400 0.067 3 12 snare_body
15.517 0.083 12 13 rumble_sub
15.633 0.067 0 13 hihat_closed
15.750 0.083 12 13 rumble_sub
15.867 0.067 0 13 hihat_closed
15.983 0.083 12 13 rumble_sub
16.100 0.083 12 13 rumble_sub
16.217 0.083 12 13 rumble_sub
16.333 0.067 3 12 snare_body
16.450 0.083 12 13 rumble_sub
16.567 0.233 11 10 kick_tight
16.800 0.067 0 13 hihat_closed
16.917 0.083 12 13 rumble_sub
17.033 0.083 12 13 rumble_sub
17.150 0.083 12 13 rumble_sub
17.267 0.067 3 12 snare_body
17.383 0.083 12 13 rumble_sub
17.500 0.067 0 13 hihat_closed
17.617 0.083 12 13 rumble_sub
17.733 0.067 0 13 hihat_closed
17.850 0.083 12 13 rumble_sub
17.967 0.083 12 13 rumble_sub
18.083 0.083 12 13 rumble_sub
18.200 0.067 3 12 snare_body
18.317 0.083 12 13 rumble_sub
18.433 0.233 11 10 kick_tight
18.667 0.067 0 13 hihat_closed
18.783 0.083 12 13 rumble_sub
18.900 0.083 12 13 rumble_sub
19.017 0.083 12 13 rumble_sub
19.133 0.067 3 12 snare_body
19.250 0.083 12 13 rumble_sub
19.367 0.067 0 13 hihat_closed
19.483 0.083 12 13 rumble_sub
19.600 0.067 0 13 hihat_closed
19.717 0.083 12 13 rumble_sub
19.833 0.083 12 13 rumble_sub
19.950 0.083 12 13 rumble_sub
20.067 0.067 3 12 snare_body
20.183 0.083 12 13 rumble_sub
20.300 0.233 11 10 kick_tight
20.533 0.067 0 13 hihat_closed
20.650 0.083 12 13 rumble_sub
20.767 0.083 12 13 rumble_sub
20.883 0.083 12 13 rumble_sub
21.000 0.067 3 12 snare_body
21.117 0.083 12 13 rumble_sub
21.233 0.067 0 13 hihat_closed
21.350 0.083 12 13 rumble_sub
21.467 0.067 0 13 hihat_closed
21.583 0.083 12 13 rumble_sub
21.700 0.083 12 13 rumble_sub
21.817 0.083 12 13 rumble_sub
21.933 0.067 3 12 snare_body
22.050 0.083 12 13 rumble_sub
22.167 0.233 11 10 kick_tight
22.400 0.067 0 13 hihat_closed
22.517 0.083 12 13 rumble_sub
22.633 0.083 12 13 rumble_sub
22.750 0.083 12 13 rumble_sub
22.867 0.067 3 12 snare_body
22.983 0.083 12 13 rumble_sub
23.100 0.067 0 13 hihat_closed
23.217 0.083 12 13 rumble_sub
23.333 0.067 0 13 hihat_closed
23.450 0.083 12 13 rumble_sub
23.567 0.083 12 13 rumble_sub
23.683 0.083 12 13 rumble_sub
23.800 0.067 3 12 snare_body
23.917 0.083 12 13 rumble_sub
24.033 0.233 11 10 kick_tight
24.267 0.067 0 13 hihat_closed
24.383 0.083 12 13 rumble_sub
24.500 0.083 12 13 rumble_sub
24.617 0.083 12 13 rumble_sub
24.733 0.067 3 12 snare_body
24.850 0.083 12 13 rumble_sub
24.967 0.067 0 13 hihat_closed
25.083 0.083 12 13 rumble_sub
25.200 0.067 0 13 hihat_closed
25.317 0.083 12 13 rumble_sub
25.433 0.083 12 13 rumble_sub
25.550 0.083 12 13 rumble_sub
25.667 0.067 3 12 snare_body
25.783 0.083 12 13 rumble_sub
25.900 0.233 11 10 kick_tight
26.133 0.067 0 13 hihat_closed
26.250 0.083 12 13 rumble_sub
26.367 0.083 12 13 rumble_sub
26.483 0.083 12 13 rumble_sub
26.600 0.067 3 12 snare_body
26.717 0.083 12 13 rumble_sub
26.833 0.067 0 13 hihat_closed
26.950 0.083 12 13 rumble_sub
27.067 0.067 0 13 hihat_closed
27.183 0.083 12 13 rumble_sub
27.300 0.083 12 13 rumble_sub
27.417 0.083 12 13 rumble_sub
27.533 0.067 3 12 snare_body
27.650 0.083 12 13 rumble_sub
27.767 0.233 11 10 kick_tight
28.000 0.067 0 13 hihat_closed
28.117 0.083 12 13 rumble_sub
28.233 0.083 12 13 rumble_sub
28.350 0.083 12 13 rumble_sub
28.467 0.067 3 12 snare_body
28.583 0.083 12 13 rumble_sub
28.700 0.067 0 13 hihat_closed
28.817 0.083 12 13 rumble_sub
28.933 0.067 0 13 hihat_closed
29.050 0.083 12 13 rumble_sub
29.167 0.083 12 13 rumble_sub
29.283 0.083 12 13 rumble_sub
29.400 0.067 3 12 snare_body
29.517 0.083 12 13 rumble_sub
29.633 0.233 11 10 kick_tight
29.867 0.067 0 13 hihat_closed
29.983 0.083 12 13 rumble_sub
30.100 0.083 12 13 rumble_sub
30.217 0.083 12 13 rumble_sub
30.333 0.067 3 12 snare_body
30.450 0.083 12 13 rumble_sub
30.567 0.067 0 13 hihat_closed
30.683 0.083 12 13 rumble_sub
30.800 0.067 0 13 hihat_closed
30.917 0.083 12 13 rumble_sub
31.033 0.083 12 13 rumble_sub
31.150 0.083 12 13 rumble_sub
31.267 0.067 3 12 snare_body
31.383 0.083 12 13 rumble_sub
31.500 0.233 11 10 kick_tight
31.733 0.067 0 13 hihat_closed
31.850 0.083 12 13 rumble_sub
31.967 0.083 12 13 rumble_sub
32.083 0.083 12 13 rumble_sub
32.200 0.067 3 12 snare_body
32.317 0.083 12 13 rumble_sub
32.433 0.067 0 13 hihat_closed
32.550 0.083 12 13 rumble_sub
32.667 0.067 0 13 hihat_closed
32.783 0.083 12 13 rumble_sub
32.900 0.083 12 13 rumble_sub
33.017 0.083 12 13 rumble_sub
33.133 0.067 3 12 snare_body
33.250 0.083 12 13 rumble_sub
33.367 0.233 11 10 kick_tight
33.600 0.067 0 13 hihat_closed
33.717 0.083 12 13 rumble_sub
33.833 0.083 12 13 rumble_sub
33.950 0.083 12 13 rumble_sub
34.067 0.067 3 12 snare_body
34.183 0.083 12 13 rumble_sub
34.300 0.067 0 13 hihat_closed
34.417 0.083 12 13 rumble_sub
34.533 0.067 0 13 hihat_closed
34.650 0.083 12 13 rumble_sub
34.767 0.083 12 13 rumble_sub
34.883 0.083 12 13 rumble_sub
35.000 0.067 3 12 snare_body
35.117 0.083 12 13 rumble_sub
35.233 0.233 11 10 kick_tight
35.467 0.067 0 13 hihat_closed
35.583 0.083 12 13 rumble_sub
35.700 0.083 12 13 rumble_sub
35.817 0.083 12 13 rumble_sub
35.933 0.067 3 12 snare_body
36.050 0.083 12 13 rumble_sub
36.167 0.067 0 13 hihat_closed
36.283 0.083 12 13 rumble_sub
36.400 0.067 0 13 hihat_closed
36.517 0.083 12 13 rumble_sub
36.633 0.083 12 13 rumble_sub
36.750 0.083 12 13 rumble_sub
36.867 0.067 3 12 snare_body
36.983 0.083 12 13 rumble_sub
37.100 0.233 11 10 kick_tight
37.333 0.067 0 13 hihat_closed
37.450 0.083 12 13 rumble_sub
37.567 0.083 12 13 rumble_sub
37.683 0.083 12 13 rumble_sub
37.800 0.067 3 12 snare_body
37.917 0.083 12 13 rumble_sub
38.033 0.067 0 13 hihat_closed
38.150 0.083 12 13 rumble_sub
38.267 0.067 0 13 hihat_closed
38.383 0.083 12 13 rumble_sub
38.500 0.083 12 13 rumble_sub
38.617 0.083 12 13 rumble_sub
38.733 0.067 3 12 snare_body
38.850 0.083 12 13 rumble_sub
38.967 0.233 11 10 kick_tight
39.200 0.067 0 13 hihat_closed
39.317 0.083 12 13 rumble_sub
39.433 0.083 12 13 rumble_sub
39.550 0.083 12 13 rumble_sub
39.667 0.067 3 12 snare_body
39.783 0.083 12 13 rumble_sub
39.900 0.067 0 13 hihat_closed
40.017 0.083 12 13 rumble_sub
40.133 0.067 0 13 hihat_closed
40.250 0.083 12 13 rumble_sub
40.367 0.083 12 13 rumble_sub
40.483 0.083 12 13 rumble_sub
40.600 0.067 3 12 snare_body
40.717 0.083 12 13 rumble_sub
40.833 0.233 11 10 kick_tight
41.067 0.067 0 13 hihat_closed
41.183 0.083 12 13 rumble_sub
41.300 0.083 12 13 rumble_sub
41.417 0.083 12 13 rumble_sub
41.533 0.067 3 12 snare_body
41.650 0.083 12 13 rumble_sub
41.767 0.067 0 13 hihat_closed
41.883 0.083 12 13 rumble_sub
42.000 0.067 0 13 hihat_closed
42.117 0.083 12 13 rumble_sub
42.233 0.083 12 13 rumble_sub
42.350 0.083 12 13 rumble_sub
42.467 0.067 3 12 snare_body
42.583 0.083 12 13 rumble_sub
42.700 0.233 11 10 kick_tight
42.933 0.067 0 13 hihat_closed
43.050 0.083 12 13 rumble_sub
43.167 0.083 12 13 rumble_sub
43.283 0.083 12 13 rumble_sub
43.400 0.067 3 12 snare_body
43.517 0.083 12 13 rumble_sub
43.633 0.067 0 13 hihat_closed
43.750 0.083 12 13 rumble_sub
43.867 0.067 0 13 hihat_closed
43.983 0.083 12 13 rumble_sub
44.100 0.083 12 13 rumble_sub
44.217 0.083 12 13 rumble_sub
44.333 0.067 3 12 snare_body
44.450 0.083 12 13 rumble_sub
44.567 0.233 11 10 kick_tight
44.800 0.067 0 13 hihat_closed
44.917 0.083 12 13 rumble_sub
45.033 0.083 12 13 rumble_sub
45.150 0.083 12 13 rumble_sub
45.267 0.067 3 12 snare_body
45.383 0.083 12 13 rumble_sub
45.500 0.067 0 13 hihat_closed
45.617 0.083 12 13 rumble_sub
45.733 0.067 0 13 hihat_closed
45.850 0.083 12 13 rumble_sub
45.967 0.083 12 13 rumble_sub
46.083 0.083 12 13 rumble_sub
46.200 0.067 3 12 snare_body
46.317 0.083 12 13 rumble_sub
46.433 0.233 11 10 kick_tight
46.667 0.067 0 13 hihat_closed
46.783 0.083 12 13 rumble_sub
46.900 0.083 12 13 rumble_sub
47.017 0.083 12 13 rumble_sub
47.133 0.067 3 12 snare_body
47.250 0.083 12 13 rumble_sub
47.367 0.067 0 13 hihat_closed
47.483 0.083 12 13 rumble_sub
47.600 0.067 0 13 hihat_closed
47.717 0.083 12 13 rumble_sub
47.833 0.083 12 13 rumble_sub
47.950 0.083 12 13 rumble_sub
48.067 0.067 3 12 snare_body
48.183 0.083 12 13 rumble_sub
48.300 0.233 11 10 kick_tight
48.533 0.067 0 13 hihat_closed
48.650 0.083 12 13 rumble_sub
48.767 0.083 12 13 rumble_sub
48.883 0.083 12 13 rumble_sub
49.000 0.067 3 12 snare_body
49.117 0.083 12 13 rumble_sub
49.233 0.067 0 13 hihat_closed
49.350 0.083 12 13 rumble_sub
49.467 0.067 0 13 hihat_closed
49.583 0.083 12 13 rumble_sub
49.700 0.083 12 13 rumble_sub
49.817 0.083 12 13 rumble_sub
49.933 0.067 3 12 snare_body
50.050 0.083 12 13 rumble_sub
50.167 0.233 11 10 kick_tight
50.400 0.067 0 13 hihat_closed
50.517 0.083 12 13 rumble_sub
50.633 0.083 12 13 rumble_sub
50.750 0.083 12 13 rumble_sub
50.867 0.067 3 12 snare_body
50.983 0.083 12 13 rumble_sub
51.100 0.067 0 13 hihat_closed
51.217 0.083 12 13 rumble_sub
51.333 0.067 0 13 hihat_closed
51.450 0.083 12 13 rumble_sub
51.567 0.083 12 13 rumble_sub
51.683 0.083 12 13 rumble_sub
51.800 0.067 3 12 snare_body
51.917 0.083 12 13 rumble_sub
52.033 0.233 11 10 kick_tight
52.267 0.067 0 13 hihat_closed
52.383 0.083 12 13 rumble_sub
52.500 0.083 12 13 rumble_sub
52.617 0.083 12 13 rumble_sub
52.733 0.067 3 12 snare_body
52.850 0.083 12 13 rumble_sub
52.967 0.067 0 13 hihat_closed
53.083 0.083 12 13 rumble_sub
53.200 0.067 0 13 hihat_closed
53.317 0.083 12 13 rumble_sub
53.433 0.083 12 13 rumble_sub
53.550 0.083 12 13 rumble_sub
53.667 0.067 3 12 snare_body
53.783 0.083 12 13 rumble_sub
53.900 0.233 11 10 kick_tight
54.133 0.067 0 13 hihat_closed
54.250 0.083 12 13 rumble_sub
54.367 0.083 12 13 rumble_sub
54.483 0.083 12 13 rumble_sub
54.600 0.067 3 12 snare_body
54.717 0.083 12 13 rumble_sub
54.833 0.067 0 13 hihat_closed
54.950 0.083 12 13 rumble_sub
55.067 0.067 0 13 hihat_closed
55.183 0.083 12 13 rumble_sub
55.300 0.083 12 13 rumble_sub
55.417 0.083 12 13 rumble_sub
55.533 0.067 3 12 snare_body
55.650 0.083 12 13 rumble_sub
55.767 0.233 11 10 kick_tight
56.000 0.067 0 13 hihat_closed
56.117 0.083 12 13 rumble_sub
56.233 0.083 12 13 rumble_sub
56.350 0.083 12 13 rumble_sub
56.467 0.067 3 12 snare_body
56.583 0.083 12 13 rumble_sub
56.700 0.067 0 13 hihat_closed
56.817 0.083 12 13 rumble_sub
56.933 0.067 0 13 hihat_closed
57.050 0.083 12 13 rumble_sub
57.167 0.083 12 13 rumble_sub
57.283 0.083 12 13 rumble_sub
57.400 0.067 3 12 snare_body
57.517 0.083 12 13 rumble_sub
57.633 0.233 11 10 kick_tight
57.867 0.067 0 13 hihat_closed
57.983 0.083 12 13 rumble_sub
58.100 0.083 12 13 rumble_sub
58.217 0.083 12 13 rumble_sub
58.333 0.067 3 12 snare_body
58.450 0.083 12 13 rumble_sub
58.567 0.067 0 13 hihat_closed
58.683 0.083 12 13 rumble_sub
58.800 0.067 0 13 hihat_closed
58.917 0.083 12 13 rumble_sub
59.033 0.083 12 13 rumble_sub
59.150 0.083 12 13 rumble_sub
59.267 0.067 3 12 snare_body
59.383 0.083 12 13 rumble_sub
59.500 0.233 11 10 kick_tight
59.733 0.067 0 13 hihat_closed
59.850 0.083 12 13 rumble_sub
59.967 0.083 12 13 rumble_sub
60.083 0.083 12 13 rumble_sub
60.200 0.067 3 12 snare_body
60.317 0.083 12 13 rumble_sub
60.433 0.067 0 13 hihat_closed
60.550 0.083 12 13 rumble_sub
60.667 0.067 0 13 hihat_closed
60.783 0.083 12 13 rumble_sub
60.900 0.083 12 13 rumble_sub
61.017 0.083 12 13 rumble_sub
61.133 0.067 3 12 snare_body
61.250 0.083 12 13 rumble_sub
61.367 0.233 11 10 kick_tight
61.600 0.067 0 13 hihat_closed
61.717 0.083 12 13 rumble_sub
61.833 0.083 12 13 rumble_sub
61.950 0.083 12 13 rumble_sub
62.067 0.067 3 12 snare_body
62.183 0.083 12 13 rumble_sub
62.300 0.067 0 13 hihat_closed
62.417 0.083 12 13 rumble_sub
62.533 0.067 0 13 hihat_closed
62.650 0.083 12 13 rumble_sub
62.767 0.083 12 13 rumble_sub
62.883 0.083 12 13 rumble_sub
63.000 0.067 3 12 snare_body
63.117 0.083 12 13 rumble_sub
63.233 0.233 11 10 kick_tight
63.467 0.067 0 13 hihat_closed
63.583 0.083 12 13 rumble_sub
63.700 0.083 12 13 rumble_sub
63.817 0.083 12 13 rumble_sub
63.933 0.067 3 12 snare_body
64.050 0.083 12 13 rumble_sub
64.167 0.067 0 13 hihat_closed
64.283 0.083 12 13 rumble_sub
64.400 0.067 0 13 hihat_closed
64.517 0.083 12 13 rumble_sub
64.633 0.083 12 13 rumble_sub
64.750 0.083 12 13 rumble_sub
64.867 0.067 3 12 snare_body
64.983 0.083 12 13 rumble_sub
65.100 0.233 11 10 kick_tight
65.333 0.067 0 13 hihat_closed
65.450 0.083 12 13 rumble_sub
65.567 0.083 12 13 rumble_sub
65.683 0.083 12 13 rumble_sub
65.800 0.067 3 12 snare_body
65.917 0.083 12 13 rumble_sub
66.033 0.067 0 13 hihat_closed
66.150 0.083 12 13 rumble_sub
66.267 0.067 0 13 hihat_closed
66.383 0.083 12 13 rumble_sub
66.500 0.083 12 13 rumble_sub
66.617 0.083 12 13 rumble_sub
66.733 0.067 3 12 snare_body
66.850 0.083 12 13 rumble_sub
66.967 0.233 11 10 kick_tight
67.200 0.067 0 13 hihat_closed
67.317 0.083 12 13 rumble_sub
67.433 0.083 12 13 rumble_sub
67.550 0.083 12 13 rumble_sub
67.667 0.067 3 12 snare_body
67.783 0.083 12 13 rumble_sub
67.900 0.067 0 13 hihat_closed
68.017 0.083 12 13 rumble_sub
68.133 0.067 0 13 hihat_closed
68.250 0.083 12 13 rumble_sub
68.367 0.083 12 13 rumble_sub
68.483 0.083 12 13 rumble_sub
68.600 0.067 3 12 snare_body
68.717 0.083 12 13 rumble_sub
68.833 0.233 11 10 kick_tight
69.067 0.067 0 13 hihat_closed
69.183 0.083 12 13 rumble_sub
69.300 0.083 12 13 rumble_sub
69.417 0.083 12 13 rumble_sub
69.533 0.067 3 12 snare_body
69.650 0.083 12 13 rumble_sub
69.767 0.067 0 13 hihat_closed
69.883 0.083 12 13 rumble_sub
70.000 0.067 0 13 hihat_closed
70.117 0.083 12 13 rumble_sub
70.233 0.083 12 13 rumble_sub
70.350 0.083 12 13 rumble_sub
70.467 0.067 3 12 snare_body
70.583 0.083 12 13 rumble_sub
70.700 0.233 11 10 kick_tight
70.933 0.067 0 13 hihat_closed
71.050 0.083 12 13 rumble_sub
71.167 0.083 12 13 rumble_sub
71.283 0.083 12 13 rumble_sub
71.400 0.067 3 12 snare_body
71.517 0.083 12 13 rumble_sub
71.633 0.067 0 13 hihat_closed
71.750 0.083 12 13 rumble_sub
71.867 0.067 0 13 hihat_closed
71.983 0.083 12 13 rumble_sub
72.100 0.083 12 13 rumble_sub
72.217 0.083 12 13 rumble_sub
72.333 0.067 3 12 snare_body
72.450 0.083 12 13 rumble_sub
72.567 0.233 11 10 kick_tight
72.800 0.067 0 13 hihat_closed
72.917 0.083 12 13 rumble_sub
73.033 0.083 12 13 rumble_sub
73.150 0.083 12 13 rumble_sub
73.267 0.067 3 12 snare_body
73.383 0.083 12 13 rumble_sub
73.500 0.067 0 13 hihat_closed
73.617 0.083 12 13 rumble_sub
73.733 0.067 0 13 hihat_closed
73.850 0.083 12 13 rumble_sub
73.967 0.083 12 13 rumble_sub
74.083 0.083 12 13 rumble_sub
74.200 0.067 3 12 snare_body
74.317 0.083 12 13 rumble_sub
74.433 0.233 11 10 kick_tight
74.667 0.067 0 13 hihat_closed
74.783 0.083 12 13 rumble_sub
74.900 0.083 12 13 rumble_sub
75.017 0.083 12 13 rumble_sub
75.133 0.067 3 12 snare_body
75.250 0.083 12 13 rumble_sub
75.367 0.067 0 13 hihat_closed
75.483 0.083 12 13 rumble_sub
75.600 0.067 0 13 hihat_closed
75.717 0.083 12 13 rumble_sub
75.833 0.083 12 13 rumble_sub
75.950 0.083 12 13 rumble_sub
76.067 0.067 3 12 snare_body
76.183 0.083 12 13 rumble_sub
76.300 0.233 11 10 kick_tight
76.533 0.067 0 13 hihat_closed
76.650 0.083 12 13 rumble_sub
76.767 0.083 12 13 rumble_sub
76.883 0.083 12 13 rumble_sub
77.000 0.067 3 12 snare_body
77.117 0.083 12 13 rumble_sub
77.233 0.067 0 13 hihat_closed
77.350 0.083 12 13 rumble_sub
77.467 0.067 0 13 hihat_closed
77.583 0.083 12 13 rumble_sub
77.700 0.083 12 13 rumble_sub
77.817 0.083 12 13 rumble_sub
77.933 0.067 3 12 snare_body
78.050 0.083 12 13 rumble_sub
78.167 0.233 11 10 kick_tight
78.400 0.067 0 13 hihat_closed
78.517 0.083 12 13 rumble_sub
78.633 0.083 12 13 rumble_sub
78.750 0.083 12 13 rumble_sub
78.867 0.067 3 12 snare_body
78.983 0.083 12 13 rumble_sub
79.100 0.067 0 13 hihat_closed
79.217 0.083 12 13 rumble_sub
79.333 0.067 0 13 hihat_closed
79.450 0.083 12 13 rumble_sub
79.567 0.083 12 13 rumble_sub
79.683 0.083 12 13 rumble_sub
79.800 0.067 3 12 snare_body
79.917 0.083 12 13 rumble_sub
80.033 0.233 11 10 kick_tight
80.267 0.067 0 13 hihat_closed
80.383 0.083 12 13 rumble_sub
80.500 0.083 12 13 rumble_sub
80.617 0.083 12 13 rumble_sub
80.733 0.067 3 12 snare_body
80.850 0.083 12 13 rumble_sub
80.967 0.067 0 13 hihat_closed
81.083 0.083 12 13 rumble_sub
81.200 0.067 0 13 hihat_closed
81.317 0.083 12 13 rumble_sub
81.433 0.083 12 13 rumble_sub
81.550 0.083 12 13 rumble_sub
81.667 0.067 3 12 snare_body
81.783 0.083 12 13 rumble_sub
81.900 0.233 11 10 kick_tight
82.133 0.067 0 13 hihat_closed
82.250 0.083 12 13 rumble_sub
82.367 0.083 12 13 rumble_sub
82.483 0.083 12 13 rumble_sub
82.600 0.067 3 12 snare_body
82.717 0.083 12 13 rumble_sub
82.833 0.067 0 13 hihat_closed
82.950 0.083 12 13 rumble_sub
83.067 0.067 0 13 hihat_closed
83.183 0.083 12 13 rumble_sub
83.300 0.083 12 13 rumble_sub
83.417 0.083 12 13 rumble_sub
83.533 0.067 3 12 snare_body
83.650 0.083 12 13 rumble_sub
83.767 0.233 11 10 kick_tight
84.000 0.067 0 13 hihat_closed
84.117 0.083 12 13 rumble_sub
84.233 0.083 12 13 rumble_sub
84.350 0.083 12 13 rumble_sub
84.467 0.067 3 12 snare_body
84.583 0.083 12 13 rumble_sub
84.700 0.067 0 13 hihat_closed
84.817 0.083 12 13 rumble_sub
84.933 0.067 0 13 hihat_closed
85.050 0.083 12 13 rumble_sub
85.167 0.083 12 13 rumble_sub
85.283 0.083 12 13 rumble_sub
85.400 0.067 3 12 snare_body
85.517 0.083 12 13 rumble_sub
85.633 0.233 11 10 kick_tight
85.867 0.067 0 13 hihat_closed
85.983 0.083 12 13 rumble_sub
86.100 0.083 12 13 rumble_sub
86.217 0.083 12 13 rumble_sub
86.333 0.067 3 12 snare_body
86.450 0.083 12 13 rumble_sub
86.567 0.067 0 13 hihat_closed
86.683 0.083 12 13 rumble_sub
86.800 0.067 0 13 hihat_closed
86.917 0.083 12 13 rumble_sub
87.033 0.083 12 13 rumble_sub
87.150 0.083 12 13 rumble_sub
87.267 0.067 3 12 snare_body
87.383 0.083 12 13 rumble_sub
87.500 0.233 11 10 kick_tight
87.733 0.067 0 13 hihat_closed
87.850 0.083 12 13 rumble_sub
87.967 0.083 12 13 rumble_sub
88.083 0.083 12 13 rumble_sub
88.200 0.067 3 12 snare_body
88.317 0.083 12 13 rumble_sub
88.433 0.067 0 13 hihat_closed
88.550 0.083 12 13 rumble_sub
88.667 0.067 0 13 hihat_closed
88.783 0.083 12 13 rumble_sub
88.900 0.083 12 13 rumble_sub
89.017 0.083 12 13 rumble_sub
89.133 0.067 3 12 snare_body
89.250 0.083 12 13 rumble_sub
89.367 0.233 11 10 kick_tight
89.600 0.067 0 13 hihat_closed
89.717 0.083 12 13 rumble_sub
89.833 0.083 12 13 rumble_sub
89.950 0.083 12 13 rumble_sub
90.067 0.067 3 12 snare_body
90.183 0.083 12 13 rumble_sub
90.300 0.067 0 13 hihat_closed
90.417 0.083 12 13 rumble_sub
90.533 0.067 0 13 hihat_closed
90.650 0.083 12 13 rumble_sub
90.767 0.083 12 13 rumble_sub
90.883 0.083 12 13 rumble_sub
91.000 0.067 3 12 snare_body
91.117 0.083 12 13 rumble_sub
91.233 0.233 11 10 kick_tight
91.467 0.067 0 13 hihat_closed
91.583 0.083 12 13 rumble_sub
91.700 0.083 12 13 rumble_sub
91.817 0.083 12 13 rumble_sub
91.933 0.067 3 12 snare_body
92.050 0.083 12 13 rumble_sub
92.167 0.067 0 13 hihat_closed
92.283 0.083 12 13 rumble_sub
92.400 0.067 0 13 hihat_closed
92.517 0.083 12 13 rumble_sub
92.633 0.083 12 13 rumble_sub
92.750 0.083 12 13 rumble_sub
92.867 0.067 3 12 snare_body
92.983 0.083 12 13 rumble_sub
93.100 0.233 11 10 kick_tight
93.333 0.067 0 13 hihat_closed
93.450 0.083 12 13 rumble_sub
93.567 0.083 12 13 rumble_sub
93.683 0.083 12 13 rumble_sub
93.800 0.067 3 12 snare_body
93.917 0.083 12 13 rumble_sub
94.033 0.067 0 13 hihat_closed
94.150 0.083 12 13 rumble_sub
94.267 0.067 0 13 hihat_closed
94.383 0.083 12 13 rumble_sub
94.500 0.083 12 13 rumble_sub
94.617 0.083 12 13 rumble_sub
94.733 0.067 3 12 snare_body
94.850 0.083 12 13 rumble_sub
94.967 0.233 11 10 kick_tight
95.200 0.067 0 13 hihat_closed
95.317 0.083 12 13 rumble_sub
95.433 0.083 12 13 rumble_sub
95.550 0.083 12 13 rumble_sub
95.667 0.067 3 12 snare_body
95.783 0.083 12 13 rumble_sub
95.900 0.067 0 13 hihat_closed
96.017 0.083 12 13 rumble_sub
96.133 0.067 0 13 hihat_closed
96.250 0.083 12 13 rumble_sub
96.367 0.083 12 13 rumble_sub
96.483 0.083 12 13 rumble_sub
96.600 0.067 3 12 snare_body
96.717 0.083 12 13 rumble_sub
96.833 0.233 11 10 kick_tight
97.067 0.067 0 13 hihat_closed
97.183 0.083 12 13 rumble_sub
97.300 0.083 12 13 rumble_sub
97.417 0.083 12 13 rumble_sub
97.533 0.067 3 12 snare_body
97.650 0.083 12 13 rumble_sub
97.767 0.067 0 13 hihat_closed
97.883 0.083 12 13 rumble_sub
98.000 0.067 0 13 hihat_closed
98.117 0.083 12 13 rumble_sub
98.233 0.083 12 13 rumble_sub
98.350 0.083 12 13 rumble_sub
98.467 0.067 3 12 snare_body
98.583 0.083 12 13 rumble_sub
98.700 0.233 11 10 kick_tight
98.933 0.067 0 13 hihat_closed
99.050 0.083 12 13 rumble_sub
99.167 0.083 12 13 rumble_sub
99.283 0.083 12 13 rumble_sub
99.400 0.067 3 12 snare_body
99.517 0.083 12 13 rumble_sub
99.633 0.067 0 13 hihat_closed
99.750 0.083 12 13 rumble_sub
99.867 0.067 0 13 hihat_closed
99.983 0.083 12 13 rumble_sub
100.100 0.083 12 13 rumble_sub
100.217 0.083 12 13 rumble_sub
100.333 0.067 3 12 snare_body
100.450 0.083 12 13 rumble_sub
100.567 0.233 11 10 kick_tight
100.800 0.067 0 13 hihat_closed
100.917 0.083 12 13 rumble_sub
101.033 0.083 12 13 rumble_sub
101.150 0.083 12 13 rumble_sub
101.267 0.067 3 12 snare_body
101.383 0.083 12 13 rumble_sub
101.500 0.067 0 13 hihat_closed
101.617 0.083 12 13 rumble_sub
101.733 0.067 0 13 hihat_closed
101.850 0.083 12 13 rumble_sub
101.967 0.083 12 13 rumble_sub
102.083 0.083 12 13 rumble_sub
102.200 0.067 3 12 snare_body
102.317 0.083 12 13 rumble_sub
102.433 0.233 11 10 kick_tight
102.667 0.067 0 13 hihat_closed
102.783 0.083 12 13 rumble_sub
102.900 0.083 12 13 rumble_sub
103.017 0.083 12 13 rumble_sub
103.133 0.067 3 12 snare_body
103.250 0.083 12 13 rumble_sub
103.367 0.067 0 13 hihat_closed
103.483 0.083 12 13 rumble_sub
103.600 0.067 0 13 hihat_closed
103.717 0.083 12 13 rumble_sub
103.833 0.083 12 13 rumble_sub
103.950 0.083 12 13 rumble_sub
104.067 0.067 3 12 snare_body
104.183 0.083 12 13 rumble_sub
104.300 0.233 11 10 kick_tight
104.533 0.067 0 13 hihat_closed
104.650 0.083 12 13 rumble_sub
104.767 0.083 12 13 rumble_sub
104.883 0.083 12 13 rumble_sub
105.000 0.067 3 12 snare_body
105.117 0.083 12 13 rumble_sub
105.233 0.067 0 13 hihat_closed
105.350 0.083 12 13 rumble_sub
105.467 0.067 0 13 hihat_closed
105.583 0.083 12 13 rumble_sub
105.700 0.083 12 13 rumble_sub
105.817 0.083 12 13 rumble_sub
105.933 0.067 3 12 snare_body
106.050 0.083 12 13 rumble_sub
106.167 0.233 11 10 kick_tight
106.400 0.067 0 13 hihat_closed
106.517 0.083 12 13 rumble_sub
106.633 0.083 12 13 rumble_sub
106.750 0.083 12 13 rumble_sub
106.867 0.067 3 12 snare_body
106.983 0.083 12 13 rumble_sub
107.100 0.067 0 13 hihat_closed
107.217 0.083 12 13 rumble_sub
107.333 0.067 0 13 hihat_closed
107.450 0.083 12 13 rumble_sub
107.567 0.083 12 13 rumble_sub
107.683 0.083 12 13 rumble_sub
107.800 0.067 3 12 snare_body
107.917 0.083 12 13 rumble_sub
108.033 0.233 11 10 kick_tight
108.267 0.067 0 13 hihat_closed
108.383 0.083 12 13 rumble_sub
108.500 0.083 12 13 rumble_sub
108.617 0.083 12 13 rumble_sub
108.733 0.067 3 12 snare_body
108.850 0.083 12 13 rumble_sub
108.967 0.067 0 13 hihat_closed
109.083 0.083 12 13 rumble_sub
109.200 0.067 0 13 hihat_closed
109.317 0.083 12 13 rumble_sub
109.433 0.083 12 13 rumble_sub
109.550 0.083 12 13 rumble_sub
109.667 0.067 3 12 snare_body
109.783 0.083 12 13 rumble_sub
109.900 0.233 11 10 kick_tight
110.133 0.067 0 13 hihat_closed
110.250 0.083 12 13 rumble_sub
110.367 0.083 12 13 rumble_sub
110.483 0.083 12 13 rumble_sub
110.600 0.067 3 12 snare_body
110.717 0.083 12 13 rumble_sub
110.833 0.067 0 13 hihat_closed
110.950 0.083 12 13 rumble_sub
111.067 0.067 0 13 hihat_closed
111.183 0.083 12 13 rumble_sub
111.300 0.083 12 13 rumble_sub
111.417 0.083 12 13 rumble_sub
111.533 0.067 3 12 snare_body
111.650 0.083 12 13 rumble_sub
111.767 0.233 11 10 kick_tight
112.000 0.067 0 13 hihat_closed
112.117 0.083 12 13 rumble_sub
112.233 0.083 12 13 rumble_sub
112.350 0.083 12 13 rumble_sub
112.467 0.067 3 12 snare_body
112.583 0.083 12 13 rumble_sub
112.700 0.067 0 13 hihat_closed
112.817 0.083 12 13 rumble_sub
112.933 0.067 0 13 hihat_closed
113.050 0.083 12 13 rumble_sub
113.167 0.083 12 13 rumble_sub
113.283 0.083 12 13 rumble_sub
113.400 0.067 3 12 snare_body
113.517 0.083 12 13 rumble_sub
113.633 0.233 11 10 kick_tight
113.867 0.067 0 13 hihat_closed
113.983 0.083 12 13 rumble_sub
114.100 0.083 12 13 rumble_sub
114.217 0.083 12 13 rumble_sub
114.333 0.067 3 12 snare_body
114.450 0.083 12 13 rumble_sub
114.567 0.067 0 13 hihat_closed
114.683 0.083 12 13 rumble_sub
114.800 0.067 0 13 hihat_closed
114.917 0.083 12 13 rumble_sub
115.033 0.083 12 13 rumble_sub
115.150 0.083 12 13 rumble_sub
115.267 0.067 3 12 snare_body
115.383 0.083 12 13 rumble_sub
115.500 0.233 11 10 kick_tight
115.733 0.067 0 13 hihat_closed
115.850 0.083 12 13 rumble_sub
115.967 0.083 12 13 rumble_sub
116.083 0.083 12 13 rumble_sub
116.200 0.067 3 12 snare_body
116.317 0.083 12 13 rumble_sub
116.433 0.067 0 13 hihat_closed
116.550 0.083 12 13 rumble_sub
116.667 0.067 0 13 hihat_closed
116.783 0.083 12 13 rumble_sub
116.900 0.083 12 13 rumble_sub
117.017 0.083 12 13 rumble_sub
117.133 0.067 3 12 snare_body
117.250 0.083 12 13 rumble_sub
117.367 0.233 11 10 kick_tight
117.600 0.067 0 13 hihat_closed
117.717 0.083 12 13 rumble_sub
117.833 0.083 12 13 rumble_sub
117.950 0.083 12 13 rumble_sub
118.067 0.067 3 12 snare_body
118.183 0.083 12 13 rumble_sub
118.300 0.067 0 13 hihat_closed
118.417 0.083 12 13 rumble_sub
118.533 0.067 0 13 hihat_closed
118.650 0.083 12 13 rumble_sub
118.767 0.083 12 13 rumble_sub
118.883 0.083 12 13 rumble_sub
119.000 0.067 3 12 snare_body
119.117 0.083 12 13 rumble_sub
119.233 0.233 11 10 kick_tight
119.467 0.067 0 13 hihat_closed
119.583 0.083 12 13 rumble_sub
119.700 0.083 12 13 rumble_sub
119.817 0.083 12 13 rumble_sub
119.933 0.067 3 12 snare_body
120.050 0.083 12 13 rumble_sub
120.167 0.067 0 13 hihat_closed
120.283 0.083 12 13 rumble_sub
120.400 0.067 0 13 hihat_closed
120.517 0.083 12 13 rumble_sub
120.633 0.083 12 13 rumble_sub
120.750 0.083 12 13 rumble_sub
120.867 0.067 3 12 snare_body
120.983 0.083 12 13 rumble_sub
121.100 0.233 11 10 kick_tight
121.333 0.067 0 13 hihat_closed
121.450 0.083 12 13 rumble_sub
121.567 0.083 12 13 rumble_sub
121.683 0.083 12 13 rumble_sub
121.800 0.067 3 12 snare_body
121.917 0.083 12 13 rumble_sub
122.033 0.067 0 13 hihat_closed
122.150 0.083 12 13 rumble_sub
122.267 0.067 0 13 hihat_closed
122.383 0.083 12 13 rumble_sub
122.500 0.083 12 13 rumble_sub
122.617 0.083 12 13 rumble_sub
122.733 0.067 3 12 snare_body
122.850 0.083 12 13 rumble_sub
122.967 0.233 11 10 kick_tight
123.200 0.067 0 13 hihat_closed
123.317 0.083 12 13 rumble_sub
123.433 0.083 12 13 rumble_sub
123.550 0.083 12 13 rumble_sub
123.667 0.067 3 12 snare_body
123.783 0.083 12 13 rumble_sub
123.900 0.067 0 13 hihat_closed
124.017 0.083 12 13 rumble_sub
124.133 0.067 0 13 hihat_closed
124.250 0.083 12 13 rumble_sub
124.367 0.083 12 13 rumble_sub
124.483 0.083 12 13 rumble_sub
124.600 0.067 3 12 snare_body
124.717 0.083 12 13 rumble_sub
124.833 0.233 11 10 kick_tight
125.067 0.067 0 13 hihat_closed
125.183 0.083 12 13 rumble_sub
125.300 0.083 12 13 rumble_sub
125.417 0.083 12 13 rumble_sub
125.533 0.067 3 12 snare_body
125.650 0.083 12 13 rumble_sub
125.767 0.067 0 13 hihat_closed
125.883 0.083 12 13 rumble_sub
126.000 0.067 0 13 hihat_closed
126.117 0.083 12 13 rumble_sub
126.233 0.083 12 13 rumble_sub
126.350 0.083 12 13 rumble_sub
126.467 0.067 3 12 snare_body
126.583 0.083 12 13 rumble_sub
126.700 0.233 11 10 kick_tight
126.933 0.067 0 13 hihat_closed
127.050 0.083 12 13 rumble_sub
127.167 0.083 12 13 rumble_sub
127.283 0.083 12 13 rumble_sub
127.400 0.067 3 12 snare_body
127.517 0.083 12 13 rumble_sub
127.633 0.067 0 13 hihat_closed
127.750 0.083 12 13 rumble_sub
127.867 0.067 0 13 hihat_closed
127.983 0.083 12 13 rumble_sub
128.100 0.083 12 13 rumble_sub
128.217 0.083 12 13 rumble_sub
128.333 0.067 3 12 snare_body
128.450 0.083 12 13 rumble_sub
128.567 0.233 11 10 kick_tight
128.800 0.067 0 13 hihat_closed
128.917 0.083 12 13 rumble_sub
129.033 0.083 12 13 rumble_sub
129.150 0.083 12 13 rumble_sub
129.267 0.067 3 12 snare_body
129.383 0.083 12 13 rumble_sub
129.500 0.067 0 13 hihat_closed
129.617 0.083 12 13 rumble_sub
129.733 0.067 0 13 hihat_closed
129.850 0.083 12 13 rumble_sub
129.967 0.083 12 13 rumble_sub
130.083 0.083 12 13 rumble_sub
130.200 0.067 3 12 snare_body
130.317 0.083 12 13 rumble_sub
130.433 0.233 11 10 kick_tight
130.667 0.067 0 13 hihat_closed
130.783 0.083 12 13 rumble_sub
130.900 0.083 12 13 rumble_sub
131.017 0.083 12 13 rumble_sub
131.133 0.067 3 12 snare_body
131.250 0.083 12 13 rumble_sub
131.367 0.067 0 13 hihat_closed
131.483 0.083 12 13 rumble_sub
131.600 0.067 0 13 hihat_closed
131.717 0.083 12 13 rumble_sub
131.833 0.083 12 13 rumble_sub
131.950 0.083 12 13 rumble_sub
132.067 0.067 3 12 snare_body
132.183 0.083 12 13 rumble_sub
132.300 0.233 11 10 kick_tight
132.533 0.067 0 13 hihat_closed
132.650 0.083 12 13 rumble_sub
132.767 0.083 12 13 rumble_sub
132.883 0.083 12 13 rumble_sub
133.000 0.067 3 12 snare_body
133.117 0.083 12 13 rumble_sub
133.233 0.067 0 13 hihat_closed
133.350 0.083 12 13 rumble_sub
133.467 0.067 0 13 hihat_closed
133.583 0.083 12 13 rumble_sub
133.700 0.083 12 13 rumble_sub
133.817 0.083 12 13 rumble_sub
133.933 0.067 3 12 snare_body
134.050 0.083 12 13 rumble_sub
134.167 0.233 11 10 kick_tight
134.400 0.067 0 13 hihat_closed
134.517 0.083 12 13 rumble_sub
134.633 0.083 12 13 rumble_sub
134.750 0.083 12 13 rumble_sub
134.867 0.067 3 12 snare_body
134.983 0.083 12 13 rumble_sub
135.100 0.067 0 13 hihat_closed
135.217 0.083 12 13 rumble_sub
135.333 0.067 0 13 hihat_closed
135.450 0.083 12 13 rumble_sub
135.567 0.083 12 13 rumble_sub
135.683 0.083 12 13 rumble_sub
135.800 0.067 3 12 snare_body
135.917 0.083 12 13 rumble_sub
136.033 0.233 11 10 kick_tight
136.267 0.067 0 13 hihat_closed
136.383 0.083 12 13 rumble_sub
136.500 0.083 12 13 rumble_sub
136.617 0.083 12 13 rumble_sub
136.733 0.067 3 12 snare_body
136.850 0.083 12 13 rumble_sub
136.967 0.067 0 13 hihat_closed
137.083 0.083 12 13 rumble_sub
137.200 0.067 0 13 hihat_closed
137.317 0.083 12 13 rumble_sub
137.433 0.083 12 13 rumble_sub
137.550 0.083 12 13 rumble_sub
137.667 0.067 3 12 snare_body
137.783 0.083 12 13 rumble_sub
137.900 0.233 11 10 kick_tight
138.133 0.067 0 13 hihat_closed
138.250 0.083 12 13 rumble_sub
138.367 0.083 12 13 rumble_sub
138.483 0.083 12 13 rumble_sub
138.600 0.067 3 12 snare_body
138.717 0.083 12 13 rumble_sub
138.833 0.067 0 13 hihat_closed
138.950 0.083 12 13 rumble_sub
139.067 0.067 0 13 hihat_closed
139.183 0.083 12 13 rumble_sub
139.300 0.083 12 13 rumble_sub
139.417 0.083 12 13 rumble_sub
139.533 0.067 3 12 snare_body
139.650 0.083 12 13 rumble_sub
139.767 0.233 11 10 kick_tight
140.000 0.067 0 13 hihat_closed
140.117 0.083 12 13 rumble_sub
140.233 0.083 12 13 rumble_sub
140.350 0.083 12 13 rumble_sub
140.467 0.067 3 12 snare_body
140.583 0.083 12 13 rumble_sub
140.700 0.067 0 13 hihat_closed
140.817 0.083 12 13 rumble_sub
140.933 0.067 0 13 hihat_closed
141.050 0.083 12 13 rumble_sub
141.167 0.083 12 13 rumble_sub
141.283 0.083 12 13 rumble_sub
141.400 0.067 3 12 snare_body
141.517 0.083 12 13 rumble_sub
141.633 0.233 11 10 kick_tight
141.867 0.067 0 13 hihat_closed
141.983 0.083 12 13 rumble_sub
142.100 0.083 12 13 rumble_sub
142.217 0.083 12 13 rumble_sub
142.333 0.067 3 12 snare_body
142.450 0.083 12 13 rumble_sub
142.567 0.067 0 13 hihat_closed
142.683 0.083 12 13 rumble_sub
142.800 0.067 0 13 hihat_closed
142.917 0.083 12 13 rumble_sub
143.033 0.083 12 13 rumble_sub
143.150 0.083 12 13 rumble_sub
143.267 0.067 3 12 snare_body
143.383 0.083 12 13 rumble_sub
143.500 0.233 11 10 kick_tight
143.733 0.067 0 13 hihat_closed
143.850 0.083 12 13 rumble_sub
143.967 0.083 12 13 rumble_sub
144.083 0.083 12 13 rumble_sub
144.200 0.067 3 12 snare_body
144.317 0.083 12 13 rumble_sub
144.433 0.067 0 13 hihat_closed
144.550 0.083 12 13 rumble_sub
144.667 0.067 0 13 hihat_closed
144.783 0.083 12 13 rumble_sub
144.900 0.083 12 13 rumble_sub
145.017 0.083 12 13 rumble_sub
145.133 0.067 3 12 snare_body
145.250 0.083 12 13 rumble_sub
145.367 0.233 11 10 kick_tight
145.600 0.067 0 13 hihat_closed
145.717 0.083 12 13 rumble_sub
145.833 0.083 12 13 rumble_sub
145.950 0.083 12 13 rumble_sub
146.067 0.067 3 12 snare_body
146.183 0.083 12 13 rumble_sub
146.300 0.067 0 13 hihat_closed
146.417 0.083 12 13 rumble_sub
146.533 0.067 0 13 hihat_closed
146.650 0.083 12 13 rumble_sub
146.767 0.083 12 13 rumble_sub
146.883 0.083 12 13 rumble_sub
147.000 0.067 3 12 snare_body
147.117 0.083 12 13 rumble_sub
147.233 0.233 11 10 kick_tight
147.467 0.067 0 13 hihat_closed
147.583 0.083 12 13 rumble_sub
147.700 0.083 12 13 rumble_sub
147.817 0.083 12 13 rumble_sub
147.933 0.067 3 12 snare_body
148.050 0.083 12 13 rumble_sub
148.167 0.067 0 13 hihat_closed
148.283 0.083 12 13 rumble_sub
148.400 0.067 0 13 hihat_closed
148.517 0.083 12 13 rumble_sub
148.633 0.083 12 13 rumble_sub
148.750 0.083 12 13 rumble_sub
148.867 0.067 3 12 snare_body
148.983 0.083 12 13 rumble_sub
149.100 0.233 11 10 kick_tight
149.333 0.067 0 13 hihat_closed
149.450 0.083 12 13 rumble_sub
149.567 0.083 12 13 rumble_sub
149.683 0.083 12 13 rumble_sub
149.800 0.067 3 12 snare_body
149.917 0.083 12 13 rumble_sub
150.033 0.067 0 13 hihat_closed
150.150 0.083 12 13 rumble_sub
150.267 0.067 0 13 hihat_closed
150.383 0.083 12 13 rumble_sub
150.500 0.083 12 13 rumble_sub
150.617 0.083 12 13 rumble_sub
150.733 0.067 3 12 snare_body
150.850 0.083 12 13 rumble_sub
150.967 0.233 11 10 kick_tight
151.200 0.067 0 13 hihat_closed
151.317 0.083 12 13 rumble_sub
151.433 0.083 12 13 rumble_sub
151.550 0.083 12 13 rumble_sub
151.667 0.067 3 12 snare_body
151.783 0.083 12 13 rumble_sub
151.900 0.067 0 13 hihat_closed
152.017 0.083 12 13 rumble_sub
152.133 0.067 0 13 hihat_closed
152.250 0.083 12 13 rumble_sub
152.367 0.083 12 13 rumble_sub
152.483 0.083 12 13 rumble_sub
152.600 0.067 3 12 snare_body
152.717 0.083 12 13 rumble_sub
152.833 0.233 11 10 kick_tight
153.067 0.067 0 13 hihat_closed
153.183 0.083 12 13 rumble_sub
153.300 0.083 12 13 rumble_sub
153.417 0.083 12 13 rumble_sub
153.533 0.067 3 12 snare_body
153.650 0.083 12 13 rumble_sub
153.767 0.067 0 13 hihat_closed
153.883 0.083 12 13 rumble_sub
154.000 0.067 0 13 hihat_closed
154.117 0.083 12 13 rumble_sub
154.233 0.083 12 13 rumble_sub
154.350 0.083 12 13 rumble_sub
154.467 0.067 3 12 snare_body
154.583 0.083 12 13 rumble_sub
154.700 0.233 11 10 kick_tight
154.933 0.067 0 13 hihat_closed
155.050 0.083 12 13 rumble_sub
155.167 0.083 12 13 rumble_sub
155.283 0.083 12 13 rumble_sub
155.400 0.067 3 12 snare_body
155.517 0.083 12 13 rumble_sub
155.633 0.067 0 13 hihat_closed
155.750 0.083 12 13 rumble_sub
155.867 0.067 0 13 hihat_closed
155.983 0.083 12 13 rumble_sub
156.100 0.083 12 13 rumble_sub
156.217 0.083 12 13 rumble_sub
156.333 0.067 3 12 snare_body
156.450 0.083 12 13 rumble_sub
156.567 0.233 11 10 kick_tight
156.800 0.067 0 13 hihat_closed
156.917 0.083 12 13 rumble_sub
157.033 0.083 12 13 rumble_sub
157.150 0.083 12 13 rumble_sub
157.267 0.067 3 12 snare_body
157.383 0.083 12 13 rumble_sub
157.500 0.067 0 13 hihat_closed
157.617 0.083 12 13 rumble_sub
157.733 0.067 0 13 hihat_closed
157.850 0.083 12 13 rumble_sub
157.967 0.083 12 13 rumble_sub
158.083 0.083 12 13 rumble_sub
158.200 0.067 3 12 snare_body
158.317 0.083 12 13 rumble_sub
158.433 0.233 11 10 kick_tight
158.667 0.067 0 13 hihat_closed
158.783 0.083 12 13 rumble_sub
158.900 0.083 12 13 rumble_sub
159.017 0.083 12 13 rumble_sub
159.133 0.067 3 12 snare_body
159.250 0.083 12 13 rumble_sub
159.367 0.067 0 13 hihat_closed
159.483 0.083 12 13 rumble_sub
159.600 0.067 0 13 hihat_closed
159.717 0.083 12 13 rumble_sub
159.833 0.083 12 13 rumble_sub
159.950 0.083 12 13 rumble_sub
160.067 0.067 3 12 snare_body
160.183 0.083 12 13 rumble_sub
160.300 0.233 11 10 kick_tight
160.533 0.067 0 13 hihat_closed
160.650 0.083 12 13 rumble_sub
160.767 0.083 12 13 rumble_sub
160.883 0.083 12 13 rumble_sub
161.000 0.067 3 12 snare_body
161.117 0.083 12 13 rumble_sub
161.233 0.067 0 13 hihat_closed
161.350 0.083 12 13 rumble_sub
161.467 0.067 0 13 hihat_closed
161.583 0.083 12 13 rumble_sub
161.700 0.083 12 13 rumble_sub
161.817 0.083 12 13 rumble_sub
161.933 0.067 3 12 snare_body
162.050 0.083 12 13 rumble_sub
162.167 0.233 11 10 kick_tight
162.400 0.067 0 13 hihat_closed
162.517 0.083 12 13 rumble_sub
162.633 0.083 12 13 rumble_sub
162.750 0.083 12 13 rumble_sub
162.867 0.067 3 12 snare_body
162.983 0.083 12 13 rumble_sub
163.100 0.067 0 13 hihat_closed
163.217 0.083 12 13 rumble_sub
163.333 0.067 0 13 hihat_closed
163.450 0.083 12 13 rumble_sub
163.567 0.083 12 13 rumble_sub
163.683 0.083 12 13 rumble_sub
163.800 0.067 3 12 snare_body
163.917 0.083 12 13 rumble_sub
164.033 0.233 11 10 kick_tight
164.267 0.067 0 13 hihat_closed
164.383 0.083 12 13 rumble_sub
164.500 0.083 12 13 rumble_sub
164.617 0.083 12 13 rumble_sub
164.733 0.067 3 12 snare_body
164.850 0.083 12 13 rumble_sub
164.967 0.067 0 13 hihat_closed
165.083 0.083 12 13 rumble_sub
165.200 0.067 0 13 hihat_closed
165.317 0.083 12 13 rumble_sub
165.433 0.083 12 13 rumble_sub
165.550 0.083 12 13 rumble_sub
165.667 0.067 3 12 snare_body
165.783 0.083 12 13 rumble_sub
165.900 0.233 11 10 kick_tight
166.133 0.067 0 13 hihat_closed
166.250 0.083 12 13 rumble_sub
166.367 0.083 12 13 rumble_sub
166.483 0.083 12 13 rumble_sub
166.600 0.067 3 12 snare_body
166.717 0.083 12 13 rumble_sub
166.833 0.067 0 13 hihat_closed
166.950 0.083 12 13 rumble_sub
167.067 0.067 0 13 hihat_closed
167.183 0.083 12 13 rumble_sub
167.300 0.083 12 13 rumble_sub
167.417 0.083 12 13 rumble_sub
167.533 0.067 3 12 snare_body
167.650 0.083 12 13 rumble_sub
167.767 0.233 11 10 kick_tight
168.000 0.067 0 13 hihat_closed
168.117 0.083 12 13 rumble_sub
168.233 0.083 12 13 rumble_sub
168.350 0.083 12 13 rumble_sub
168.467 0.067 3 12 snare_body
168.583 0.083 12 13 rumble_sub
168.700 0.067 0 13 hihat_closed
168.817 0.083 12 13 rumble_sub
168.933 0.067 0 13 hihat_closed
169.050 0.083 12 13 rumble_sub
169.167 0.083 12 13 rumble_sub
169.283 0.083 12 13 rumble_sub
169.400 0.067 3 12 snare_body
169.517 0.083 12 13 rumble_sub
169.633 0.233 11 10 kick_tight
169.867 0.067 0 13 hihat_closed
169.983 0.083 12 13 rumble_sub
170.100 0.083 12 13 rumble_sub
170.217 0.083 12 13 rumble_sub
170.333 0.067 3 12 snare_body
170.450 0.083 12 13 rumble_sub
170.567 0.067 0 13 hihat_closed
170.683 0.083 12 13 rumble_sub
170.800 0.067 0 13 hihat_closed
170.917 0.083 12 13 rumble_sub
171.033 0.083 12 13 rumble_sub
171.150 0.083 12 13 rumble_sub
171.267 0.067 3 12 snare_body
171.383 0.083 12 13 rumble_sub
171.500 0.233 11 10 kick_tight
171.733 0.067 0 13 hihat_closed
171.850 0.083 12 13 rumble_sub
171.967 0.083 12 13 rumble_sub
172.083 0.083 12 13 rumble_sub
172.200 0.067 3 12 snare_body
172.317 0.083 12 13 rumble_sub
172.433 0.067 0 13 hihat_closed
172.550 0.083 12 13 rumble_sub
172.667 0.067 0 13 hihat_closed
172.783 0.083 12 13 rumble_sub
172.900 0.083 12 13 rumble_sub
173.017 0.083 12 13 rumble_sub
173.133 0.067 3 12 snare_body
173.250 0.083 12 13 rumble_sub
173.367 0.233 11 10 kick_tight
173.600 0.067 0 13 hihat_closed
173.717 0.083 12 13 rumble_sub
173.833 0.083 12 13 rumble_sub
173.950 0.083 12 13 rumble_sub
174.067 0.067 3 12 snare_body
174.183 0.083 12 13 rumble_sub
174.300 0.067 0 13 hihat_closed
174.417 0.083 12 13 rumble_sub
174.533 0.067 0 13 hihat_closed
174.650 0.083 12 13 rumble_sub
174.767 0.083 12 13 rumble_sub
174.883 0.083 12 13 rumble_sub
175.000 0.067 3 12 snare_body
175.117 0.083 12 13 rumble_sub
175.233 0.233 11 10 kick_tight
175.467 0.067 0 13 hihat_closed
175.583 0.083 12 13 rumble_sub
175.700 0.083 12 13 rumble_sub
175.817 0.083 12 13 rumble_sub
175.933 0.067 3 12 snare_body
176.050 0.083 12 13 rumble_sub
176.167 0.067 0 13 hihat_closed
176.283 0.083 12 13 rumble_sub
176.400 0.067 0 13 hihat_closed
176.517 0.083 12 13 rumble_sub
176.633 0.083 12 13 rumble_sub
176.750 0.083 12 13 rumble_sub
176.867 0.067 3 12 snare_body
176.983 0.083 12 13 rumble_sub
177.100 0.233 11 10 kick_tight
177.333 0.067 0 13 hihat_closed
177.450 0.083 12 13 rumble_sub
177.567 0.083 12 13 rumble_sub
177.683 0.083 12 13 rumble_sub
177.800 0.067 3 12 snare_body
177.917 0.083 12 13 rumble_sub
178.033 0.067 0 13 hihat_closed
178.150 0.083 12 13 rumble_sub
178.267 0.067 0 13 hihat_closed
178.383 0.083 12 13 rumble_sub
178.500 0.083 12 13 rumble_sub
178.617 0.083 12 13 rumble_sub
178.733 0.067 3 12 snare_body
178.850 0.083 12 13 rumble_sub
178.967 0.233 11 10 kick_tight
179.200 0.067 0 13 hihat_closed
179.317 0.083 12 13 rumble_sub
179.433 0.083 12 13 rumble_sub
179.550 0.083 12 13 rumble_sub
179.667 0.067 3 12 snare_body
179.783 0.083 12 13 rumble_sub
179.900 0.067 0 13 hihat_closed
180.017 0.083 12 13 rumble_sub
180.133 0.067 0 13 hihat_closed
180.250 0.083 12 13 rumble_sub
180.367 0.083 12 13 rumble_sub
180.483 0.083 12 13 rumble_sub
180.600 0.067 3 12 snare_body
180.717 0.083 12 13 rumble_sub
180.833 0.233 11 10 kick_tight
181.067 0.067 0 13 hihat_closed
181.183 0.083 12 13 rumble_sub
181.300 0.083 12 13 rumble_sub
181.417 0.083 12 13 rumble_sub
181.533 0.067 3 12 snare_body
181.650 0.083 12 13 rumble_sub
181.767 0.067 0 13 hihat_closed
181.883 0.083 12 13 rumble_sub
182.000 0.067 0 13 hihat_closed
182.117 0.083 12 13 rumble_sub
182.233 0.083 12 13 rumble_sub
182.350 0.083 12 13 rumble_sub
182.467 0.067 3 12 snare_body
182.583 0.083 12 13 rumble_sub
182.700 0.233 11 10 kick_tight
182.933 0.067 0 13 hihat_closed
183.050 0.083 12 13 rumble_sub
183.167 0.083 12 13 rumble_sub
183.283 0.083 12 13 rumble_sub
183.400 0.067 3 12 snare_body
183.517 0.083 12 13 rumble_sub
183.633 0.067 0 13 hihat_closed
183.750 0.083 12 13 rumble_sub
183.867 0.067 0 13 hihat_closed
183.983 0.083 12 13 rumble_sub
184.100 0.083 12 13 rumble_sub
184.217 0.083 12 13 rumble_sub
184.333 0.067 3 12 snare_body
184.450 0.083 12 13 rumble_sub
184.567 0.233 11 10 kick_tight
184.800 0.067 0 13 hihat_closed
184.917 0.083 12 13 rumble_sub
185.033 0.083 12 13 rumble_sub
185.150 0.083 12 13 rumble_sub
185.267 0.067 3 12 snare_body
185.383 0.083 12 13 rumble_sub
185.500 0.067 0 13 hihat_closed
185.617 0.083 12 13 rumble_sub
185.733 0.067 0 13 hihat_closed
185.850 0.083 12 13 rumble_sub
185.967 0.083 12 13 rumble_sub
186.083 0.083 12 13 rumble_sub
186.200 0.067 3 12 snare_body
186.317 0.083 12 13 rumble_sub
186.433 0.233 11 10 kick_tight
186.667 0.067 0 13 hihat_closed
186.783 0.083 12 13 rumble_sub
186.900 0.083 12 13 rumble_sub
187.017 0.083 12 13 rumble_sub
187.133 0.067 3 12 snare_body
187.250 0.083 12 13 rumble_sub
187.367 0.067 0 13 hihat_closed
187.483 0.083 12 13 rumble_sub
187.600 0.067 0 13 hihat_closed
187.717 0.083 12 13 rumble_sub
187.833 0.083 12 13 rumble_sub
187.950 0.083 12 13 rumble_sub
188.067 0.067 3 12 snare_body
188.183 0.083 12 13 rumble_sub
188.300 0.233 11 10 kick_tight
188.533 0.067 0 13 hihat_closed
188.650 0.083 12 13 rumble_sub
188.767 0.083 12 13 rumble_sub
188.883 0.083 12 13 rumble_sub
189.000 0.067 3 12 snare_body
189.117 0.083 12 13 rumble_sub
189.233 0.067 0 13 hihat_closed
189.350 0.083 12 13 rumble_sub
189.467 0.067 0 13 hihat_closed
189.583 0.083 12 13 rumble_sub
189.700 0.083 12 13 rumble_sub
189.817 0.083 12 13 rumble_sub
189.933 0.067 3 12 snare_body
190.050 0.083 12 13 rumble_sub
190.167 0.233 11 10 kick_tight
190.400 0.067 0 13 hihat_closed
190.517 0.083 12 13 rumble_sub
190.633 0.083 12 13 rumble_sub
190.750 0.083 12 13 rumble_sub
190.867 0.067 3 12 snare_body
190.983 0.083 12 13 rumble_sub
191.100 0.067 0 13 hihat_closed
191.217 0.083 12 13 rumble_sub
191.333 0.067 0 13 hihat_closed
191.450 0.083 12 13 rumble_sub
191.567 0.083 12 13 rumble_sub
191.683 0.083 12 13 rumble_sub
191.800 0.067 3 12 snare_body
191.917 0.083 12 13 rumble_sub
192.033 0.233 11 10 kick_tight
192.267 0.067 0 13 hihat_closed
192.383 0.083 12 13 rumble_sub
192.500 0.083 12 13 rumble_sub
192.617 0.083 12 13 rumble_sub
192.733 0.067 3 12 snare_body
192.850 0.083 12 13 rumble_sub
192.967 0.067 0 13 hihat_closed
193.083 0.083 12 13 rumble_sub
193.200 0.067 0 13 hihat_closed
193.317 0.083 12 13 rumble_sub
193.433 0.083 12 13 rumble_sub
193.550 0.083 12 13 rumble_sub
193.667 0.067 3 12 snare_body
193.783 0.083 12 13 rumble_sub
193.900 0.233 11 10 kick_tight
194.133 0.067 0 13 hihat_closed
194.250 0.083 12 13 rumble_sub
194.367 0.083 12 13 rumble_sub
194.483 0.083 12 13 rumble_sub
194.600 0.067 3 12 snare_body
194.717 0.083 12 13 rumble_sub
194.833 0.067 0 13 hihat_closed
194.950 0.083 12 13 rumble_sub
195.067 0.067 0 13 hihat_closed
195.183 0.083 12 13 rumble_sub
195.300 0.083 12 13 rumble_sub
195.417 0.083 12 13 rumble_sub
195.533 0.067 3 12 snare_body
195.650 0.083 12 13 rumble_sub
195.767 0.233 11 10 kick_tight
196.000 0.067 0 13 hihat_closed
196.117 0.083 12 13 rumble_sub
196.233 0.083 12 13 rumble_sub
196.350 0.083 12 13 rumble_sub
196.467 0.067 3 12 snare_body
196.583 0.083 12 13 rumble_sub
196.700 0.067 0 13 hihat_closed
196.817 0.083 12 13 rumble_sub
196.933 0.067 0 13 hihat_closed
197.050 0.083 12 13 rumble_sub
197.167 0.083 12 13 rumble_sub
197.283 0.083 12 13 rumble_sub
197.400 0.067 3 12 snare_body
197.517 0.083 12 13 rumble_sub
197.633 0.233 11 10 kick_tight
197.867 0.067 0 13 hihat_closed
197.983 0.083 12 13 rumble_sub
198.100 0.083 12 13 rumble_sub
198.217 0.083 12 13 rumble_sub
198.333 0.067 3 12 snare_body
198.450 0.083 12 13 rumble_sub
198.567 0.067 0 13 hihat_closed
198.683 0.083 12 13 rumble_sub
198.800 0.067 0 13 hihat_closed
198.917 0.083 12 13 rumble_sub
199.033 0.083 12 13 rumble_sub
199.150 0.083 12 13 rumble_sub
199.267 0.067 3 12 snare_body
199.383 0.083 12 13 rumble_sub
199.500 0.233 11 10 kick_tight
199.733 0.067 0 13 hihat_closed
199.850 0.083 12 13 rumble_sub
199.967 0.083 12 13 rumble_sub
200.083 0.083 12 13 rumble_sub
200.200 0.067 3 12 snare_body
200.317 0.083 12 13 rumble_sub
200.433 0.067 0 13 hihat_closed
200.550 0.083 12 13 rumble_sub
200.667 0.067 0 13 hihat_closed
200.783 0.083 12 13 rumble_sub
200.900 0.083 12 13 rumble_sub
201.017 0.083 12 13 rumble_sub
201.133 0.067 3 12 snare_body
201.250 0.083 12 13 rumble_sub
201.367 0.233 11 10 kick_tight
201.600 0.067 0 13 hihat_closed
201.717 0.083 12 13 rumble_sub
201.833 0.083 12 13 rumble_sub
201.950 0.083 12 13 rumble_sub
202.067 0.067 3 12 snare_body
202.183 0.083 12 13 rumble_sub
202.300 0.067 0 13 hihat_closed
202.417 0.083 12 13 rumble_sub
202.533 0.067 0 13 hihat_closed
202.650 0.083 12 13 rumble_sub
202.767 0.083 12 13 rumble_sub
202.883 0.083 12 13 rumble_sub
203.000 0.067 3 12 snare_body
203.117 0.083 12 13 rumble_sub
203.233 0.233 11 10 kick_tight
203.467 0.067 0 13 hihat_closed
203.583 0.083 12 13 rumble_sub
203.700 0.083 12 13 rumble_sub
203.817 0.083 12 13 rumble_sub
203.933 0.067 3 12 snare_body
204.050 0.083 12 13 rumble_sub
204.167 0.067 0 13 hihat_closed
204.283 0.083 12 13 rumble_sub
204.400 0.067 0 13 hihat_closed
204.517 0.083 12 13 rumble_sub
204.633 0.083 12 13 rumble_sub
204.750 0.083 12 13 rumble_sub
204.867 0.067 3 12 snare_body
204.983 0.083 12 13 rumble_sub
205.100 0.233 11 10 kick_tight
205.333 0.067 0 13 hihat_closed
205.450 0.083 12 13 rumble_sub
205.567 0.083 12 13 rumble_sub
205.683 0.083 12 13 rumble_sub
205.800 0.067 3 12 snare_body
205.917 0.083 12 13 rumble_sub
206.033 0.067 0 13 hihat_closed
206.150 0.083 12 13 rumble_sub
206.267 0.067 0 13 hihat_closed
206.383 0.083 12 13 rumble_sub
206.500 0.083 12 13 rumble_sub
206.617 0.083 12 13 rumble_sub
206.733 0.067 3 12 snare_body
206.850 0.083 12 13 rumble_sub
206.967 0.233 11 10 kick_tight
207.200 0.067 0 13 hihat_closed
207.317 0.083 12 13 rumble_sub
207.433 0.083 12 13 rumble_sub
207.550 0.083 12 13 rumble_sub
207.667 0.067 3 12 snare_body
207.783 0.083 12 13 rumble_sub
207.900 0.067 0 13 hihat_closed
208.017 0.083 12 13 rumble_sub
208.133 0.067 0 13 hihat_closed
208.250 0.083 12 13 rumble_sub
208.367 0.083 12 13 rumble_sub
208.483 0.083 12 13 rumble_sub
208.600 0.067 3 12 snare_body
208.717 0.083 12 13 rumble_sub
208.833 0.233 11 10 kick_tight
209.067 0.067 0 13 hihat_closed
209.183 0.083 12 13 rumble_sub
209.300 0.083 12 13 rumble_sub
209.417 0.083 12 13 rumble_sub
209.533 0.067 3 12 snare_body
209.650 0.083 12 13 rumble_sub
209.767 0.067 0 13 hihat_closed
209.883 0.083 12 13 rumble_sub
210.000 0.067 0 13 hihat_closed
210.117 0.083 12 13 rumble_sub
210.233 0.083 12 13 rumble_sub
210.350 0.083 12 13 rumble_sub
210.467 0.067 3 12 snare_body
210.583 0.083 12 13 rumble_sub
210.700 BEGIN_CYCLE
210.700 0.233 11 10 kick_tight
210.933 0.067 0 13 hihat_closed
211.050 0.083 12 13 rumble_sub
211.167 0.083 12 13 rumble_sub
211.283 0.083 12 13 rumble_sub
211.400 0.067 3 12 snare_body
211.517 0.083 12 13 rumble_sub
211.633 0.067 0 13 hihat_closed
211.750 0.083 12 13 rumble_sub
211.867 0.067 0 13 hihat_closed
211.983 0.083 12 13 rumble_sub
212.100 0.083 12 13 rumble_sub
212.217 0.083 12 13 rumble_sub
212.333 0.067 3 12 snare_body
212.450 0.083 12 13 rumble_sub
212.567 0.233 11 10 kick_tight
212.800 0.067 0 13 hihat_closed
212.917 0.083 12 13 rumble_sub
213.033 0.083 12 13 rumble_sub
213.150 0.083 12 13 rumble_sub
213.267 0.067 3 12 snare_body
213.383 0.083 12 13 rumble_sub
213.500 0.067 0 13 hihat_closed
213.617 0.083 12 13 rumble_sub
213.733 0.067 0 13 hihat_closed
213.850 0.083 12 13 rumble_sub
213.967 0.083 12 13 rumble_sub
214.083 0.083 12 13 rumble_sub
214.200 0.067 3 12 snare_body
214.317 0.083 12 13 rumble_sub
214.433 0.233 11 10 kick_tight
214.667 0.067 0 13 hihat_closed
214.783 0.083 12 13 rumble_sub
214.900 0.083 12 13 rumble_sub
215.017 0.083 12 13 rumble_sub
215.133 0.067 3 12 snare_body
215.250 0.083 12 13 rumble_sub
215.367 0.067 0 13 hihat_closed
215.483 0.083 12 13 rumble_sub
215.600 0.067 0 13 hihat_closed
215.717 0.083 12 13 rumble_sub
215.833 0.083 12 13 rumble_sub
215.950 0.083 12 13 rumble_sub
216.067 0.067 3 12 snare_body
216.183 0.083 12 13 rumble_sub
216.300 0.233 11 10 kick_tight
216.533 0.067 0 13 hihat_closed
216.650 0.083 12 13 rumble_sub
216.767 0.083 12 13 rumble_sub
216.883 0.083 12 13 rumble_sub
217.000 0.067 3 12 snare_body
217.117 0.083 12 13 rumble_sub
217.233 0.067 0 13 hihat_closed
217.350 0.083 12 13 rumble_sub
217.467 0.067 0 13 hihat_closed
217.583 0.083 12 13 rumble_sub
217.700 0.083 12 13 rumble_sub
217.817 0.083 12 13 rumble_sub
217.933 0.067 3 12 snare_body
218.050 0.083 12 13 rumble_sub
218.167 0.233 11 10 kick_tight
218.400 0.067 0 13 hihat_closed
218.517 0.083 12 13 rumble_sub
218.633 0.083 12 13 rumble_sub
218.750 0.083 12 13 rumble_sub
218.867 0.067 3 12 snare_body
218.983 0.083 12 13 rumble_sub
219.100 0.067 0 13 hihat_closed
219.217 0.083 12 13 rumble_sub
219.333 0.067 0 13 hihat_closed
219.450 0.083 12 13 rumble_sub
219.567 0.083 12 13 rumble_sub
219.683 0.083 12 13 rumble_sub
219.800 0.067 3 12 snare_body
219.917 0.083 12 13 rumble_sub
220.033 0.233 11 10 kick_tight
220.267 0.067 0 13 hihat_closed
220.383 0.083 12 13 rumble_sub
220.500 0.083 12 13 rumble_sub
220.617 0.083 12 13 rumble_sub
220.733 0.067 3 12 snare_body
220.850 0.083 12 13 rumble_sub
220.967 0.067 0 13 hihat_closed
221.083 0.083 12 13 rumble_sub
221.200 0.067 0 13 hihat_closed
221.317 0.083 12 13 rumble_sub
221.433 0.083 12 13 rumble_sub
221.550 0.083 12 13 rumble_sub
221.667 0.067 3 12 snare_body
221.783 0.083 12 13 rumble_sub
221.900 0.233 11 10 kick_tight
222.133 0.067 0 13 hihat_closed
222.250 0.083 12 13 rumble_sub
222.367 0.083 12 13 rumble_sub
222.483 0.083 12 13 rumble_sub
222.600 0.067 3 12 snare_body
222.717 0.083 12 13 rumble_sub
222.833 0.067 0 13 hihat_closed
222.950 0.083 12 13 rumble_sub
223.067 0.067 0 13 hihat_closed
223.183 0.083 12 13 rumble_sub
223.300 0.083 12 13 rumble_sub
223.417 0.083 12 13 rumble_sub
223.533 0.067 3 12 snare_body
223.650 0.083 12 13 rumble_sub
223.767 0.233 11 10 kick_tight
224.000 0.067 0 13 hihat_closed
224.117 0.083 12 13 rumble_sub
224.233 0.083 12 13 rumble_sub
224.350 0.083 12 13 rumble_sub
224.467 0.067 3 12 snare_body
224.583 0.083 12 13 rumble_sub
224.700 0.067 0 13 hihat_closed
224.817 0.083 12 13 rumble_sub
224.933 0.067 0 13 hihat_closed
225.050 0.083 12 13 rumble_sub
225.167 0.083 12 13 rumble_sub
225.283 0.083 12 13 rumble_sub
225.400 0.067 3 12 snare_body
225.517 0.083 12 13 rumble_sub
225.633 0.233 11 10 kick_tight
225.867 0.067 0 13 hihat_closed
225.983 0.083 12 13 rumble_sub
226.100 0.083 12 13 rumble_sub
226.217 0.083 12 13 rumble_sub
226.333 0.067 3 12 snare_body
226.450 0.083 12 13 rumble_sub
226.567 0.067 0 13 hihat_closed
226.683 0.083 12 13 rumble_sub
226.800 0.067 0 13 hihat_closed
226.917 0.083 12 13 rumble_sub
227.033 0.083 12 13 rumble_sub
227.150 0.083 12 13 rumble_sub
227.267 0.067 3 12 snare_body
227.383 0.083 12 13 rumble_sub
227.500 0.233 11 10 kick_tight
227.733 0.067 0 13 hihat_closed
227.850 0.083 12 13 rumble_sub
227.967 0.083 12 13 rumble_sub
228.083 0.083 12 13 rumble_sub
228.200 0.067 3 12 snare_body
228.317 0.083 12 13 rumble_sub
228.433 0.067 0 13 hihat_closed
228.550 0.083 12 13 rumble_sub
228.667 0.067 0 13 hihat_closed
228.783 0.083 12 13 rumble_sub
228.900 0.083 12 13 rumble_sub
229.017 0.083 12 13 rumble_sub
229.133 0.067 3 12 snare_body
229.250 0.083 12 13 rumble_sub
229.367 0.233 11 10 kick_tight
229.600 0.067 0 13 hihat_closed
229.717 0.083 12 13 rumble_sub
229.833 0.083 12 13 rumble_sub
229.950 0.083 12 13 rumble_sub
230.067 0.067 3 12 snare_body
230.183 0.083 12 13 rumble_sub
230.300 0.067 0 13 hihat_closed
230.417 0.083 12 13 rumble_sub
230.533 0.067 0 13 hihat_closed
230.650 0.083 12 13 rumble_sub
230.767 0.083 12 13 rumble_sub
230.883 0.083 12 13 rumble_sub
231.000 0.067 3 12 snare_body
231.117 0.083 12 13 rumble_sub
231.233 0.233 11 10 kick_tight
231.467 0.067 0 13 hihat_closed
231.583 0.083 12 13 rumble_sub
231.700 0.083 12 13 rumble_sub
231.817 0.083 12 13 rumble_sub
231.933 0.067 3 12 snare_body
232.050 0.083 12 13 rumble_sub
232.167 0.067 0 13 hihat_closed
232.283 0.083 12 13 rumble_sub
232.400 0.067 0 13 hihat_closed
232.517 0.083 12 13 rumble_sub
232.633 0.083 12 13 rumble_sub
232.750 0.083 12 13 rumble_sub
232.867 0.067 3 12 snare_body
232.983 0.083 12 13 rumble_sub
233.100 END_CYCLE
